   4.4999999999999998E-002  0.60970150371491094        2.5529662038079124     
   4   4   4
   1   1   1   1
   1   1   1   7.43422035937E-02
   2   1   1  -1.17700467187E-02
   3   1   1  -1.37437031250E-04
   4   1   1  -1.17700467187E-02
   1   2   1   8.19446796875E-03
   2   2   1  -3.66118593750E-04
   3   2   1  -1.42060078125E-03
   4   2   1  -1.17700467187E-02
   1   3   1  -2.96895015625E-03
   2   3   1  -3.66118593750E-04
   3   3   1  -1.37437031250E-04
   4   3   1  -3.66118593750E-04
   1   4   1   8.19446796875E-03
   2   4   1  -1.17700467187E-02
   3   4   1  -1.42060078125E-03
   4   4   1  -3.66118593750E-04
   1   1   2  -1.17700467187E-02
   2   1   2  -1.42060078125E-03
   3   1   2  -3.66118593750E-04
   4   1   2   8.19446796875E-03
   1   2   2  -3.66118593750E-04
   2   2   2   3.32696796875E-03
   3   2   2  -3.66118593750E-04
   4   2   2   4.71549843750E-04
   1   3   2  -3.66118593750E-04
   2   3   2  -1.42060078125E-03
   3   3   2   2.42245703125E-03
   4   3   2  -1.17862828125E-03
   1   4   2  -1.17700467187E-02
   2   4   2  -5.07247953125E-03
   3   4   2   2.42245703125E-03
   4   4   2   4.71549843750E-04
   1   1   3  -1.37437031250E-04
   2   1   3  -3.66118593750E-04
   3   1   3  -2.96895015625E-03
   4   1   3  -3.66118593750E-04
   1   2   3  -1.42060078125E-03
   2   2   3  -3.66118593750E-04
   3   2   3  -1.17862828125E-03
   4   2   3   2.42245703125E-03
   1   3   3  -1.37437031250E-04
   2   3   3   2.42245703125E-03
   3   3   3   4.23810937500E-05
   4   3   3   2.42245703125E-03
   1   4   3  -1.42060078125E-03
   2   4   3   2.42245703125E-03
   3   4   3  -1.17862828125E-03
   4   4   3  -3.66118593750E-04
   1   1   4  -1.17700467187E-02
   2   1   4   8.19446796875E-03
   3   1   4  -3.66118593750E-04
   4   1   4  -1.42060078125E-03
   1   2   4  -1.17700467187E-02
   2   2   4   4.71549843750E-04
   3   2   4   2.42245703125E-03
   4   2   4  -5.07247953125E-03
   1   3   4  -3.66118593750E-04
   2   3   4  -1.17862828125E-03
   3   3   4   2.42245703125E-03
   4   3   4  -1.42060078125E-03
   1   4   4  -3.66118593750E-04
   2   4   4   4.71549843750E-04
   3   4   4  -3.66118593750E-04
   4   4   4   3.32696796875E-03
   1   2   1   1
   1   1   1  -2.16840434497E-19
   2   1   1   3.25260651746E-19
   3   1   1   0.00000000000E+00
   4   1   1   3.25260651746E-19
   1   2   1  -1.08420217249E-19
   2   2   1   2.43468750000E-03
   3   2   1  -2.59567500000E-04
   4   2   1  -1.71904862500E-02
   1   3   1   0.00000000000E+00
   2   3   1  -2.59567500000E-04
   3   3   1   3.68471500000E-03
   4   3   1  -2.59567500000E-04
   1   4   1  -1.08420217249E-19
   2   4   1  -1.71904862500E-02
   3   4   1  -2.59567500000E-04
   4   4   1   2.43468750000E-03
   1   1   2   1.71904862500E-02
   2   1   2   2.59567500000E-04
   3   1   2  -2.43468750000E-03
   4   1   2   3.25260651746E-19
   1   2   2   2.59567500000E-04
   2   2   2   0.00000000000E+00
   3   2   2  -2.59567500000E-04
   4   2   2   0.00000000000E+00
   1   3   2  -2.43468750000E-03
   2   3   2  -2.59567500000E-04
   3   3   2  -8.08987500000E-05
   4   3   2  -3.25260651746E-19
   1   4   2  -1.08420217249E-19
   2   4   2   0.00000000000E+00
   3   4   2   0.00000000000E+00
   4   4   2   0.00000000000E+00
   1   1   3  -3.68471500000E-03
   2   1   3   2.59567500000E-04
   3   1   3   0.00000000000E+00
   4   1   3   2.59567500000E-04
   1   2   3   2.59567500000E-04
   2   2   3   2.43468750000E-03
   3   2   3   0.00000000000E+00
   4   2   3   8.08987500000E-05
   1   3   3   0.00000000000E+00
   2   3   3  -3.25260651746E-19
   3   3   3   2.16840434497E-19
   4   3   3  -3.25260651746E-19
   1   4   3   2.59567500000E-04
   2   4   3   8.08987500000E-05
   3   4   3   0.00000000000E+00
   4   4   3   2.43468750000E-03
   1   1   4   1.71904862500E-02
   2   1   4   3.25260651746E-19
   3   1   4  -2.43468750000E-03
   4   1   4   2.59567500000E-04
   1   2   4  -1.08420217249E-19
   2   2   4   0.00000000000E+00
   3   2   4   0.00000000000E+00
   4   2   4   0.00000000000E+00
   1   3   4  -2.43468750000E-03
   2   3   4  -3.25260651746E-19
   3   3   4  -8.08987500000E-05
   4   3   4  -2.59567500000E-04
   1   4   4   2.59567500000E-04
   2   4   4   0.00000000000E+00
   3   4   4  -2.59567500000E-04
   4   4   4   0.00000000000E+00
   1   3   1   1
   1   1   1  -4.33680868994E-19
   2   1   1   1.71904862500E-02
   3   1   1  -3.68471500000E-03
   4   1   1   1.71904862500E-02
   1   2   1   3.25260651746E-19
   2   2   1   2.59567500000E-04
   3   2   1   2.59567500000E-04
   4   2   1  -3.25260651746E-19
   1   3   1   0.00000000000E+00
   2   3   1  -2.43468750000E-03
   3   3   1   1.08420217249E-19
   4   3   1  -2.43468750000E-03
   1   4   1   3.25260651746E-19
   2   4   1  -3.25260651746E-19
   3   4   1   2.59567500000E-04
   4   4   1   2.59567500000E-04
   1   1   2   1.08420217249E-19
   2   1   2   2.59567500000E-04
   3   1   2   2.59567500000E-04
   4   1   2  -3.25260651746E-19
   1   2   2   2.43468750000E-03
   2   2   2   0.00000000000E+00
   3   2   2   2.43468750000E-03
   4   2   2   0.00000000000E+00
   1   3   2  -2.59567500000E-04
   2   3   2  -2.59567500000E-04
   3   3   2   0.00000000000E+00
   4   3   2   3.25260651746E-19
   1   4   2  -1.71904862500E-02
   2   4   2   0.00000000000E+00
   3   4   2   8.08987500000E-05
   4   4   2   0.00000000000E+00
   1   1   3   2.16840434497E-19
   2   1   3  -2.43468750000E-03
   3   1   3   2.16840434497E-19
   4   1   3  -2.43468750000E-03
   1   2   3  -2.59567500000E-04
   2   2   3  -2.59567500000E-04
   3   2   3   0.00000000000E+00
   4   2   3   3.25260651746E-19
   1   3   3   3.68471500000E-03
   2   3   3  -8.08987500000E-05
   3   3   3  -1.08420217249E-19
   4   3   3  -8.08987500000E-05
   1   4   3  -2.59567500000E-04
   2   4   3   3.25260651746E-19
   3   4   3   0.00000000000E+00
   4   4   3  -2.59567500000E-04
   1   1   4   1.08420217249E-19
   2   1   4  -3.25260651746E-19
   3   1   4   2.59567500000E-04
   4   1   4   2.59567500000E-04
   1   2   4  -1.71904862500E-02
   2   2   4   0.00000000000E+00
   3   2   4   8.08987500000E-05
   4   2   4   0.00000000000E+00
   1   3   4  -2.59567500000E-04
   2   3   4   3.25260651746E-19
   3   3   4   0.00000000000E+00
   4   3   4  -2.59567500000E-04
   1   4   4   2.43468750000E-03
   2   4   4   0.00000000000E+00
   3   4   4   2.43468750000E-03
   4   4   4   0.00000000000E+00
   2   1   1   1
   1   1   1  -2.16840434497E-19
   2   1   1   3.25260651746E-19
   3   1   1   0.00000000000E+00
   4   1   1   3.25260651746E-19
   1   2   1  -1.08420217249E-19
   2   2   1   2.43468750000E-03
   3   2   1  -2.59567500000E-04
   4   2   1  -1.71904862500E-02
   1   3   1   0.00000000000E+00
   2   3   1  -2.59567500000E-04
   3   3   1   3.68471500000E-03
   4   3   1  -2.59567500000E-04
   1   4   1  -1.08420217249E-19
   2   4   1  -1.71904862500E-02
   3   4   1  -2.59567500000E-04
   4   4   1   2.43468750000E-03
   1   1   2   1.71904862500E-02
   2   1   2   2.59567500000E-04
   3   1   2  -2.43468750000E-03
   4   1   2   3.25260651746E-19
   1   2   2   2.59567500000E-04
   2   2   2   0.00000000000E+00
   3   2   2  -2.59567500000E-04
   4   2   2   0.00000000000E+00
   1   3   2  -2.43468750000E-03
   2   3   2  -2.59567500000E-04
   3   3   2  -8.08987500000E-05
   4   3   2  -3.25260651746E-19
   1   4   2  -1.08420217249E-19
   2   4   2   0.00000000000E+00
   3   4   2   0.00000000000E+00
   4   4   2   0.00000000000E+00
   1   1   3  -3.68471500000E-03
   2   1   3   2.59567500000E-04
   3   1   3   0.00000000000E+00
   4   1   3   2.59567500000E-04
   1   2   3   2.59567500000E-04
   2   2   3   2.43468750000E-03
   3   2   3   0.00000000000E+00
   4   2   3   8.08987500000E-05
   1   3   3   0.00000000000E+00
   2   3   3  -3.25260651746E-19
   3   3   3   2.16840434497E-19
   4   3   3  -3.25260651746E-19
   1   4   3   2.59567500000E-04
   2   4   3   8.08987500000E-05
   3   4   3   0.00000000000E+00
   4   4   3   2.43468750000E-03
   1   1   4   1.71904862500E-02
   2   1   4   3.25260651746E-19
   3   1   4  -2.43468750000E-03
   4   1   4   2.59567500000E-04
   1   2   4  -1.08420217249E-19
   2   2   4   0.00000000000E+00
   3   2   4   0.00000000000E+00
   4   2   4   0.00000000000E+00
   1   3   4  -2.43468750000E-03
   2   3   4  -3.25260651746E-19
   3   3   4  -8.08987500000E-05
   4   3   4  -2.59567500000E-04
   1   4   4   2.59567500000E-04
   2   4   4   0.00000000000E+00
   3   4   4  -2.59567500000E-04
   4   4   4   0.00000000000E+00
   2   2   1   1
   1   1   1   7.43422035937E-02
   2   1   1   8.19446796875E-03
   3   1   1  -2.96895015625E-03
   4   1   1   8.19446796875E-03
   1   2   1  -1.17700467187E-02
   2   2   1  -3.66118593750E-04
   3   2   1  -3.66118593750E-04
   4   2   1  -1.17700467187E-02
   1   3   1  -1.37437031250E-04
   2   3   1  -1.42060078125E-03
   3   3   1  -1.37437031250E-04
   4   3   1  -1.42060078125E-03
   1   4   1  -1.17700467187E-02
   2   4   1  -1.17700467187E-02
   3   4   1  -3.66118593750E-04
   4   4   1  -3.66118593750E-04
   1   1   2  -1.17700467187E-02
   2   1   2  -3.66118593750E-04
   3   1   2  -3.66118593750E-04
   4   1   2  -1.17700467187E-02
   1   2   2  -1.42060078125E-03
   2   2   2   3.32696796875E-03
   3   2   2  -1.42060078125E-03
   4   2   2  -5.07247953125E-03
   1   3   2  -3.66118593750E-04
   2   3   2  -3.66118593750E-04
   3   3   2   2.42245703125E-03
   4   3   2   2.42245703125E-03
   1   4   2   8.19446796875E-03
   2   4   2   4.71549843750E-04
   3   4   2  -1.17862828125E-03
   4   4   2   4.71549843750E-04
   1   1   3  -1.37437031250E-04
   2   1   3  -1.42060078125E-03
   3   1   3  -1.37437031250E-04
   4   1   3  -1.42060078125E-03
   1   2   3  -3.66118593750E-04
   2   2   3  -3.66118593750E-04
   3   2   3   2.42245703125E-03
   4   2   3   2.42245703125E-03
   1   3   3  -2.96895015625E-03
   2   3   3  -1.17862828125E-03
   3   3   3   4.23810937500E-05
   4   3   3  -1.17862828125E-03
   1   4   3  -3.66118593750E-04
   2   4   3   2.42245703125E-03
   3   4   3   2.42245703125E-03
   4   4   3  -3.66118593750E-04
   1   1   4  -1.17700467187E-02
   2   1   4  -1.17700467187E-02
   3   1   4  -3.66118593750E-04
   4   1   4  -3.66118593750E-04
   1   2   4   8.19446796875E-03
   2   2   4   4.71549843750E-04
   3   2   4  -1.17862828125E-03
   4   2   4   4.71549843750E-04
   1   3   4  -3.66118593750E-04
   2   3   4   2.42245703125E-03
   3   3   4   2.42245703125E-03
   4   3   4  -3.66118593750E-04
   1   4   4  -1.42060078125E-03
   2   4   4  -5.07247953125E-03
   3   4   4  -1.42060078125E-03
   4   4   4   3.32696796875E-03
   2   3   1   1
   1   1   1  -4.33680868994E-19
   2   1   1  -3.25260651746E-19
   3   1   1   2.16840434497E-19
   4   1   1  -3.25260651746E-19
   1   2   1  -1.71904862500E-02
   2   2   1  -2.59567500000E-04
   3   2   1   2.43468750000E-03
   4   2   1  -3.25260651746E-19
   1   3   1   3.68471500000E-03
   2   3   1  -2.59567500000E-04
   3   3   1   1.08420217249E-19
   4   3   1  -2.59567500000E-04
   1   4   1  -1.71904862500E-02
   2   4   1  -3.25260651746E-19
   3   4   1   2.43468750000E-03
   4   4   1  -2.59567500000E-04
   1   1   2   1.08420217249E-19
   2   1   2  -2.43468750000E-03
   3   1   2   2.59567500000E-04
   4   1   2   1.71904862500E-02
   1   2   2  -2.59567500000E-04
   2   2   2   0.00000000000E+00
   3   2   2   2.59567500000E-04
   4   2   2   0.00000000000E+00
   1   3   2  -2.59567500000E-04
   2   3   2  -2.43468750000E-03
   3   3   2   0.00000000000E+00
   4   3   2  -8.08987500000E-05
   1   4   2   3.25260651746E-19
   2   4   2   0.00000000000E+00
   3   4   2   0.00000000000E+00
   4   4   2   0.00000000000E+00
   1   1   3   2.16840434497E-19
   2   1   3   2.59567500000E-04
   3   1   3  -3.68471500000E-03
   4   1   3   2.59567500000E-04
   1   2   3   2.43468750000E-03
   2   2   3   2.59567500000E-04
   3   2   3   8.08987500000E-05
   4   2   3   3.25260651746E-19
   1   3   3   0.00000000000E+00
   2   3   3   3.25260651746E-19
   3   3   3  -1.08420217249E-19
   4   3   3   3.25260651746E-19
   1   4   3   2.43468750000E-03
   2   4   3   3.25260651746E-19
   3   4   3   8.08987500000E-05
   4   4   3   2.59567500000E-04
   1   1   4   1.08420217249E-19
   2   1   4   1.71904862500E-02
   3   1   4   2.59567500000E-04
   4   1   4  -2.43468750000E-03
   1   2   4   3.25260651746E-19
   2   2   4   0.00000000000E+00
   3   2   4   0.00000000000E+00
   4   2   4   0.00000000000E+00
   1   3   4  -2.59567500000E-04
   2   3   4  -8.08987500000E-05
   3   3   4   0.00000000000E+00
   4   3   4  -2.43468750000E-03
   1   4   4  -2.59567500000E-04
   2   4   4   0.00000000000E+00
   3   4   4   2.59567500000E-04
   4   4   4   0.00000000000E+00
   3   1   1   1
   1   1   1  -4.33680868994E-19
   2   1   1   1.71904862500E-02
   3   1   1  -3.68471500000E-03
   4   1   1   1.71904862500E-02
   1   2   1   3.25260651746E-19
   2   2   1   2.59567500000E-04
   3   2   1   2.59567500000E-04
   4   2   1  -3.25260651746E-19
   1   3   1   0.00000000000E+00
   2   3   1  -2.43468750000E-03
   3   3   1   1.08420217249E-19
   4   3   1  -2.43468750000E-03
   1   4   1   3.25260651746E-19
   2   4   1  -3.25260651746E-19
   3   4   1   2.59567500000E-04
   4   4   1   2.59567500000E-04
   1   1   2   1.08420217249E-19
   2   1   2   2.59567500000E-04
   3   1   2   2.59567500000E-04
   4   1   2  -3.25260651746E-19
   1   2   2   2.43468750000E-03
   2   2   2   0.00000000000E+00
   3   2   2   2.43468750000E-03
   4   2   2   0.00000000000E+00
   1   3   2  -2.59567500000E-04
   2   3   2  -2.59567500000E-04
   3   3   2   0.00000000000E+00
   4   3   2   3.25260651746E-19
   1   4   2  -1.71904862500E-02
   2   4   2   0.00000000000E+00
   3   4   2   8.08987500000E-05
   4   4   2   0.00000000000E+00
   1   1   3   2.16840434497E-19
   2   1   3  -2.43468750000E-03
   3   1   3   2.16840434497E-19
   4   1   3  -2.43468750000E-03
   1   2   3  -2.59567500000E-04
   2   2   3  -2.59567500000E-04
   3   2   3   0.00000000000E+00
   4   2   3   3.25260651746E-19
   1   3   3   3.68471500000E-03
   2   3   3  -8.08987500000E-05
   3   3   3  -1.08420217249E-19
   4   3   3  -8.08987500000E-05
   1   4   3  -2.59567500000E-04
   2   4   3   3.25260651746E-19
   3   4   3   0.00000000000E+00
   4   4   3  -2.59567500000E-04
   1   1   4   1.08420217249E-19
   2   1   4  -3.25260651746E-19
   3   1   4   2.59567500000E-04
   4   1   4   2.59567500000E-04
   1   2   4  -1.71904862500E-02
   2   2   4   0.00000000000E+00
   3   2   4   8.08987500000E-05
   4   2   4   0.00000000000E+00
   1   3   4  -2.59567500000E-04
   2   3   4   3.25260651746E-19
   3   3   4   0.00000000000E+00
   4   3   4  -2.59567500000E-04
   1   4   4   2.43468750000E-03
   2   4   4   0.00000000000E+00
   3   4   4   2.43468750000E-03
   4   4   4   0.00000000000E+00
   3   2   1   1
   1   1   1  -4.33680868994E-19
   2   1   1  -3.25260651746E-19
   3   1   1   2.16840434497E-19
   4   1   1  -3.25260651746E-19
   1   2   1  -1.71904862500E-02
   2   2   1  -2.59567500000E-04
   3   2   1   2.43468750000E-03
   4   2   1  -3.25260651746E-19
   1   3   1   3.68471500000E-03
   2   3   1  -2.59567500000E-04
   3   3   1   1.08420217249E-19
   4   3   1  -2.59567500000E-04
   1   4   1  -1.71904862500E-02
   2   4   1  -3.25260651746E-19
   3   4   1   2.43468750000E-03
   4   4   1  -2.59567500000E-04
   1   1   2   1.08420217249E-19
   2   1   2  -2.43468750000E-03
   3   1   2   2.59567500000E-04
   4   1   2   1.71904862500E-02
   1   2   2  -2.59567500000E-04
   2   2   2   0.00000000000E+00
   3   2   2   2.59567500000E-04
   4   2   2   0.00000000000E+00
   1   3   2  -2.59567500000E-04
   2   3   2  -2.43468750000E-03
   3   3   2   0.00000000000E+00
   4   3   2  -8.08987500000E-05
   1   4   2   3.25260651746E-19
   2   4   2   0.00000000000E+00
   3   4   2   0.00000000000E+00
   4   4   2   0.00000000000E+00
   1   1   3   2.16840434497E-19
   2   1   3   2.59567500000E-04
   3   1   3  -3.68471500000E-03
   4   1   3   2.59567500000E-04
   1   2   3   2.43468750000E-03
   2   2   3   2.59567500000E-04
   3   2   3   8.08987500000E-05
   4   2   3   3.25260651746E-19
   1   3   3   0.00000000000E+00
   2   3   3   3.25260651746E-19
   3   3   3  -1.08420217249E-19
   4   3   3   3.25260651746E-19
   1   4   3   2.43468750000E-03
   2   4   3   3.25260651746E-19
   3   4   3   8.08987500000E-05
   4   4   3   2.59567500000E-04
   1   1   4   1.08420217249E-19
   2   1   4   1.71904862500E-02
   3   1   4   2.59567500000E-04
   4   1   4  -2.43468750000E-03
   1   2   4   3.25260651746E-19
   2   2   4   0.00000000000E+00
   3   2   4   0.00000000000E+00
   4   2   4   0.00000000000E+00
   1   3   4  -2.59567500000E-04
   2   3   4  -8.08987500000E-05
   3   3   4   0.00000000000E+00
   4   3   4  -2.43468750000E-03
   1   4   4  -2.59567500000E-04
   2   4   4   0.00000000000E+00
   3   4   4   2.59567500000E-04
   4   4   4   0.00000000000E+00
   3   3   1   1
   1   1   1   7.43422035937E-02
   2   1   1  -1.17700467187E-02
   3   1   1  -1.37437031250E-04
   4   1   1  -1.17700467187E-02
   1   2   1  -1.17700467187E-02
   2   2   1  -1.42060078125E-03
   3   2   1  -3.66118593750E-04
   4   2   1   8.19446796875E-03
   1   3   1  -1.37437031250E-04
   2   3   1  -3.66118593750E-04
   3   3   1  -2.96895015625E-03
   4   3   1  -3.66118593750E-04
   1   4   1  -1.17700467187E-02
   2   4   1   8.19446796875E-03
   3   4   1  -3.66118593750E-04
   4   4   1  -1.42060078125E-03
   1   1   2   8.19446796875E-03
   2   1   2  -3.66118593750E-04
   3   1   2  -1.42060078125E-03
   4   1   2  -1.17700467187E-02
   1   2   2  -3.66118593750E-04
   2   2   2   3.32696796875E-03
   3   2   2  -3.66118593750E-04
   4   2   2   4.71549843750E-04
   1   3   2  -1.42060078125E-03
   2   3   2  -3.66118593750E-04
   3   3   2  -1.17862828125E-03
   4   3   2   2.42245703125E-03
   1   4   2  -1.17700467187E-02
   2   4   2   4.71549843750E-04
   3   4   2   2.42245703125E-03
   4   4   2  -5.07247953125E-03
   1   1   3  -2.96895015625E-03
   2   1   3  -3.66118593750E-04
   3   1   3  -1.37437031250E-04
   4   1   3  -3.66118593750E-04
   1   2   3  -3.66118593750E-04
   2   2   3  -1.42060078125E-03
   3   2   3   2.42245703125E-03
   4   2   3  -1.17862828125E-03
   1   3   3  -1.37437031250E-04
   2   3   3   2.42245703125E-03
   3   3   3   4.23810937500E-05
   4   3   3   2.42245703125E-03
   1   4   3  -3.66118593750E-04
   2   4   3  -1.17862828125E-03
   3   4   3   2.42245703125E-03
   4   4   3  -1.42060078125E-03
   1   1   4   8.19446796875E-03
   2   1   4  -1.17700467187E-02
   3   1   4  -1.42060078125E-03
   4   1   4  -3.66118593750E-04
   1   2   4  -1.17700467187E-02
   2   2   4  -5.07247953125E-03
   3   2   4   2.42245703125E-03
   4   2   4   4.71549843750E-04
   1   3   4  -1.42060078125E-03
   2   3   4   2.42245703125E-03
   3   3   4  -1.17862828125E-03
   4   3   4  -3.66118593750E-04
   1   4   4  -3.66118593750E-04
   2   4   4   4.71549843750E-04
   3   4   4  -3.66118593750E-04
   4   4   4   3.32696796875E-03
