   5.0000000000000001E-003  0.61164057905012026        1.3392103897718468     
   4   4   4
   1   1   1   1
   1   1   1   4.03950282812E-02
   2   1   1  -9.72802656250E-04
   3   1   1  -7.55364218750E-04
   4   1   1  -9.72802656250E-04
   1   2   1   9.55362031250E-04
   2   2   1   1.58359375000E-06
   3   2   1  -1.84454218750E-04
   4   2   1  -9.72802656250E-04
   1   3   1  -3.53195317188E-02
   2   3   1   1.58359375000E-06
   3   3   1  -7.55364218750E-04
   4   3   1   1.58359375000E-06
   1   4   1   9.55362031250E-04
   2   4   1  -9.72802656250E-04
   3   4   1  -1.84454218750E-04
   4   4   1   1.58359375000E-06
   1   1   2  -9.72802656250E-04
   2   1   2  -1.84454218750E-04
   3   1   2   1.58359375000E-06
   4   1   2   9.55362031250E-04
   1   2   2   1.58359375000E-06
   2   2   2   3.74611701563E-02
   3   2   2   1.58359375000E-06
   4   2   2  -7.20301093750E-04
   1   3   2   1.58359375000E-06
   2   3   2  -1.84454218750E-04
   3   3   2   9.63281093750E-04
   4   3   2  -1.26182171875E-03
   1   4   2  -9.72802656250E-04
   2   4   2  -3.53346735937E-02
   3   4   2   9.63281093750E-04
   4   4   2  -7.20301093750E-04
   1   1   3  -7.55364218750E-04
   2   1   3   1.58359375000E-06
   3   1   3  -3.53195317187E-02
   4   1   3   1.58359375000E-06
   1   2   3  -1.84454218750E-04
   2   2   3   1.58359375000E-06
   3   2   3  -1.26182171875E-03
   4   2   3   9.63281093750E-04
   1   3   3  -7.55364218750E-04
   2   3   3   9.63281093750E-04
   3   3   3   3.46460107813E-02
   4   3   3   9.63281093750E-04
   1   4   3  -1.84454218750E-04
   2   4   3   9.63281093750E-04
   3   4   3  -1.26182171875E-03
   4   4   3   1.58359375000E-06
   1   1   4  -9.72802656250E-04
   2   1   4   9.55362031250E-04
   3   1   4   1.58359375000E-06
   4   1   4  -1.84454218750E-04
   1   2   4  -9.72802656250E-04
   2   2   4  -7.20301093750E-04
   3   2   4   9.63281093750E-04
   4   2   4  -3.53346735937E-02
   1   3   4   1.58359375000E-06
   2   3   4  -1.26182171875E-03
   3   3   4   9.63281093750E-04
   4   3   4  -1.84454218750E-04
   1   4   4   1.58359375000E-06
   2   4   4  -7.20301093750E-04
   3   4   4   1.58359375000E-06
   4   4   4   3.74611701563E-02
   1   2   1   1
   1   1   1  -2.30392961653E-19
   2   1   1   0.00000000000E+00
   3   1   1   0.00000000000E+00
   4   1   1   0.00000000000E+00
   1   2   1   0.00000000000E+00
   2   2   1   1.79958787500E-02
   3   2   1  -1.53865000000E-04
   4   2   1  -1.82709775000E-02
   1   3   1   0.00000000000E+00
   2   3   1  -1.53865000000E-04
   3   3   1   2.97925000000E-05
   4   3   1  -1.53865000000E-04
   1   4   1   0.00000000000E+00
   2   4   1  -1.82709775000E-02
   3   4   1  -1.53865000000E-04
   4   4   1   1.79958787500E-02
   1   1   2   1.82709775000E-02
   2   1   2   1.53865000000E-04
   3   1   2  -1.79958787500E-02
   4   1   2   0.00000000000E+00
   1   2   2   1.53865000000E-04
   2   2   2   0.00000000000E+00
   3   2   2  -1.53865000000E-04
   4   2   2   0.00000000000E+00
   1   3   2  -1.79958787500E-02
   2   3   2  -1.53865000000E-04
   3   3   2   1.77221750000E-02
   4   3   2   0.00000000000E+00
   1   4   2   0.00000000000E+00
   2   4   2   0.00000000000E+00
   3   4   2  -1.35525271561E-20
   4   4   2   0.00000000000E+00
   1   1   3  -2.97925000000E-05
   2   1   3   1.53865000000E-04
   3   1   3   0.00000000000E+00
   4   1   3   1.53865000000E-04
   1   2   3   1.53865000000E-04
   2   2   3   1.79958787500E-02
   3   2   3  -1.35525271561E-20
   4   2   3  -1.77221750000E-02
   1   3   3   0.00000000000E+00
   2   3   3   0.00000000000E+00
   3   3   3   2.30392961653E-19
   4   3   3   0.00000000000E+00
   1   4   3   1.53865000000E-04
   2   4   3  -1.77221750000E-02
   3   4   3  -1.35525271561E-20
   4   4   3   1.79958787500E-02
   1   1   4   1.82709775000E-02
   2   1   4   0.00000000000E+00
   3   1   4  -1.79958787500E-02
   4   1   4   1.53865000000E-04
   1   2   4   0.00000000000E+00
   2   2   4   0.00000000000E+00
   3   2   4  -1.35525271561E-20
   4   2   4   0.00000000000E+00
   1   3   4  -1.79958787500E-02
   2   3   4   0.00000000000E+00
   3   3   4   1.77221750000E-02
   4   3   4  -1.53865000000E-04
   1   4   4   1.53865000000E-04
   2   4   4   0.00000000000E+00
   3   4   4  -1.53865000000E-04
   4   4   4   0.00000000000E+00
   1   3   1   1
   1   1   1   1.15196480827E-19
   2   1   1   1.82709775000E-02
   3   1   1  -2.97925000000E-05
   4   1   1   1.82709775000E-02
   1   2   1  -1.35525271561E-20
   2   2   1   1.53865000000E-04
   3   2   1   1.53865000000E-04
   4   2   1   0.00000000000E+00
   1   3   1  -1.15196480827E-19
   2   3   1  -1.79958787500E-02
   3   3   1   1.15196480827E-19
   4   3   1  -1.79958787500E-02
   1   4   1  -1.35525271561E-20
   2   4   1   0.00000000000E+00
   3   4   1   1.53865000000E-04
   4   4   1   1.53865000000E-04
   1   1   2   0.00000000000E+00
   2   1   2   1.53865000000E-04
   3   1   2   1.53865000000E-04
   4   1   2  -1.35525271561E-20
   1   2   2   1.79958787500E-02
   2   2   2   0.00000000000E+00
   3   2   2   1.79958787500E-02
   4   2   2   0.00000000000E+00
   1   3   2  -1.53865000000E-04
   2   3   2  -1.53865000000E-04
   3   3   2   0.00000000000E+00
   4   3   2  -1.35525271561E-20
   1   4   2  -1.82709775000E-02
   2   4   2   0.00000000000E+00
   3   4   2  -1.77221750000E-02
   4   4   2   0.00000000000E+00
   1   1   3  -1.15196480827E-19
   2   1   3  -1.79958787500E-02
   3   1   3   1.15196480827E-19
   4   1   3  -1.79958787500E-02
   1   2   3  -1.53865000000E-04
   2   2   3  -1.53865000000E-04
   3   2   3   1.35525271561E-20
   4   2   3   0.00000000000E+00
   1   3   3   2.97925000000E-05
   2   3   3   1.77221750000E-02
   3   3   3  -1.15196480827E-19
   4   3   3   1.77221750000E-02
   1   4   3  -1.53865000000E-04
   2   4   3   0.00000000000E+00
   3   4   3   1.35525271561E-20
   4   4   3  -1.53865000000E-04
   1   1   4   0.00000000000E+00
   2   1   4  -1.35525271561E-20
   3   1   4   1.53865000000E-04
   4   1   4   1.53865000000E-04
   1   2   4  -1.82709775000E-02
   2   2   4   0.00000000000E+00
   3   2   4  -1.77221750000E-02
   4   2   4   0.00000000000E+00
   1   3   4  -1.53865000000E-04
   2   3   4  -1.35525271561E-20
   3   3   4   0.00000000000E+00
   4   3   4  -1.53865000000E-04
   1   4   4   1.79958787500E-02
   2   4   4   0.00000000000E+00
   3   4   4   1.79958787500E-02
   4   4   4   0.00000000000E+00
   2   1   1   1
   1   1   1  -2.30392961653E-19
   2   1   1   0.00000000000E+00
   3   1   1   0.00000000000E+00
   4   1   1   0.00000000000E+00
   1   2   1   0.00000000000E+00
   2   2   1   1.79958787500E-02
   3   2   1  -1.53865000000E-04
   4   2   1  -1.82709775000E-02
   1   3   1   0.00000000000E+00
   2   3   1  -1.53865000000E-04
   3   3   1   2.97925000000E-05
   4   3   1  -1.53865000000E-04
   1   4   1   0.00000000000E+00
   2   4   1  -1.82709775000E-02
   3   4   1  -1.53865000000E-04
   4   4   1   1.79958787500E-02
   1   1   2   1.82709775000E-02
   2   1   2   1.53865000000E-04
   3   1   2  -1.79958787500E-02
   4   1   2   0.00000000000E+00
   1   2   2   1.53865000000E-04
   2   2   2   0.00000000000E+00
   3   2   2  -1.53865000000E-04
   4   2   2   0.00000000000E+00
   1   3   2  -1.79958787500E-02
   2   3   2  -1.53865000000E-04
   3   3   2   1.77221750000E-02
   4   3   2   0.00000000000E+00
   1   4   2   0.00000000000E+00
   2   4   2   0.00000000000E+00
   3   4   2  -1.35525271561E-20
   4   4   2   0.00000000000E+00
   1   1   3  -2.97925000000E-05
   2   1   3   1.53865000000E-04
   3   1   3   0.00000000000E+00
   4   1   3   1.53865000000E-04
   1   2   3   1.53865000000E-04
   2   2   3   1.79958787500E-02
   3   2   3  -1.35525271561E-20
   4   2   3  -1.77221750000E-02
   1   3   3   0.00000000000E+00
   2   3   3   0.00000000000E+00
   3   3   3   2.30392961653E-19
   4   3   3   0.00000000000E+00
   1   4   3   1.53865000000E-04
   2   4   3  -1.77221750000E-02
   3   4   3  -1.35525271561E-20
   4   4   3   1.79958787500E-02
   1   1   4   1.82709775000E-02
   2   1   4   0.00000000000E+00
   3   1   4  -1.79958787500E-02
   4   1   4   1.53865000000E-04
   1   2   4   0.00000000000E+00
   2   2   4   0.00000000000E+00
   3   2   4  -1.35525271561E-20
   4   2   4   0.00000000000E+00
   1   3   4  -1.79958787500E-02
   2   3   4   0.00000000000E+00
   3   3   4   1.77221750000E-02
   4   3   4  -1.53865000000E-04
   1   4   4   1.53865000000E-04
   2   4   4   0.00000000000E+00
   3   4   4  -1.53865000000E-04
   4   4   4   0.00000000000E+00
   2   2   1   1
   1   1   1   4.03950282812E-02
   2   1   1   9.55362031250E-04
   3   1   1  -3.53195317187E-02
   4   1   1   9.55362031250E-04
   1   2   1  -9.72802656250E-04
   2   2   1   1.58359375000E-06
   3   2   1   1.58359375000E-06
   4   2   1  -9.72802656250E-04
   1   3   1  -7.55364218750E-04
   2   3   1  -1.84454218750E-04
   3   3   1  -7.55364218750E-04
   4   3   1  -1.84454218750E-04
   1   4   1  -9.72802656250E-04
   2   4   1  -9.72802656250E-04
   3   4   1   1.58359375000E-06
   4   4   1   1.58359375000E-06
   1   1   2  -9.72802656250E-04
   2   1   2   1.58359375000E-06
   3   1   2   1.58359375000E-06
   4   1   2  -9.72802656250E-04
   1   2   2  -1.84454218750E-04
   2   2   2   3.74611701563E-02
   3   2   2  -1.84454218750E-04
   4   2   2  -3.53346735937E-02
   1   3   2   1.58359375000E-06
   2   3   2   1.58359375000E-06
   3   3   2   9.63281093750E-04
   4   3   2   9.63281093750E-04
   1   4   2   9.55362031250E-04
   2   4   2  -7.20301093750E-04
   3   4   2  -1.26182171875E-03
   4   4   2  -7.20301093750E-04
   1   1   3  -7.55364218750E-04
   2   1   3  -1.84454218750E-04
   3   1   3  -7.55364218750E-04
   4   1   3  -1.84454218750E-04
   1   2   3   1.58359375000E-06
   2   2   3   1.58359375000E-06
   3   2   3   9.63281093750E-04
   4   2   3   9.63281093750E-04
   1   3   3  -3.53195317188E-02
   2   3   3  -1.26182171875E-03
   3   3   3   3.46460107813E-02
   4   3   3  -1.26182171875E-03
   1   4   3   1.58359375000E-06
   2   4   3   9.63281093750E-04
   3   4   3   9.63281093750E-04
   4   4   3   1.58359375000E-06
   1   1   4  -9.72802656250E-04
   2   1   4  -9.72802656250E-04
   3   1   4   1.58359375000E-06
   4   1   4   1.58359375000E-06
   1   2   4   9.55362031250E-04
   2   2   4  -7.20301093750E-04
   3   2   4  -1.26182171875E-03
   4   2   4  -7.20301093750E-04
   1   3   4   1.58359375000E-06
   2   3   4   9.63281093750E-04
   3   3   4   9.63281093750E-04
   4   3   4   1.58359375000E-06
   1   4   4  -1.84454218750E-04
   2   4   4  -3.53346735937E-02
   3   4   4  -1.84454218750E-04
   4   4   4   3.74611701563E-02
   2   3   1   1
   1   1   1   1.15196480827E-19
   2   1   1  -1.35525271561E-20
   3   1   1   1.15196480827E-19
   4   1   1  -1.35525271561E-20
   1   2   1  -1.82709775000E-02
   2   2   1  -1.53865000000E-04
   3   2   1   1.79958787500E-02
   4   2   1   0.00000000000E+00
   1   3   1   2.97925000000E-05
   2   3   1  -1.53865000000E-04
   3   3   1   1.15196480827E-19
   4   3   1  -1.53865000000E-04
   1   4   1  -1.82709775000E-02
   2   4   1   0.00000000000E+00
   3   4   1   1.79958787500E-02
   4   4   1  -1.53865000000E-04
   1   1   2   0.00000000000E+00
   2   1   2  -1.79958787500E-02
   3   1   2   1.53865000000E-04
   4   1   2   1.82709775000E-02
   1   2   2  -1.53865000000E-04
   2   2   2   0.00000000000E+00
   3   2   2   1.53865000000E-04
   4   2   2   0.00000000000E+00
   1   3   2  -1.53865000000E-04
   2   3   2  -1.79958787500E-02
   3   3   2   0.00000000000E+00
   4   3   2   1.77221750000E-02
   1   4   2  -1.35525271561E-20
   2   4   2   0.00000000000E+00
   3   4   2   1.35525271561E-20
   4   4   2   0.00000000000E+00
   1   1   3  -1.15196480827E-19
   2   1   3   1.53865000000E-04
   3   1   3  -2.97925000000E-05
   4   1   3   1.53865000000E-04
   1   2   3   1.79958787500E-02
   2   2   3   1.53865000000E-04
   3   2   3  -1.77221750000E-02
   4   2   3   0.00000000000E+00
   1   3   3  -1.15196480827E-19
   2   3   3  -1.35525271561E-20
   3   3   3  -1.15196480827E-19
   4   3   3  -1.35525271561E-20
   1   4   3   1.79958787500E-02
   2   4   3   0.00000000000E+00
   3   4   3  -1.77221750000E-02
   4   4   3   1.53865000000E-04
   1   1   4   0.00000000000E+00
   2   1   4   1.82709775000E-02
   3   1   4   1.53865000000E-04
   4   1   4  -1.79958787500E-02
   1   2   4  -1.35525271561E-20
   2   2   4   0.00000000000E+00
   3   2   4   1.35525271561E-20
   4   2   4   0.00000000000E+00
   1   3   4  -1.53865000000E-04
   2   3   4   1.77221750000E-02
   3   3   4   0.00000000000E+00
   4   3   4  -1.79958787500E-02
   1   4   4  -1.53865000000E-04
   2   4   4   0.00000000000E+00
   3   4   4   1.53865000000E-04
   4   4   4   0.00000000000E+00
   3   1   1   1
   1   1   1   1.15196480827E-19
   2   1   1   1.82709775000E-02
   3   1   1  -2.97925000000E-05
   4   1   1   1.82709775000E-02
   1   2   1  -1.35525271561E-20
   2   2   1   1.53865000000E-04
   3   2   1   1.53865000000E-04
   4   2   1   0.00000000000E+00
   1   3   1  -1.15196480827E-19
   2   3   1  -1.79958787500E-02
   3   3   1   1.15196480827E-19
   4   3   1  -1.79958787500E-02
   1   4   1  -1.35525271561E-20
   2   4   1   0.00000000000E+00
   3   4   1   1.53865000000E-04
   4   4   1   1.53865000000E-04
   1   1   2   0.00000000000E+00
   2   1   2   1.53865000000E-04
   3   1   2   1.53865000000E-04
   4   1   2  -1.35525271561E-20
   1   2   2   1.79958787500E-02
   2   2   2   0.00000000000E+00
   3   2   2   1.79958787500E-02
   4   2   2   0.00000000000E+00
   1   3   2  -1.53865000000E-04
   2   3   2  -1.53865000000E-04
   3   3   2   0.00000000000E+00
   4   3   2  -1.35525271561E-20
   1   4   2  -1.82709775000E-02
   2   4   2   0.00000000000E+00
   3   4   2  -1.77221750000E-02
   4   4   2   0.00000000000E+00
   1   1   3  -1.15196480827E-19
   2   1   3  -1.79958787500E-02
   3   1   3   1.15196480827E-19
   4   1   3  -1.79958787500E-02
   1   2   3  -1.53865000000E-04
   2   2   3  -1.53865000000E-04
   3   2   3   1.35525271561E-20
   4   2   3   0.00000000000E+00
   1   3   3   2.97925000000E-05
   2   3   3   1.77221750000E-02
   3   3   3  -1.15196480827E-19
   4   3   3   1.77221750000E-02
   1   4   3  -1.53865000000E-04
   2   4   3   0.00000000000E+00
   3   4   3   1.35525271561E-20
   4   4   3  -1.53865000000E-04
   1   1   4   0.00000000000E+00
   2   1   4  -1.35525271561E-20
   3   1   4   1.53865000000E-04
   4   1   4   1.53865000000E-04
   1   2   4  -1.82709775000E-02
   2   2   4   0.00000000000E+00
   3   2   4  -1.77221750000E-02
   4   2   4   0.00000000000E+00
   1   3   4  -1.53865000000E-04
   2   3   4  -1.35525271561E-20
   3   3   4   0.00000000000E+00
   4   3   4  -1.53865000000E-04
   1   4   4   1.79958787500E-02
   2   4   4   0.00000000000E+00
   3   4   4   1.79958787500E-02
   4   4   4   0.00000000000E+00
   3   2   1   1
   1   1   1   1.15196480827E-19
   2   1   1  -1.35525271561E-20
   3   1   1   1.15196480827E-19
   4   1   1  -1.35525271561E-20
   1   2   1  -1.82709775000E-02
   2   2   1  -1.53865000000E-04
   3   2   1   1.79958787500E-02
   4   2   1   0.00000000000E+00
   1   3   1   2.97925000000E-05
   2   3   1  -1.53865000000E-04
   3   3   1   1.15196480827E-19
   4   3   1  -1.53865000000E-04
   1   4   1  -1.82709775000E-02
   2   4   1   0.00000000000E+00
   3   4   1   1.79958787500E-02
   4   4   1  -1.53865000000E-04
   1   1   2   0.00000000000E+00
   2   1   2  -1.79958787500E-02
   3   1   2   1.53865000000E-04
   4   1   2   1.82709775000E-02
   1   2   2  -1.53865000000E-04
   2   2   2   0.00000000000E+00
   3   2   2   1.53865000000E-04
   4   2   2   0.00000000000E+00
   1   3   2  -1.53865000000E-04
   2   3   2  -1.79958787500E-02
   3   3   2   0.00000000000E+00
   4   3   2   1.77221750000E-02
   1   4   2  -1.35525271561E-20
   2   4   2   0.00000000000E+00
   3   4   2   1.35525271561E-20
   4   4   2   0.00000000000E+00
   1   1   3  -1.15196480827E-19
   2   1   3   1.53865000000E-04
   3   1   3  -2.97925000000E-05
   4   1   3   1.53865000000E-04
   1   2   3   1.79958787500E-02
   2   2   3   1.53865000000E-04
   3   2   3  -1.77221750000E-02
   4   2   3   0.00000000000E+00
   1   3   3  -1.15196480827E-19
   2   3   3  -1.35525271561E-20
   3   3   3  -1.15196480827E-19
   4   3   3  -1.35525271561E-20
   1   4   3   1.79958787500E-02
   2   4   3   0.00000000000E+00
   3   4   3  -1.77221750000E-02
   4   4   3   1.53865000000E-04
   1   1   4   0.00000000000E+00
   2   1   4   1.82709775000E-02
   3   1   4   1.53865000000E-04
   4   1   4  -1.79958787500E-02
   1   2   4  -1.35525271561E-20
   2   2   4   0.00000000000E+00
   3   2   4   1.35525271561E-20
   4   2   4   0.00000000000E+00
   1   3   4  -1.53865000000E-04
   2   3   4   1.77221750000E-02
   3   3   4   0.00000000000E+00
   4   3   4  -1.79958787500E-02
   1   4   4  -1.53865000000E-04
   2   4   4   0.00000000000E+00
   3   4   4   1.53865000000E-04
   4   4   4   0.00000000000E+00
   3   3   1   1
   1   1   1   4.03950282813E-02
   2   1   1  -9.72802656250E-04
   3   1   1  -7.55364218750E-04
   4   1   1  -9.72802656250E-04
   1   2   1  -9.72802656250E-04
   2   2   1  -1.84454218750E-04
   3   2   1   1.58359375000E-06
   4   2   1   9.55362031250E-04
   1   3   1  -7.55364218750E-04
   2   3   1   1.58359375000E-06
   3   3   1  -3.53195317187E-02
   4   3   1   1.58359375000E-06
   1   4   1  -9.72802656250E-04
   2   4   1   9.55362031250E-04
   3   4   1   1.58359375000E-06
   4   4   1  -1.84454218750E-04
   1   1   2   9.55362031250E-04
   2   1   2   1.58359375000E-06
   3   1   2  -1.84454218750E-04
   4   1   2  -9.72802656250E-04
   1   2   2   1.58359375000E-06
   2   2   2   3.74611701562E-02
   3   2   2   1.58359375000E-06
   4   2   2  -7.20301093750E-04
   1   3   2  -1.84454218750E-04
   2   3   2   1.58359375000E-06
   3   3   2  -1.26182171875E-03
   4   3   2   9.63281093750E-04
   1   4   2  -9.72802656250E-04
   2   4   2  -7.20301093750E-04
   3   4   2   9.63281093750E-04
   4   4   2  -3.53346735937E-02
   1   1   3  -3.53195317187E-02
   2   1   3   1.58359375000E-06
   3   1   3  -7.55364218750E-04
   4   1   3   1.58359375000E-06
   1   2   3   1.58359375000E-06
   2   2   3  -1.84454218750E-04
   3   2   3   9.63281093750E-04
   4   2   3  -1.26182171875E-03
   1   3   3  -7.55364218750E-04
   2   3   3   9.63281093750E-04
   3   3   3   3.46460107812E-02
   4   3   3   9.63281093750E-04
   1   4   3   1.58359375000E-06
   2   4   3  -1.26182171875E-03
   3   4   3   9.63281093750E-04
   4   4   3  -1.84454218750E-04
   1   1   4   9.55362031250E-04
   2   1   4  -9.72802656250E-04
   3   1   4  -1.84454218750E-04
   4   1   4   1.58359375000E-06
   1   2   4  -9.72802656250E-04
   2   2   4  -3.53346735937E-02
   3   2   4   9.63281093750E-04
   4   2   4  -7.20301093750E-04
   1   3   4  -1.84454218750E-04
   2   3   4   9.63281093750E-04
   3   3   4  -1.26182171875E-03
   4   3   4   1.58359375000E-06
   1   4   4   1.58359375000E-06
   2   4   4  -7.20301093750E-04
   3   4   4   1.58359375000E-06
   4   4   4   3.74611701562E-02
