   2.0000000000000000E-002  0.61182623156463212        2.2497391926057739     
   4   4   4
   1   1   1   1
   1   1   1   7.36885787500E-02
   2   1   1  -1.37408121875E-02
   3   1   1   2.04572375000E-03
   4   1   1  -1.37408121875E-02
   1   2   1   9.69391937500E-03
   2   2   1  -1.65516531250E-03
   3   2   1   8.28098750000E-04
   4   2   1  -1.37408121875E-02
   1   3   1  -1.00035300000E-02
   2   3   1  -1.65516531250E-03
   3   3   1   2.04572375000E-03
   4   3   1  -1.65516531250E-03
   1   4   1   9.69391937500E-03
   2   4   1  -1.37408121875E-02
   3   4   1   8.28098750000E-04
   4   4   1  -1.65516531250E-03
   1   1   2  -1.37408121875E-02
   2   1   2   8.28098750000E-04
   3   1   2  -1.65516531250E-03
   4   1   2   9.69391937500E-03
   1   2   2  -1.65516531250E-03
   2   2   2   1.57524125000E-02
   3   2   2  -1.65516531250E-03
   4   2   2   1.01271125000E-03
   1   3   2  -1.65516531250E-03
   2   3   2   8.28098750000E-04
   3   3   2   4.46029656250E-03
   4   3   2  -5.88902187500E-03
   1   4   2  -1.37408121875E-02
   2   4   2  -1.01684300000E-02
   3   4   2   4.46029656250E-03
   4   4   2   1.01271125000E-03
   1   1   3   2.04572375000E-03
   2   1   3  -1.65516531250E-03
   3   1   3  -1.00035300000E-02
   4   1   3  -1.65516531250E-03
   1   2   3   8.28098750000E-04
   2   2   3  -1.65516531250E-03
   3   2   3  -5.88902187500E-03
   4   2   3   4.46029656250E-03
   1   3   3   2.04572375000E-03
   2   3   3   4.46029656250E-03
   3   3   3   1.91966625000E-03
   4   3   3   4.46029656250E-03
   1   4   3   8.28098750000E-04
   2   4   3   4.46029656250E-03
   3   4   3  -5.88902187500E-03
   4   4   3  -1.65516531250E-03
   1   1   4  -1.37408121875E-02
   2   1   4   9.69391937500E-03
   3   1   4  -1.65516531250E-03
   4   1   4   8.28098750000E-04
   1   2   4  -1.37408121875E-02
   2   2   4   1.01271125000E-03
   3   2   4   4.46029656250E-03
   4   2   4  -1.01684300000E-02
   1   3   4  -1.65516531250E-03
   2   3   4  -5.88902187500E-03
   3   3   4   4.46029656250E-03
   4   3   4   8.28098750000E-04
   1   4   4  -1.65516531250E-03
   2   4   4   1.01271125000E-03
   3   4   4  -1.65516531250E-03
   4   4   4   1.57524125000E-02
   1   2   1   1
   1   1   1   1.08420217249E-18
   2   1   1   1.08420217249E-19
   3   1   1   0.00000000000E+00
   4   1   1   1.08420217249E-19
   1   2   1  -1.08420217249E-19
   2   2   1   6.48231062500E-03
   3   2   1  -7.11084375000E-04
   4   2   1  -1.74978400000E-02
   1   3   1  -4.33680868994E-19
   2   3   1  -7.11084375000E-04
   3   3   1   3.24884125000E-03
   4   3   1  -7.11084375000E-04
   1   4   1  -1.08420217249E-19
   2   4   1  -1.74978400000E-02
   3   4   1  -7.11084375000E-04
   4   4   1   6.48231062500E-03
   1   1   2   1.74978400000E-02
   2   1   2   7.11084375000E-04
   3   1   2  -6.48231062500E-03
   4   1   2   1.08420217249E-19
   1   2   2   7.11084375000E-04
   2   2   2   0.00000000000E+00
   3   2   2  -7.11084375000E-04
   4   2   2   0.00000000000E+00
   1   3   2  -6.48231062500E-03
   2   3   2  -7.11084375000E-04
   3   3   2   3.81319625000E-03
   4   3   2  -1.08420217249E-19
   1   4   2  -1.08420217249E-19
   2   4   2   0.00000000000E+00
   3   4   2   0.00000000000E+00
   4   4   2   0.00000000000E+00
   1   1   3  -3.24884125000E-03
   2   1   3   7.11084375000E-04
   3   1   3   0.00000000000E+00
   4   1   3   7.11084375000E-04
   1   2   3   7.11084375000E-04
   2   2   3   6.48231062500E-03
   3   2   3   0.00000000000E+00
   4   2   3  -3.81319625000E-03
   1   3   3  -4.33680868994E-19
   2   3   3  -1.08420217249E-19
   3   3   3  -2.16840434497E-19
   4   3   3  -1.08420217249E-19
   1   4   3   7.11084375000E-04
   2   4   3  -3.81319625000E-03
   3   4   3   0.00000000000E+00
   4   4   3   6.48231062500E-03
   1   1   4   1.74978400000E-02
   2   1   4   1.08420217249E-19
   3   1   4  -6.48231062500E-03
   4   1   4   7.11084375000E-04
   1   2   4  -1.08420217249E-19
   2   2   4   0.00000000000E+00
   3   2   4   0.00000000000E+00
   4   2   4   0.00000000000E+00
   1   3   4  -6.48231062500E-03
   2   3   4  -1.08420217249E-19
   3   3   4   3.81319625000E-03
   4   3   4  -7.11084375000E-04
   1   4   4   7.11084375000E-04
   2   4   4   0.00000000000E+00
   3   4   4  -7.11084375000E-04
   4   4   4   0.00000000000E+00
   1   3   1   1
   1   1   1  -6.50521303491E-19
   2   1   1   1.74978400000E-02
   3   1   1  -3.24884125000E-03
   4   1   1   1.74978400000E-02
   1   2   1   1.08420217249E-19
   2   2   1   7.11084375000E-04
   3   2   1   7.11084375000E-04
   4   2   1  -1.08420217249E-19
   1   3   1   4.33680868994E-19
   2   3   1  -6.48231062500E-03
   3   3   1  -1.08420217249E-19
   4   3   1  -6.48231062500E-03
   1   4   1   1.08420217249E-19
   2   4   1  -1.08420217249E-19
   3   4   1   7.11084375000E-04
   4   4   1   7.11084375000E-04
   1   1   2   1.08420217249E-19
   2   1   2   7.11084375000E-04
   3   1   2   7.11084375000E-04
   4   1   2  -1.08420217249E-19
   1   2   2   6.48231062500E-03
   2   2   2   0.00000000000E+00
   3   2   2   6.48231062500E-03
   4   2   2   0.00000000000E+00
   1   3   2  -7.11084375000E-04
   2   3   2  -7.11084375000E-04
   3   3   2   0.00000000000E+00
   4   3   2   1.08420217249E-19
   1   4   2  -1.74978400000E-02
   2   4   2   0.00000000000E+00
   3   4   2  -3.81319625000E-03
   4   4   2   0.00000000000E+00
   1   1   3   4.33680868994E-19
   2   1   3  -6.48231062500E-03
   3   1   3  -2.16840434497E-19
   4   1   3  -6.48231062500E-03
   1   2   3  -7.11084375000E-04
   2   2   3  -7.11084375000E-04
   3   2   3   0.00000000000E+00
   4   2   3   1.08420217249E-19
   1   3   3   3.24884125000E-03
   2   3   3   3.81319625000E-03
   3   3   3   1.08420217249E-19
   4   3   3   3.81319625000E-03
   1   4   3  -7.11084375000E-04
   2   4   3   1.08420217249E-19
   3   4   3   0.00000000000E+00
   4   4   3  -7.11084375000E-04
   1   1   4   1.08420217249E-19
   2   1   4  -1.08420217249E-19
   3   1   4   7.11084375000E-04
   4   1   4   7.11084375000E-04
   1   2   4  -1.74978400000E-02
   2   2   4   0.00000000000E+00
   3   2   4  -3.81319625000E-03
   4   2   4   0.00000000000E+00
   1   3   4  -7.11084375000E-04
   2   3   4   1.08420217249E-19
   3   3   4   0.00000000000E+00
   4   3   4  -7.11084375000E-04
   1   4   4   6.48231062500E-03
   2   4   4   0.00000000000E+00
   3   4   4   6.48231062500E-03
   4   4   4   0.00000000000E+00
   2   1   1   1
   1   1   1   1.08420217249E-18
   2   1   1   1.08420217249E-19
   3   1   1   0.00000000000E+00
   4   1   1   1.08420217249E-19
   1   2   1  -1.08420217249E-19
   2   2   1   6.48231062500E-03
   3   2   1  -7.11084375000E-04
   4   2   1  -1.74978400000E-02
   1   3   1  -4.33680868994E-19
   2   3   1  -7.11084375000E-04
   3   3   1   3.24884125000E-03
   4   3   1  -7.11084375000E-04
   1   4   1  -1.08420217249E-19
   2   4   1  -1.74978400000E-02
   3   4   1  -7.11084375000E-04
   4   4   1   6.48231062500E-03
   1   1   2   1.74978400000E-02
   2   1   2   7.11084375000E-04
   3   1   2  -6.48231062500E-03
   4   1   2   1.08420217249E-19
   1   2   2   7.11084375000E-04
   2   2   2   0.00000000000E+00
   3   2   2  -7.11084375000E-04
   4   2   2   0.00000000000E+00
   1   3   2  -6.48231062500E-03
   2   3   2  -7.11084375000E-04
   3   3   2   3.81319625000E-03
   4   3   2  -1.08420217249E-19
   1   4   2  -1.08420217249E-19
   2   4   2   0.00000000000E+00
   3   4   2   0.00000000000E+00
   4   4   2   0.00000000000E+00
   1   1   3  -3.24884125000E-03
   2   1   3   7.11084375000E-04
   3   1   3   0.00000000000E+00
   4   1   3   7.11084375000E-04
   1   2   3   7.11084375000E-04
   2   2   3   6.48231062500E-03
   3   2   3   0.00000000000E+00
   4   2   3  -3.81319625000E-03
   1   3   3  -4.33680868994E-19
   2   3   3  -1.08420217249E-19
   3   3   3  -2.16840434497E-19
   4   3   3  -1.08420217249E-19
   1   4   3   7.11084375000E-04
   2   4   3  -3.81319625000E-03
   3   4   3   0.00000000000E+00
   4   4   3   6.48231062500E-03
   1   1   4   1.74978400000E-02
   2   1   4   1.08420217249E-19
   3   1   4  -6.48231062500E-03
   4   1   4   7.11084375000E-04
   1   2   4  -1.08420217249E-19
   2   2   4   0.00000000000E+00
   3   2   4   0.00000000000E+00
   4   2   4   0.00000000000E+00
   1   3   4  -6.48231062500E-03
   2   3   4  -1.08420217249E-19
   3   3   4   3.81319625000E-03
   4   3   4  -7.11084375000E-04
   1   4   4   7.11084375000E-04
   2   4   4   0.00000000000E+00
   3   4   4  -7.11084375000E-04
   4   4   4   0.00000000000E+00
   2   2   1   1
   1   1   1   7.36885787500E-02
   2   1   1   9.69391937500E-03
   3   1   1  -1.00035300000E-02
   4   1   1   9.69391937500E-03
   1   2   1  -1.37408121875E-02
   2   2   1  -1.65516531250E-03
   3   2   1  -1.65516531250E-03
   4   2   1  -1.37408121875E-02
   1   3   1   2.04572375000E-03
   2   3   1   8.28098750000E-04
   3   3   1   2.04572375000E-03
   4   3   1   8.28098750000E-04
   1   4   1  -1.37408121875E-02
   2   4   1  -1.37408121875E-02
   3   4   1  -1.65516531250E-03
   4   4   1  -1.65516531250E-03
   1   1   2  -1.37408121875E-02
   2   1   2  -1.65516531250E-03
   3   1   2  -1.65516531250E-03
   4   1   2  -1.37408121875E-02
   1   2   2   8.28098750000E-04
   2   2   2   1.57524125000E-02
   3   2   2   8.28098750000E-04
   4   2   2  -1.01684300000E-02
   1   3   2  -1.65516531250E-03
   2   3   2  -1.65516531250E-03
   3   3   2   4.46029656250E-03
   4   3   2   4.46029656250E-03
   1   4   2   9.69391937500E-03
   2   4   2   1.01271125000E-03
   3   4   2  -5.88902187500E-03
   4   4   2   1.01271125000E-03
   1   1   3   2.04572375000E-03
   2   1   3   8.28098750000E-04
   3   1   3   2.04572375000E-03
   4   1   3   8.28098750000E-04
   1   2   3  -1.65516531250E-03
   2   2   3  -1.65516531250E-03
   3   2   3   4.46029656250E-03
   4   2   3   4.46029656250E-03
   1   3   3  -1.00035300000E-02
   2   3   3  -5.88902187500E-03
   3   3   3   1.91966625000E-03
   4   3   3  -5.88902187500E-03
   1   4   3  -1.65516531250E-03
   2   4   3   4.46029656250E-03
   3   4   3   4.46029656250E-03
   4   4   3  -1.65516531250E-03
   1   1   4  -1.37408121875E-02
   2   1   4  -1.37408121875E-02
   3   1   4  -1.65516531250E-03
   4   1   4  -1.65516531250E-03
   1   2   4   9.69391937500E-03
   2   2   4   1.01271125000E-03
   3   2   4  -5.88902187500E-03
   4   2   4   1.01271125000E-03
   1   3   4  -1.65516531250E-03
   2   3   4   4.46029656250E-03
   3   3   4   4.46029656250E-03
   4   3   4  -1.65516531250E-03
   1   4   4   8.28098750000E-04
   2   4   4  -1.01684300000E-02
   3   4   4   8.28098750000E-04
   4   4   4   1.57524125000E-02
   2   3   1   1
   1   1   1  -6.50521303491E-19
   2   1   1  -1.08420217249E-19
   3   1   1  -2.16840434497E-19
   4   1   1  -1.08420217249E-19
   1   2   1  -1.74978400000E-02
   2   2   1  -7.11084375000E-04
   3   2   1   6.48231062500E-03
   4   2   1  -1.08420217249E-19
   1   3   1   3.24884125000E-03
   2   3   1  -7.11084375000E-04
   3   3   1  -1.08420217249E-19
   4   3   1  -7.11084375000E-04
   1   4   1  -1.74978400000E-02
   2   4   1  -1.08420217249E-19
   3   4   1   6.48231062500E-03
   4   4   1  -7.11084375000E-04
   1   1   2   1.08420217249E-19
   2   1   2  -6.48231062500E-03
   3   1   2   7.11084375000E-04
   4   1   2   1.74978400000E-02
   1   2   2  -7.11084375000E-04
   2   2   2   0.00000000000E+00
   3   2   2   7.11084375000E-04
   4   2   2   0.00000000000E+00
   1   3   2  -7.11084375000E-04
   2   3   2  -6.48231062500E-03
   3   3   2   0.00000000000E+00
   4   3   2   3.81319625000E-03
   1   4   2   1.08420217249E-19
   2   4   2   0.00000000000E+00
   3   4   2   0.00000000000E+00
   4   4   2   0.00000000000E+00
   1   1   3   4.33680868994E-19
   2   1   3   7.11084375000E-04
   3   1   3  -3.24884125000E-03
   4   1   3   7.11084375000E-04
   1   2   3   6.48231062500E-03
   2   2   3   7.11084375000E-04
   3   2   3  -3.81319625000E-03
   4   2   3   1.08420217249E-19
   1   3   3   4.33680868994E-19
   2   3   3   1.08420217249E-19
   3   3   3   1.08420217249E-19
   4   3   3   1.08420217249E-19
   1   4   3   6.48231062500E-03
   2   4   3   1.08420217249E-19
   3   4   3  -3.81319625000E-03
   4   4   3   7.11084375000E-04
   1   1   4   1.08420217249E-19
   2   1   4   1.74978400000E-02
   3   1   4   7.11084375000E-04
   4   1   4  -6.48231062500E-03
   1   2   4   1.08420217249E-19
   2   2   4   0.00000000000E+00
   3   2   4   0.00000000000E+00
   4   2   4   0.00000000000E+00
   1   3   4  -7.11084375000E-04
   2   3   4   3.81319625000E-03
   3   3   4   0.00000000000E+00
   4   3   4  -6.48231062500E-03
   1   4   4  -7.11084375000E-04
   2   4   4   0.00000000000E+00
   3   4   4   7.11084375000E-04
   4   4   4   0.00000000000E+00
   3   1   1   1
   1   1   1  -6.50521303491E-19
   2   1   1   1.74978400000E-02
   3   1   1  -3.24884125000E-03
   4   1   1   1.74978400000E-02
   1   2   1   1.08420217249E-19
   2   2   1   7.11084375000E-04
   3   2   1   7.11084375000E-04
   4   2   1  -1.08420217249E-19
   1   3   1   4.33680868994E-19
   2   3   1  -6.48231062500E-03
   3   3   1  -1.08420217249E-19
   4   3   1  -6.48231062500E-03
   1   4   1   1.08420217249E-19
   2   4   1  -1.08420217249E-19
   3   4   1   7.11084375000E-04
   4   4   1   7.11084375000E-04
   1   1   2   1.08420217249E-19
   2   1   2   7.11084375000E-04
   3   1   2   7.11084375000E-04
   4   1   2  -1.08420217249E-19
   1   2   2   6.48231062500E-03
   2   2   2   0.00000000000E+00
   3   2   2   6.48231062500E-03
   4   2   2   0.00000000000E+00
   1   3   2  -7.11084375000E-04
   2   3   2  -7.11084375000E-04
   3   3   2   0.00000000000E+00
   4   3   2   1.08420217249E-19
   1   4   2  -1.74978400000E-02
   2   4   2   0.00000000000E+00
   3   4   2  -3.81319625000E-03
   4   4   2   0.00000000000E+00
   1   1   3   4.33680868994E-19
   2   1   3  -6.48231062500E-03
   3   1   3  -2.16840434497E-19
   4   1   3  -6.48231062500E-03
   1   2   3  -7.11084375000E-04
   2   2   3  -7.11084375000E-04
   3   2   3   0.00000000000E+00
   4   2   3   1.08420217249E-19
   1   3   3   3.24884125000E-03
   2   3   3   3.81319625000E-03
   3   3   3   1.08420217249E-19
   4   3   3   3.81319625000E-03
   1   4   3  -7.11084375000E-04
   2   4   3   1.08420217249E-19
   3   4   3   0.00000000000E+00
   4   4   3  -7.11084375000E-04
   1   1   4   1.08420217249E-19
   2   1   4  -1.08420217249E-19
   3   1   4   7.11084375000E-04
   4   1   4   7.11084375000E-04
   1   2   4  -1.74978400000E-02
   2   2   4   0.00000000000E+00
   3   2   4  -3.81319625000E-03
   4   2   4   0.00000000000E+00
   1   3   4  -7.11084375000E-04
   2   3   4   1.08420217249E-19
   3   3   4   0.00000000000E+00
   4   3   4  -7.11084375000E-04
   1   4   4   6.48231062500E-03
   2   4   4   0.00000000000E+00
   3   4   4   6.48231062500E-03
   4   4   4   0.00000000000E+00
   3   2   1   1
   1   1   1  -6.50521303491E-19
   2   1   1  -1.08420217249E-19
   3   1   1  -2.16840434497E-19
   4   1   1  -1.08420217249E-19
   1   2   1  -1.74978400000E-02
   2   2   1  -7.11084375000E-04
   3   2   1   6.48231062500E-03
   4   2   1  -1.08420217249E-19
   1   3   1   3.24884125000E-03
   2   3   1  -7.11084375000E-04
   3   3   1  -1.08420217249E-19
   4   3   1  -7.11084375000E-04
   1   4   1  -1.74978400000E-02
   2   4   1  -1.08420217249E-19
   3   4   1   6.48231062500E-03
   4   4   1  -7.11084375000E-04
   1   1   2   1.08420217249E-19
   2   1   2  -6.48231062500E-03
   3   1   2   7.11084375000E-04
   4   1   2   1.74978400000E-02
   1   2   2  -7.11084375000E-04
   2   2   2   0.00000000000E+00
   3   2   2   7.11084375000E-04
   4   2   2   0.00000000000E+00
   1   3   2  -7.11084375000E-04
   2   3   2  -6.48231062500E-03
   3   3   2   0.00000000000E+00
   4   3   2   3.81319625000E-03
   1   4   2   1.08420217249E-19
   2   4   2   0.00000000000E+00
   3   4   2   0.00000000000E+00
   4   4   2   0.00000000000E+00
   1   1   3   4.33680868994E-19
   2   1   3   7.11084375000E-04
   3   1   3  -3.24884125000E-03
   4   1   3   7.11084375000E-04
   1   2   3   6.48231062500E-03
   2   2   3   7.11084375000E-04
   3   2   3  -3.81319625000E-03
   4   2   3   1.08420217249E-19
   1   3   3   4.33680868994E-19
   2   3   3   1.08420217249E-19
   3   3   3   1.08420217249E-19
   4   3   3   1.08420217249E-19
   1   4   3   6.48231062500E-03
   2   4   3   1.08420217249E-19
   3   4   3  -3.81319625000E-03
   4   4   3   7.11084375000E-04
   1   1   4   1.08420217249E-19
   2   1   4   1.74978400000E-02
   3   1   4   7.11084375000E-04
   4   1   4  -6.48231062500E-03
   1   2   4   1.08420217249E-19
   2   2   4   0.00000000000E+00
   3   2   4   0.00000000000E+00
   4   2   4   0.00000000000E+00
   1   3   4  -7.11084375000E-04
   2   3   4   3.81319625000E-03
   3   3   4   0.00000000000E+00
   4   3   4  -6.48231062500E-03
   1   4   4  -7.11084375000E-04
   2   4   4   0.00000000000E+00
   3   4   4   7.11084375000E-04
   4   4   4   0.00000000000E+00
   3   3   1   1
   1   1   1   7.36885787500E-02
   2   1   1  -1.37408121875E-02
   3   1   1   2.04572375000E-03
   4   1   1  -1.37408121875E-02
   1   2   1  -1.37408121875E-02
   2   2   1   8.28098750000E-04
   3   2   1  -1.65516531250E-03
   4   2   1   9.69391937500E-03
   1   3   1   2.04572375000E-03
   2   3   1  -1.65516531250E-03
   3   3   1  -1.00035300000E-02
   4   3   1  -1.65516531250E-03
   1   4   1  -1.37408121875E-02
   2   4   1   9.69391937500E-03
   3   4   1  -1.65516531250E-03
   4   4   1   8.28098750000E-04
   1   1   2   9.69391937500E-03
   2   1   2  -1.65516531250E-03
   3   1   2   8.28098750000E-04
   4   1   2  -1.37408121875E-02
   1   2   2  -1.65516531250E-03
   2   2   2   1.57524125000E-02
   3   2   2  -1.65516531250E-03
   4   2   2   1.01271125000E-03
   1   3   2   8.28098750000E-04
   2   3   2  -1.65516531250E-03
   3   3   2  -5.88902187500E-03
   4   3   2   4.46029656250E-03
   1   4   2  -1.37408121875E-02
   2   4   2   1.01271125000E-03
   3   4   2   4.46029656250E-03
   4   4   2  -1.01684300000E-02
   1   1   3  -1.00035300000E-02
   2   1   3  -1.65516531250E-03
   3   1   3   2.04572375000E-03
   4   1   3  -1.65516531250E-03
   1   2   3  -1.65516531250E-03
   2   2   3   8.28098750000E-04
   3   2   3   4.46029656250E-03
   4   2   3  -5.88902187500E-03
   1   3   3   2.04572375000E-03
   2   3   3   4.46029656250E-03
   3   3   3   1.91966625000E-03
   4   3   3   4.46029656250E-03
   1   4   3  -1.65516531250E-03
   2   4   3  -5.88902187500E-03
   3   4   3   4.46029656250E-03
   4   4   3   8.28098750000E-04
   1   1   4   9.69391937500E-03
   2   1   4  -1.37408121875E-02
   3   1   4   8.28098750000E-04
   4   1   4  -1.65516531250E-03
   1   2   4  -1.37408121875E-02
   2   2   4  -1.01684300000E-02
   3   2   4   4.46029656250E-03
   4   2   4   1.01271125000E-03
   1   3   4   8.28098750000E-04
   2   3   4   4.46029656250E-03
   3   3   4  -5.88902187500E-03
   4   3   4  -1.65516531250E-03
   1   4   4  -1.65516531250E-03
   2   4   4   1.01271125000E-03
   3   4   4  -1.65516531250E-03
   4   4   4   1.57524125000E-02
