   1.0000000000000000E-002  0.61203450603710885        1.8817605071596879     
   4   4   4
   1   1   1   1
   1   1   1   7.23104345312E-02
   2   1   1  -1.05312595312E-02
   3   1   1   9.13998906250E-04
   4   1   1  -1.05312595312E-02
   1   2   1   9.73397328125E-03
   2   2   1  -4.80128281250E-04
   3   2   1  -9.56267343750E-04
   4   2   1  -1.05312595312E-02
   1   3   1  -3.03184054688E-02
   2   3   1  -4.80128281250E-04
   3   3   1   9.13998906250E-04
   4   3   1  -4.80128281250E-04
   1   4   1   9.73397328125E-03
   2   4   1  -1.05312595312E-02
   3   4   1  -9.56267343750E-04
   4   4   1  -4.80128281250E-04
   1   1   2  -1.05312595312E-02
   2   1   2  -9.56267343750E-04
   3   1   2  -4.80128281250E-04
   4   1   2   9.73397328125E-03
   1   2   2  -4.80128281250E-04
   2   2   2   3.49406620312E-02
   3   2   2  -4.80128281250E-04
   4   2   2   1.40190640625E-03
   1   3   2  -4.80128281250E-04
   2   3   2  -9.56267343750E-04
   3   3   2   6.75736921875E-03
   4   3   2  -1.03199929688E-02
   1   4   2  -1.05312595312E-02
   2   4   2  -2.90974942188E-02
   3   4   2   6.75736921875E-03
   4   4   2   1.40190640625E-03
   1   1   3   9.13998906250E-04
   2   1   3  -4.80128281250E-04
   3   1   3  -3.03184054688E-02
   4   1   3  -4.80128281250E-04
   1   2   3  -9.56267343750E-04
   2   2   3  -4.80128281250E-04
   3   2   3  -1.03199929688E-02
   4   2   3   6.75736921875E-03
   1   3   3   9.13998906250E-04
   2   3   3   6.75736921875E-03
   3   3   3   1.52438120313E-02
   4   3   3   6.75736921875E-03
   1   4   3  -9.56267343750E-04
   2   4   3   6.75736921875E-03
   3   4   3  -1.03199929688E-02
   4   4   3  -4.80128281250E-04
   1   1   4  -1.05312595312E-02
   2   1   4   9.73397328125E-03
   3   1   4  -4.80128281250E-04
   4   1   4  -9.56267343750E-04
   1   2   4  -1.05312595312E-02
   2   2   4   1.40190640625E-03
   3   2   4   6.75736921875E-03
   4   2   4  -2.90974942188E-02
   1   3   4  -4.80128281250E-04
   2   3   4  -1.03199929688E-02
   3   3   4   6.75736921875E-03
   4   3   4  -9.56267343750E-04
   1   4   4  -4.80128281250E-04
   2   4   4   1.40190640625E-03
   3   4   4  -4.80128281250E-04
   4   4   4   3.49406620312E-02
   1   2   1   1
   1   1   1  -2.16840434497E-19
   2   1   1   0.00000000000E+00
   3   1   1   0.00000000000E+00
   4   1   1   0.00000000000E+00
   1   2   1   0.00000000000E+00
   2   2   1   1.59059525000E-02
   3   2   1  -1.51788625000E-03
   4   2   1  -2.06346750000E-02
   1   3   1   0.00000000000E+00
   2   3   1  -1.51788625000E-03
   3   3   1   4.50972500000E-04
   4   3   1  -1.51788625000E-03
   1   4   1   0.00000000000E+00
   2   4   1  -2.06346750000E-02
   3   4   1  -1.51788625000E-03
   4   4   1   1.59059525000E-02
   1   1   2   2.06346750000E-02
   2   1   2   1.51788625000E-03
   3   1   2  -1.59059525000E-02
   4   1   2   0.00000000000E+00
   1   2   2   1.51788625000E-03
   2   2   2   0.00000000000E+00
   3   2   2  -1.51788625000E-03
   4   2   2   0.00000000000E+00
   1   3   2  -1.59059525000E-02
   2   3   2  -1.51788625000E-03
   3   3   2   1.33292975000E-02
   4   3   2   0.00000000000E+00
   1   4   2   0.00000000000E+00
   2   4   2   0.00000000000E+00
   3   4   2   0.00000000000E+00
   4   4   2   0.00000000000E+00
   1   1   3  -4.50972500000E-04
   2   1   3   1.51788625000E-03
   3   1   3   0.00000000000E+00
   4   1   3   1.51788625000E-03
   1   2   3   1.51788625000E-03
   2   2   3   1.59059525000E-02
   3   2   3   0.00000000000E+00
   4   2   3  -1.33292975000E-02
   1   3   3   0.00000000000E+00
   2   3   3   0.00000000000E+00
   3   3   3   2.16840434497E-19
   4   3   3   0.00000000000E+00
   1   4   3   1.51788625000E-03
   2   4   3  -1.33292975000E-02
   3   4   3   0.00000000000E+00
   4   4   3   1.59059525000E-02
   1   1   4   2.06346750000E-02
   2   1   4   0.00000000000E+00
   3   1   4  -1.59059525000E-02
   4   1   4   1.51788625000E-03
   1   2   4   0.00000000000E+00
   2   2   4   0.00000000000E+00
   3   2   4   0.00000000000E+00
   4   2   4   0.00000000000E+00
   1   3   4  -1.59059525000E-02
   2   3   4   0.00000000000E+00
   3   3   4   1.33292975000E-02
   4   3   4  -1.51788625000E-03
   1   4   4   1.51788625000E-03
   2   4   4   0.00000000000E+00
   3   4   4  -1.51788625000E-03
   4   4   4   0.00000000000E+00
   1   3   1   1
   1   1   1   1.08420217249E-19
   2   1   1   2.06346750000E-02
   3   1   1  -4.50972500000E-04
   4   1   1   2.06346750000E-02
   1   2   1   0.00000000000E+00
   2   2   1   1.51788625000E-03
   3   2   1   1.51788625000E-03
   4   2   1   0.00000000000E+00
   1   3   1  -1.08420217249E-19
   2   3   1  -1.59059525000E-02
   3   3   1   1.62630325873E-19
   4   3   1  -1.59059525000E-02
   1   4   1   0.00000000000E+00
   2   4   1   0.00000000000E+00
   3   4   1   1.51788625000E-03
   4   4   1   1.51788625000E-03
   1   1   2   0.00000000000E+00
   2   1   2   1.51788625000E-03
   3   1   2   1.51788625000E-03
   4   1   2   1.08420217249E-19
   1   2   2   1.59059525000E-02
   2   2   2   0.00000000000E+00
   3   2   2   1.59059525000E-02
   4   2   2   0.00000000000E+00
   1   3   2  -1.51788625000E-03
   2   3   2  -1.51788625000E-03
   3   3   2  -5.42101086243E-20
   4   3   2   1.08420217249E-19
   1   4   2  -2.06346750000E-02
   2   4   2   0.00000000000E+00
   3   4   2  -1.33292975000E-02
   4   4   2   0.00000000000E+00
   1   1   3  -1.08420217249E-19
   2   1   3  -1.59059525000E-02
   3   1   3   1.08420217249E-19
   4   1   3  -1.59059525000E-02
   1   2   3  -1.51788625000E-03
   2   2   3  -1.51788625000E-03
   3   2   3  -1.08420217249E-19
   4   2   3   0.00000000000E+00
   1   3   3   4.50972500000E-04
   2   3   3   1.33292975000E-02
   3   3   3  -5.42101086243E-20
   4   3   3   1.33292975000E-02
   1   4   3  -1.51788625000E-03
   2   4   3   0.00000000000E+00
   3   4   3  -1.08420217249E-19
   4   4   3  -1.51788625000E-03
   1   1   4   0.00000000000E+00
   2   1   4   1.08420217249E-19
   3   1   4   1.51788625000E-03
   4   1   4   1.51788625000E-03
   1   2   4  -2.06346750000E-02
   2   2   4   0.00000000000E+00
   3   2   4  -1.33292975000E-02
   4   2   4   0.00000000000E+00
   1   3   4  -1.51788625000E-03
   2   3   4   1.08420217249E-19
   3   3   4  -5.42101086243E-20
   4   3   4  -1.51788625000E-03
   1   4   4   1.59059525000E-02
   2   4   4   0.00000000000E+00
   3   4   4   1.59059525000E-02
   4   4   4   0.00000000000E+00
   2   1   1   1
   1   1   1  -2.16840434497E-19
   2   1   1   0.00000000000E+00
   3   1   1   0.00000000000E+00
   4   1   1   0.00000000000E+00
   1   2   1   0.00000000000E+00
   2   2   1   1.59059525000E-02
   3   2   1  -1.51788625000E-03
   4   2   1  -2.06346750000E-02
   1   3   1   0.00000000000E+00
   2   3   1  -1.51788625000E-03
   3   3   1   4.50972500000E-04
   4   3   1  -1.51788625000E-03
   1   4   1   0.00000000000E+00
   2   4   1  -2.06346750000E-02
   3   4   1  -1.51788625000E-03
   4   4   1   1.59059525000E-02
   1   1   2   2.06346750000E-02
   2   1   2   1.51788625000E-03
   3   1   2  -1.59059525000E-02
   4   1   2   0.00000000000E+00
   1   2   2   1.51788625000E-03
   2   2   2   0.00000000000E+00
   3   2   2  -1.51788625000E-03
   4   2   2   0.00000000000E+00
   1   3   2  -1.59059525000E-02
   2   3   2  -1.51788625000E-03
   3   3   2   1.33292975000E-02
   4   3   2   0.00000000000E+00
   1   4   2   0.00000000000E+00
   2   4   2   0.00000000000E+00
   3   4   2   0.00000000000E+00
   4   4   2   0.00000000000E+00
   1   1   3  -4.50972500000E-04
   2   1   3   1.51788625000E-03
   3   1   3   0.00000000000E+00
   4   1   3   1.51788625000E-03
   1   2   3   1.51788625000E-03
   2   2   3   1.59059525000E-02
   3   2   3   0.00000000000E+00
   4   2   3  -1.33292975000E-02
   1   3   3   0.00000000000E+00
   2   3   3   0.00000000000E+00
   3   3   3   2.16840434497E-19
   4   3   3   0.00000000000E+00
   1   4   3   1.51788625000E-03
   2   4   3  -1.33292975000E-02
   3   4   3   0.00000000000E+00
   4   4   3   1.59059525000E-02
   1   1   4   2.06346750000E-02
   2   1   4   0.00000000000E+00
   3   1   4  -1.59059525000E-02
   4   1   4   1.51788625000E-03
   1   2   4   0.00000000000E+00
   2   2   4   0.00000000000E+00
   3   2   4   0.00000000000E+00
   4   2   4   0.00000000000E+00
   1   3   4  -1.59059525000E-02
   2   3   4   0.00000000000E+00
   3   3   4   1.33292975000E-02
   4   3   4  -1.51788625000E-03
   1   4   4   1.51788625000E-03
   2   4   4   0.00000000000E+00
   3   4   4  -1.51788625000E-03
   4   4   4   0.00000000000E+00
   2   2   1   1
   1   1   1   7.23104345312E-02
   2   1   1   9.73397328125E-03
   3   1   1  -3.03184054688E-02
   4   1   1   9.73397328125E-03
   1   2   1  -1.05312595312E-02
   2   2   1  -4.80128281250E-04
   3   2   1  -4.80128281250E-04
   4   2   1  -1.05312595312E-02
   1   3   1   9.13998906250E-04
   2   3   1  -9.56267343750E-04
   3   3   1   9.13998906250E-04
   4   3   1  -9.56267343750E-04
   1   4   1  -1.05312595312E-02
   2   4   1  -1.05312595312E-02
   3   4   1  -4.80128281250E-04
   4   4   1  -4.80128281250E-04
   1   1   2  -1.05312595312E-02
   2   1   2  -4.80128281250E-04
   3   1   2  -4.80128281250E-04
   4   1   2  -1.05312595312E-02
   1   2   2  -9.56267343750E-04
   2   2   2   3.49406620312E-02
   3   2   2  -9.56267343750E-04
   4   2   2  -2.90974942188E-02
   1   3   2  -4.80128281250E-04
   2   3   2  -4.80128281250E-04
   3   3   2   6.75736921875E-03
   4   3   2   6.75736921875E-03
   1   4   2   9.73397328125E-03
   2   4   2   1.40190640625E-03
   3   4   2  -1.03199929688E-02
   4   4   2   1.40190640625E-03
   1   1   3   9.13998906250E-04
   2   1   3  -9.56267343750E-04
   3   1   3   9.13998906250E-04
   4   1   3  -9.56267343750E-04
   1   2   3  -4.80128281250E-04
   2   2   3  -4.80128281250E-04
   3   2   3   6.75736921875E-03
   4   2   3   6.75736921875E-03
   1   3   3  -3.03184054688E-02
   2   3   3  -1.03199929688E-02
   3   3   3   1.52438120313E-02
   4   3   3  -1.03199929688E-02
   1   4   3  -4.80128281250E-04
   2   4   3   6.75736921875E-03
   3   4   3   6.75736921875E-03
   4   4   3  -4.80128281250E-04
   1   1   4  -1.05312595312E-02
   2   1   4  -1.05312595312E-02
   3   1   4  -4.80128281250E-04
   4   1   4  -4.80128281250E-04
   1   2   4   9.73397328125E-03
   2   2   4   1.40190640625E-03
   3   2   4  -1.03199929688E-02
   4   2   4   1.40190640625E-03
   1   3   4  -4.80128281250E-04
   2   3   4   6.75736921875E-03
   3   3   4   6.75736921875E-03
   4   3   4  -4.80128281250E-04
   1   4   4  -9.56267343750E-04
   2   4   4  -2.90974942188E-02
   3   4   4  -9.56267343750E-04
   4   4   4   3.49406620312E-02
   2   3   1   1
   1   1   1   1.08420217249E-19
   2   1   1   1.08420217249E-19
   3   1   1   1.08420217249E-19
   4   1   1   1.08420217249E-19
   1   2   1  -2.06346750000E-02
   2   2   1  -1.51788625000E-03
   3   2   1   1.59059525000E-02
   4   2   1   0.00000000000E+00
   1   3   1   4.50972500000E-04
   2   3   1  -1.51788625000E-03
   3   3   1   1.62630325873E-19
   4   3   1  -1.51788625000E-03
   1   4   1  -2.06346750000E-02
   2   4   1   0.00000000000E+00
   3   4   1   1.59059525000E-02
   4   4   1  -1.51788625000E-03
   1   1   2   0.00000000000E+00
   2   1   2  -1.59059525000E-02
   3   1   2   1.51788625000E-03
   4   1   2   2.06346750000E-02
   1   2   2  -1.51788625000E-03
   2   2   2   0.00000000000E+00
   3   2   2   1.51788625000E-03
   4   2   2   0.00000000000E+00
   1   3   2  -1.51788625000E-03
   2   3   2  -1.59059525000E-02
   3   3   2  -5.42101086243E-20
   4   3   2   1.33292975000E-02
   1   4   2   0.00000000000E+00
   2   4   2   0.00000000000E+00
   3   4   2  -1.08420217249E-19
   4   4   2   0.00000000000E+00
   1   1   3  -1.08420217249E-19
   2   1   3   1.51788625000E-03
   3   1   3  -4.50972500000E-04
   4   1   3   1.51788625000E-03
   1   2   3   1.59059525000E-02
   2   2   3   1.51788625000E-03
   3   2   3  -1.33292975000E-02
   4   2   3   0.00000000000E+00
   1   3   3  -1.08420217249E-19
   2   3   3   1.08420217249E-19
   3   3   3  -5.42101086243E-20
   4   3   3   1.08420217249E-19
   1   4   3   1.59059525000E-02
   2   4   3   0.00000000000E+00
   3   4   3  -1.33292975000E-02
   4   4   3   1.51788625000E-03
   1   1   4   0.00000000000E+00
   2   1   4   2.06346750000E-02
   3   1   4   1.51788625000E-03
   4   1   4  -1.59059525000E-02
   1   2   4   0.00000000000E+00
   2   2   4   0.00000000000E+00
   3   2   4  -1.08420217249E-19
   4   2   4   0.00000000000E+00
   1   3   4  -1.51788625000E-03
   2   3   4   1.33292975000E-02
   3   3   4  -5.42101086243E-20
   4   3   4  -1.59059525000E-02
   1   4   4  -1.51788625000E-03
   2   4   4   0.00000000000E+00
   3   4   4   1.51788625000E-03
   4   4   4   0.00000000000E+00
   3   1   1   1
   1   1   1   1.08420217249E-19
   2   1   1   2.06346750000E-02
   3   1   1  -4.50972500000E-04
   4   1   1   2.06346750000E-02
   1   2   1   0.00000000000E+00
   2   2   1   1.51788625000E-03
   3   2   1   1.51788625000E-03
   4   2   1   0.00000000000E+00
   1   3   1  -1.08420217249E-19
   2   3   1  -1.59059525000E-02
   3   3   1   1.62630325873E-19
   4   3   1  -1.59059525000E-02
   1   4   1   0.00000000000E+00
   2   4   1   0.00000000000E+00
   3   4   1   1.51788625000E-03
   4   4   1   1.51788625000E-03
   1   1   2   0.00000000000E+00
   2   1   2   1.51788625000E-03
   3   1   2   1.51788625000E-03
   4   1   2   1.08420217249E-19
   1   2   2   1.59059525000E-02
   2   2   2   0.00000000000E+00
   3   2   2   1.59059525000E-02
   4   2   2   0.00000000000E+00
   1   3   2  -1.51788625000E-03
   2   3   2  -1.51788625000E-03
   3   3   2  -5.42101086243E-20
   4   3   2   1.08420217249E-19
   1   4   2  -2.06346750000E-02
   2   4   2   0.00000000000E+00
   3   4   2  -1.33292975000E-02
   4   4   2   0.00000000000E+00
   1   1   3  -1.08420217249E-19
   2   1   3  -1.59059525000E-02
   3   1   3   1.08420217249E-19
   4   1   3  -1.59059525000E-02
   1   2   3  -1.51788625000E-03
   2   2   3  -1.51788625000E-03
   3   2   3  -1.08420217249E-19
   4   2   3   0.00000000000E+00
   1   3   3   4.50972500000E-04
   2   3   3   1.33292975000E-02
   3   3   3  -5.42101086243E-20
   4   3   3   1.33292975000E-02
   1   4   3  -1.51788625000E-03
   2   4   3   0.00000000000E+00
   3   4   3  -1.08420217249E-19
   4   4   3  -1.51788625000E-03
   1   1   4   0.00000000000E+00
   2   1   4   1.08420217249E-19
   3   1   4   1.51788625000E-03
   4   1   4   1.51788625000E-03
   1   2   4  -2.06346750000E-02
   2   2   4   0.00000000000E+00
   3   2   4  -1.33292975000E-02
   4   2   4   0.00000000000E+00
   1   3   4  -1.51788625000E-03
   2   3   4   1.08420217249E-19
   3   3   4  -5.42101086243E-20
   4   3   4  -1.51788625000E-03
   1   4   4   1.59059525000E-02
   2   4   4   0.00000000000E+00
   3   4   4   1.59059525000E-02
   4   4   4   0.00000000000E+00
   3   2   1   1
   1   1   1   1.08420217249E-19
   2   1   1   1.08420217249E-19
   3   1   1   1.08420217249E-19
   4   1   1   1.08420217249E-19
   1   2   1  -2.06346750000E-02
   2   2   1  -1.51788625000E-03
   3   2   1   1.59059525000E-02
   4   2   1   0.00000000000E+00
   1   3   1   4.50972500000E-04
   2   3   1  -1.51788625000E-03
   3   3   1   1.62630325873E-19
   4   3   1  -1.51788625000E-03
   1   4   1  -2.06346750000E-02
   2   4   1   0.00000000000E+00
   3   4   1   1.59059525000E-02
   4   4   1  -1.51788625000E-03
   1   1   2   0.00000000000E+00
   2   1   2  -1.59059525000E-02
   3   1   2   1.51788625000E-03
   4   1   2   2.06346750000E-02
   1   2   2  -1.51788625000E-03
   2   2   2   0.00000000000E+00
   3   2   2   1.51788625000E-03
   4   2   2   0.00000000000E+00
   1   3   2  -1.51788625000E-03
   2   3   2  -1.59059525000E-02
   3   3   2  -5.42101086243E-20
   4   3   2   1.33292975000E-02
   1   4   2   0.00000000000E+00
   2   4   2   0.00000000000E+00
   3   4   2  -1.08420217249E-19
   4   4   2   0.00000000000E+00
   1   1   3  -1.08420217249E-19
   2   1   3   1.51788625000E-03
   3   1   3  -4.50972500000E-04
   4   1   3   1.51788625000E-03
   1   2   3   1.59059525000E-02
   2   2   3   1.51788625000E-03
   3   2   3  -1.33292975000E-02
   4   2   3   0.00000000000E+00
   1   3   3  -1.08420217249E-19
   2   3   3   1.08420217249E-19
   3   3   3  -5.42101086243E-20
   4   3   3   1.08420217249E-19
   1   4   3   1.59059525000E-02
   2   4   3   0.00000000000E+00
   3   4   3  -1.33292975000E-02
   4   4   3   1.51788625000E-03
   1   1   4   0.00000000000E+00
   2   1   4   2.06346750000E-02
   3   1   4   1.51788625000E-03
   4   1   4  -1.59059525000E-02
   1   2   4   0.00000000000E+00
   2   2   4   0.00000000000E+00
   3   2   4  -1.08420217249E-19
   4   2   4   0.00000000000E+00
   1   3   4  -1.51788625000E-03
   2   3   4   1.33292975000E-02
   3   3   4  -5.42101086243E-20
   4   3   4  -1.59059525000E-02
   1   4   4  -1.51788625000E-03
   2   4   4   0.00000000000E+00
   3   4   4   1.51788625000E-03
   4   4   4   0.00000000000E+00
   3   3   1   1
   1   1   1   7.23104345312E-02
   2   1   1  -1.05312595312E-02
   3   1   1   9.13998906250E-04
   4   1   1  -1.05312595312E-02
   1   2   1  -1.05312595312E-02
   2   2   1  -9.56267343750E-04
   3   2   1  -4.80128281250E-04
   4   2   1   9.73397328125E-03
   1   3   1   9.13998906250E-04
   2   3   1  -4.80128281250E-04
   3   3   1  -3.03184054688E-02
   4   3   1  -4.80128281250E-04
   1   4   1  -1.05312595312E-02
   2   4   1   9.73397328125E-03
   3   4   1  -4.80128281250E-04
   4   4   1  -9.56267343750E-04
   1   1   2   9.73397328125E-03
   2   1   2  -4.80128281250E-04
   3   1   2  -9.56267343750E-04
   4   1   2  -1.05312595312E-02
   1   2   2  -4.80128281250E-04
   2   2   2   3.49406620312E-02
   3   2   2  -4.80128281250E-04
   4   2   2   1.40190640625E-03
   1   3   2  -9.56267343750E-04
   2   3   2  -4.80128281250E-04
   3   3   2  -1.03199929688E-02
   4   3   2   6.75736921875E-03
   1   4   2  -1.05312595312E-02
   2   4   2   1.40190640625E-03
   3   4   2   6.75736921875E-03
   4   4   2  -2.90974942188E-02
   1   1   3  -3.03184054688E-02
   2   1   3  -4.80128281250E-04
   3   1   3   9.13998906250E-04
   4   1   3  -4.80128281250E-04
   1   2   3  -4.80128281250E-04
   2   2   3  -9.56267343750E-04
   3   2   3   6.75736921875E-03
   4   2   3  -1.03199929688E-02
   1   3   3   9.13998906250E-04
   2   3   3   6.75736921875E-03
   3   3   3   1.52438120313E-02
   4   3   3   6.75736921875E-03
   1   4   3  -4.80128281250E-04
   2   4   3  -1.03199929688E-02
   3   4   3   6.75736921875E-03
   4   4   3  -9.56267343750E-04
   1   1   4   9.73397328125E-03
   2   1   4  -1.05312595312E-02
   3   1   4  -9.56267343750E-04
   4   1   4  -4.80128281250E-04
   1   2   4  -1.05312595312E-02
   2   2   4  -2.90974942188E-02
   3   2   4   6.75736921875E-03
   4   2   4   1.40190640625E-03
   1   3   4  -9.56267343750E-04
   2   3   4   6.75736921875E-03
   3   3   4  -1.03199929688E-02
   4   3   4  -4.80128281250E-04
   1   4   4  -4.80128281250E-04
   2   4   4   1.40190640625E-03
   3   4   4  -4.80128281250E-04
   4   4   4   3.49406620312E-02
