  2.50000000000000014E-002  0.61134637607808040        2.3298185058364975     
   4   4   4
   1   1   1   1
   1   1   1   7.13710881250E-02
   2   1   1  -1.29065940625E-02
   3   1   1   1.48455562500E-03
   4   1   1  -1.29065940625E-02
   1   2   1   8.88231125000E-03
   2   2   1  -1.37502218750E-03
   3   2   1   1.10410625000E-04
   4   2   1  -1.29065940625E-02
   1   3   1  -6.32104812500E-03
   2   3   1  -1.37502218750E-03
   3   3   1   1.48455562500E-03
   4   3   1  -1.37502218750E-03
   1   4   1   8.88231125000E-03
   2   4   1  -1.29065940625E-02
   3   4   1   1.10410625000E-04
   4   4   1  -1.37502218750E-03
   1   1   2  -1.29065940625E-02
   2   1   2   1.10410625000E-04
   3   1   2  -1.37502218750E-03
   4   1   2   8.88231125000E-03
   1   2   2  -1.37502218750E-03
   2   2   2   1.10346362500E-02
   3   2   2  -1.37502218750E-03
   4   2   2   8.35076250000E-04
   1   3   2  -1.37502218750E-03
   2   3   2   1.10410625000E-04
   3   3   2   3.71300843750E-03
   4   3   2  -3.89106875000E-03
   1   4   2  -1.29065940625E-02
   2   4   2  -7.92206750000E-03
   3   4   2   3.71300843750E-03
   4   4   2   8.35076250000E-04
   1   1   3   1.48455562500E-03
   2   1   3  -1.37502218750E-03
   3   1   3  -6.32104812500E-03
   4   1   3  -1.37502218750E-03
   1   2   3   1.10410625000E-04
   2   2   3  -1.37502218750E-03
   3   2   3  -3.89106875000E-03
   4   2   3   3.71300843750E-03
   1   3   3   1.48455562500E-03
   2   3   3   3.71300843750E-03
   3   3   3   8.99668125000E-04
   4   3   3   3.71300843750E-03
   1   4   3   1.10410625000E-04
   2   4   3   3.71300843750E-03
   3   4   3  -3.89106875000E-03
   4   4   3  -1.37502218750E-03
   1   1   4  -1.29065940625E-02
   2   1   4   8.88231125000E-03
   3   1   4  -1.37502218750E-03
   4   1   4   1.10410625000E-04
   1   2   4  -1.29065940625E-02
   2   2   4   8.35076250000E-04
   3   2   4   3.71300843750E-03
   4   2   4  -7.92206750000E-03
   1   3   4  -1.37502218750E-03
   2   3   4  -3.89106875000E-03
   3   3   4   3.71300843750E-03
   4   3   4   1.10410625000E-04
   1   4   4  -1.37502218750E-03
   2   4   4   8.35076250000E-04
   3   4   4  -1.37502218750E-03
   4   4   4   1.10346362500E-02
   1   2   1   1
   1   1   1   8.67361737988E-19
   2   1   1   0.00000000000E+00
   3   1   1   0.00000000000E+00
   4   1   1   0.00000000000E+00
   1   2   1   0.00000000000E+00
   2   2   1   4.65758437500E-03
   3   2   1  -4.38478125000E-04
   4   2   1  -1.68477512500E-02
   1   3   1  -4.33680868994E-19
   2   3   1  -4.38478125000E-04
   3   3   1   3.67779375000E-03
   4   3   1  -4.38478125000E-04
   1   4   1   0.00000000000E+00
   2   4   1  -1.68477512500E-02
   3   4   1  -4.38478125000E-04
   4   4   1   4.65758437500E-03
   1   1   2   1.68477512500E-02
   2   1   2   4.38478125000E-04
   3   1   2  -4.65758437500E-03
   4   1   2   0.00000000000E+00
   1   2   2   4.38478125000E-04
   2   2   2   0.00000000000E+00
   3   2   2  -4.38478125000E-04
   4   2   2   0.00000000000E+00
   1   3   2  -4.65758437500E-03
   2   3   2  -4.38478125000E-04
   3   3   2   2.26379500000E-03
   4   3   2   0.00000000000E+00
   1   4   2   0.00000000000E+00
   2   4   2   0.00000000000E+00
   3   4   2   0.00000000000E+00
   4   4   2   0.00000000000E+00
   1   1   3  -3.67779375000E-03
   2   1   3   4.38478125000E-04
   3   1   3   0.00000000000E+00
   4   1   3   4.38478125000E-04
   1   2   3   4.38478125000E-04
   2   2   3   4.65758437500E-03
   3   2   3   0.00000000000E+00
   4   2   3  -2.26379500000E-03
   1   3   3  -4.33680868994E-19
   2   3   3   0.00000000000E+00
   3   3   3  -2.16840434497E-19
   4   3   3   0.00000000000E+00
   1   4   3   4.38478125000E-04
   2   4   3  -2.26379500000E-03
   3   4   3   0.00000000000E+00
   4   4   3   4.65758437500E-03
   1   1   4   1.68477512500E-02
   2   1   4   0.00000000000E+00
   3   1   4  -4.65758437500E-03
   4   1   4   4.38478125000E-04
   1   2   4   0.00000000000E+00
   2   2   4   0.00000000000E+00
   3   2   4   0.00000000000E+00
   4   2   4   0.00000000000E+00
   1   3   4  -4.65758437500E-03
   2   3   4   0.00000000000E+00
   3   3   4   2.26379500000E-03
   4   3   4  -4.38478125000E-04
   1   4   4   4.38478125000E-04
   2   4   4   0.00000000000E+00
   3   4   4  -4.38478125000E-04
   4   4   4   0.00000000000E+00
   1   3   1   1
   1   1   1  -4.33680868994E-19
   2   1   1   1.68477512500E-02
   3   1   1  -3.67779375000E-03
   4   1   1   1.68477512500E-02
   1   2   1   0.00000000000E+00
   2   2   1   4.38478125000E-04
   3   2   1   4.38478125000E-04
   4   2   1   0.00000000000E+00
   1   3   1   4.33680868994E-19
   2   3   1  -4.65758437500E-03
   3   3   1   0.00000000000E+00
   4   3   1  -4.65758437500E-03
   1   4   1   0.00000000000E+00
   2   4   1   0.00000000000E+00
   3   4   1   4.38478125000E-04
   4   4   1   4.38478125000E-04
   1   1   2   0.00000000000E+00
   2   1   2   4.38478125000E-04
   3   1   2   4.38478125000E-04
   4   1   2   4.33680868994E-19
   1   2   2   4.65758437500E-03
   2   2   2   0.00000000000E+00
   3   2   2   4.65758437500E-03
   4   2   2   0.00000000000E+00
   1   3   2  -4.38478125000E-04
   2   3   2  -4.38478125000E-04
   3   3   2   0.00000000000E+00
   4   3   2   0.00000000000E+00
   1   4   2  -1.68477512500E-02
   2   4   2   0.00000000000E+00
   3   4   2  -2.26379500000E-03
   4   4   2   0.00000000000E+00
   1   1   3   4.33680868994E-19
   2   1   3  -4.65758437500E-03
   3   1   3   0.00000000000E+00
   4   1   3  -4.65758437500E-03
   1   2   3  -4.38478125000E-04
   2   2   3  -4.38478125000E-04
   3   2   3   0.00000000000E+00
   4   2   3   0.00000000000E+00
   1   3   3   3.67779375000E-03
   2   3   3   2.26379500000E-03
   3   3   3   0.00000000000E+00
   4   3   3   2.26379500000E-03
   1   4   3  -4.38478125000E-04
   2   4   3   0.00000000000E+00
   3   4   3   0.00000000000E+00
   4   4   3  -4.38478125000E-04
   1   1   4   0.00000000000E+00
   2   1   4   4.33680868994E-19
   3   1   4   4.38478125000E-04
   4   1   4   4.38478125000E-04
   1   2   4  -1.68477512500E-02
   2   2   4   0.00000000000E+00
   3   2   4  -2.26379500000E-03
   4   2   4   0.00000000000E+00
   1   3   4  -4.38478125000E-04
   2   3   4   0.00000000000E+00
   3   3   4   0.00000000000E+00
   4   3   4  -4.38478125000E-04
   1   4   4   4.65758437500E-03
   2   4   4   0.00000000000E+00
   3   4   4   4.65758437500E-03
   4   4   4   0.00000000000E+00
   2   1   1   1
   1   1   1   8.67361737988E-19
   2   1   1   0.00000000000E+00
   3   1   1   0.00000000000E+00
   4   1   1   0.00000000000E+00
   1   2   1   0.00000000000E+00
   2   2   1   4.65758437500E-03
   3   2   1  -4.38478125000E-04
   4   2   1  -1.68477512500E-02
   1   3   1  -4.33680868994E-19
   2   3   1  -4.38478125000E-04
   3   3   1   3.67779375000E-03
   4   3   1  -4.38478125000E-04
   1   4   1   0.00000000000E+00
   2   4   1  -1.68477512500E-02
   3   4   1  -4.38478125000E-04
   4   4   1   4.65758437500E-03
   1   1   2   1.68477512500E-02
   2   1   2   4.38478125000E-04
   3   1   2  -4.65758437500E-03
   4   1   2   0.00000000000E+00
   1   2   2   4.38478125000E-04
   2   2   2   0.00000000000E+00
   3   2   2  -4.38478125000E-04
   4   2   2   0.00000000000E+00
   1   3   2  -4.65758437500E-03
   2   3   2  -4.38478125000E-04
   3   3   2   2.26379500000E-03
   4   3   2   0.00000000000E+00
   1   4   2   0.00000000000E+00
   2   4   2   0.00000000000E+00
   3   4   2   0.00000000000E+00
   4   4   2   0.00000000000E+00
   1   1   3  -3.67779375000E-03
   2   1   3   4.38478125000E-04
   3   1   3   0.00000000000E+00
   4   1   3   4.38478125000E-04
   1   2   3   4.38478125000E-04
   2   2   3   4.65758437500E-03
   3   2   3   0.00000000000E+00
   4   2   3  -2.26379500000E-03
   1   3   3  -4.33680868994E-19
   2   3   3   0.00000000000E+00
   3   3   3  -2.16840434497E-19
   4   3   3   0.00000000000E+00
   1   4   3   4.38478125000E-04
   2   4   3  -2.26379500000E-03
   3   4   3   0.00000000000E+00
   4   4   3   4.65758437500E-03
   1   1   4   1.68477512500E-02
   2   1   4   0.00000000000E+00
   3   1   4  -4.65758437500E-03
   4   1   4   4.38478125000E-04
   1   2   4   0.00000000000E+00
   2   2   4   0.00000000000E+00
   3   2   4   0.00000000000E+00
   4   2   4   0.00000000000E+00
   1   3   4  -4.65758437500E-03
   2   3   4   0.00000000000E+00
   3   3   4   2.26379500000E-03
   4   3   4  -4.38478125000E-04
   1   4   4   4.38478125000E-04
   2   4   4   0.00000000000E+00
   3   4   4  -4.38478125000E-04
   4   4   4   0.00000000000E+00
   2   2   1   1
   1   1   1   7.13710881250E-02
   2   1   1   8.88231125000E-03
   3   1   1  -6.32104812500E-03
   4   1   1   8.88231125000E-03
   1   2   1  -1.29065940625E-02
   2   2   1  -1.37502218750E-03
   3   2   1  -1.37502218750E-03
   4   2   1  -1.29065940625E-02
   1   3   1   1.48455562500E-03
   2   3   1   1.10410625000E-04
   3   3   1   1.48455562500E-03
   4   3   1   1.10410625000E-04
   1   4   1  -1.29065940625E-02
   2   4   1  -1.29065940625E-02
   3   4   1  -1.37502218750E-03
   4   4   1  -1.37502218750E-03
   1   1   2  -1.29065940625E-02
   2   1   2  -1.37502218750E-03
   3   1   2  -1.37502218750E-03
   4   1   2  -1.29065940625E-02
   1   2   2   1.10410625000E-04
   2   2   2   1.10346362500E-02
   3   2   2   1.10410625000E-04
   4   2   2  -7.92206750000E-03
   1   3   2  -1.37502218750E-03
   2   3   2  -1.37502218750E-03
   3   3   2   3.71300843750E-03
   4   3   2   3.71300843750E-03
   1   4   2   8.88231125000E-03
   2   4   2   8.35076250000E-04
   3   4   2  -3.89106875000E-03
   4   4   2   8.35076250000E-04
   1   1   3   1.48455562500E-03
   2   1   3   1.10410625000E-04
   3   1   3   1.48455562500E-03
   4   1   3   1.10410625000E-04
   1   2   3  -1.37502218750E-03
   2   2   3  -1.37502218750E-03
   3   2   3   3.71300843750E-03
   4   2   3   3.71300843750E-03
   1   3   3  -6.32104812500E-03
   2   3   3  -3.89106875000E-03
   3   3   3   8.99668125000E-04
   4   3   3  -3.89106875000E-03
   1   4   3  -1.37502218750E-03
   2   4   3   3.71300843750E-03
   3   4   3   3.71300843750E-03
   4   4   3  -1.37502218750E-03
   1   1   4  -1.29065940625E-02
   2   1   4  -1.29065940625E-02
   3   1   4  -1.37502218750E-03
   4   1   4  -1.37502218750E-03
   1   2   4   8.88231125000E-03
   2   2   4   8.35076250000E-04
   3   2   4  -3.89106875000E-03
   4   2   4   8.35076250000E-04
   1   3   4  -1.37502218750E-03
   2   3   4   3.71300843750E-03
   3   3   4   3.71300843750E-03
   4   3   4  -1.37502218750E-03
   1   4   4   1.10410625000E-04
   2   4   4  -7.92206750000E-03
   3   4   4   1.10410625000E-04
   4   4   4   1.10346362500E-02
   2   3   1   1
   1   1   1  -4.33680868994E-19
   2   1   1   4.33680868994E-19
   3   1   1   0.00000000000E+00
   4   1   1   4.33680868994E-19
   1   2   1  -1.68477512500E-02
   2   2   1  -4.38478125000E-04
   3   2   1   4.65758437500E-03
   4   2   1   0.00000000000E+00
   1   3   1   3.67779375000E-03
   2   3   1  -4.38478125000E-04
   3   3   1   0.00000000000E+00
   4   3   1  -4.38478125000E-04
   1   4   1  -1.68477512500E-02
   2   4   1   0.00000000000E+00
   3   4   1   4.65758437500E-03
   4   4   1  -4.38478125000E-04
   1   1   2   0.00000000000E+00
   2   1   2  -4.65758437500E-03
   3   1   2   4.38478125000E-04
   4   1   2   1.68477512500E-02
   1   2   2  -4.38478125000E-04
   2   2   2   0.00000000000E+00
   3   2   2   4.38478125000E-04
   4   2   2   0.00000000000E+00
   1   3   2  -4.38478125000E-04
   2   3   2  -4.65758437500E-03
   3   3   2   0.00000000000E+00
   4   3   2   2.26379500000E-03
   1   4   2   0.00000000000E+00
   2   4   2   0.00000000000E+00
   3   4   2   0.00000000000E+00
   4   4   2   0.00000000000E+00
   1   1   3   4.33680868994E-19
   2   1   3   4.38478125000E-04
   3   1   3  -3.67779375000E-03
   4   1   3   4.38478125000E-04
   1   2   3   4.65758437500E-03
   2   2   3   4.38478125000E-04
   3   2   3  -2.26379500000E-03
   4   2   3   0.00000000000E+00
   1   3   3   4.33680868994E-19
   2   3   3   0.00000000000E+00
   3   3   3   0.00000000000E+00
   4   3   3   0.00000000000E+00
   1   4   3   4.65758437500E-03
   2   4   3   0.00000000000E+00
   3   4   3  -2.26379500000E-03
   4   4   3   4.38478125000E-04
   1   1   4   0.00000000000E+00
   2   1   4   1.68477512500E-02
   3   1   4   4.38478125000E-04
   4   1   4  -4.65758437500E-03
   1   2   4   0.00000000000E+00
   2   2   4   0.00000000000E+00
   3   2   4   0.00000000000E+00
   4   2   4   0.00000000000E+00
   1   3   4  -4.38478125000E-04
   2   3   4   2.26379500000E-03
   3   3   4   0.00000000000E+00
   4   3   4  -4.65758437500E-03
   1   4   4  -4.38478125000E-04
   2   4   4   0.00000000000E+00
   3   4   4   4.38478125000E-04
   4   4   4   0.00000000000E+00
   3   1   1   1
   1   1   1  -4.33680868994E-19
   2   1   1   1.68477512500E-02
   3   1   1  -3.67779375000E-03
   4   1   1   1.68477512500E-02
   1   2   1   0.00000000000E+00
   2   2   1   4.38478125000E-04
   3   2   1   4.38478125000E-04
   4   2   1   0.00000000000E+00
   1   3   1   4.33680868994E-19
   2   3   1  -4.65758437500E-03
   3   3   1   0.00000000000E+00
   4   3   1  -4.65758437500E-03
   1   4   1   0.00000000000E+00
   2   4   1   0.00000000000E+00
   3   4   1   4.38478125000E-04
   4   4   1   4.38478125000E-04
   1   1   2   0.00000000000E+00
   2   1   2   4.38478125000E-04
   3   1   2   4.38478125000E-04
   4   1   2   4.33680868994E-19
   1   2   2   4.65758437500E-03
   2   2   2   0.00000000000E+00
   3   2   2   4.65758437500E-03
   4   2   2   0.00000000000E+00
   1   3   2  -4.38478125000E-04
   2   3   2  -4.38478125000E-04
   3   3   2   0.00000000000E+00
   4   3   2   0.00000000000E+00
   1   4   2  -1.68477512500E-02
   2   4   2   0.00000000000E+00
   3   4   2  -2.26379500000E-03
   4   4   2   0.00000000000E+00
   1   1   3   4.33680868994E-19
   2   1   3  -4.65758437500E-03
   3   1   3   0.00000000000E+00
   4   1   3  -4.65758437500E-03
   1   2   3  -4.38478125000E-04
   2   2   3  -4.38478125000E-04
   3   2   3   0.00000000000E+00
   4   2   3   0.00000000000E+00
   1   3   3   3.67779375000E-03
   2   3   3   2.26379500000E-03
   3   3   3   0.00000000000E+00
   4   3   3   2.26379500000E-03
   1   4   3  -4.38478125000E-04
   2   4   3   0.00000000000E+00
   3   4   3   0.00000000000E+00
   4   4   3  -4.38478125000E-04
   1   1   4   0.00000000000E+00
   2   1   4   4.33680868994E-19
   3   1   4   4.38478125000E-04
   4   1   4   4.38478125000E-04
   1   2   4  -1.68477512500E-02
   2   2   4   0.00000000000E+00
   3   2   4  -2.26379500000E-03
   4   2   4   0.00000000000E+00
   1   3   4  -4.38478125000E-04
   2   3   4   0.00000000000E+00
   3   3   4   0.00000000000E+00
   4   3   4  -4.38478125000E-04
   1   4   4   4.65758437500E-03
   2   4   4   0.00000000000E+00
   3   4   4   4.65758437500E-03
   4   4   4   0.00000000000E+00
   3   2   1   1
   1   1   1  -4.33680868994E-19
   2   1   1   4.33680868994E-19
   3   1   1   0.00000000000E+00
   4   1   1   4.33680868994E-19
   1   2   1  -1.68477512500E-02
   2   2   1  -4.38478125000E-04
   3   2   1   4.65758437500E-03
   4   2   1   0.00000000000E+00
   1   3   1   3.67779375000E-03
   2   3   1  -4.38478125000E-04
   3   3   1   0.00000000000E+00
   4   3   1  -4.38478125000E-04
   1   4   1  -1.68477512500E-02
   2   4   1   0.00000000000E+00
   3   4   1   4.65758437500E-03
   4   4   1  -4.38478125000E-04
   1   1   2   0.00000000000E+00
   2   1   2  -4.65758437500E-03
   3   1   2   4.38478125000E-04
   4   1   2   1.68477512500E-02
   1   2   2  -4.38478125000E-04
   2   2   2   0.00000000000E+00
   3   2   2   4.38478125000E-04
   4   2   2   0.00000000000E+00
   1   3   2  -4.38478125000E-04
   2   3   2  -4.65758437500E-03
   3   3   2   0.00000000000E+00
   4   3   2   2.26379500000E-03
   1   4   2   0.00000000000E+00
   2   4   2   0.00000000000E+00
   3   4   2   0.00000000000E+00
   4   4   2   0.00000000000E+00
   1   1   3   4.33680868994E-19
   2   1   3   4.38478125000E-04
   3   1   3  -3.67779375000E-03
   4   1   3   4.38478125000E-04
   1   2   3   4.65758437500E-03
   2   2   3   4.38478125000E-04
   3   2   3  -2.26379500000E-03
   4   2   3   0.00000000000E+00
   1   3   3   4.33680868994E-19
   2   3   3   0.00000000000E+00
   3   3   3   0.00000000000E+00
   4   3   3   0.00000000000E+00
   1   4   3   4.65758437500E-03
   2   4   3   0.00000000000E+00
   3   4   3  -2.26379500000E-03
   4   4   3   4.38478125000E-04
   1   1   4   0.00000000000E+00
   2   1   4   1.68477512500E-02
   3   1   4   4.38478125000E-04
   4   1   4  -4.65758437500E-03
   1   2   4   0.00000000000E+00
   2   2   4   0.00000000000E+00
   3   2   4   0.00000000000E+00
   4   2   4   0.00000000000E+00
   1   3   4  -4.38478125000E-04
   2   3   4   2.26379500000E-03
   3   3   4   0.00000000000E+00
   4   3   4  -4.65758437500E-03
   1   4   4  -4.38478125000E-04
   2   4   4   0.00000000000E+00
   3   4   4   4.38478125000E-04
   4   4   4   0.00000000000E+00
   3   3   1   1
   1   1   1   7.13710881250E-02
   2   1   1  -1.29065940625E-02
   3   1   1   1.48455562500E-03
   4   1   1  -1.29065940625E-02
   1   2   1  -1.29065940625E-02
   2   2   1   1.10410625000E-04
   3   2   1  -1.37502218750E-03
   4   2   1   8.88231125000E-03
   1   3   1   1.48455562500E-03
   2   3   1  -1.37502218750E-03
   3   3   1  -6.32104812500E-03
   4   3   1  -1.37502218750E-03
   1   4   1  -1.29065940625E-02
   2   4   1   8.88231125000E-03
   3   4   1  -1.37502218750E-03
   4   4   1   1.10410625000E-04
   1   1   2   8.88231125000E-03
   2   1   2  -1.37502218750E-03
   3   1   2   1.10410625000E-04
   4   1   2  -1.29065940625E-02
   1   2   2  -1.37502218750E-03
   2   2   2   1.10346362500E-02
   3   2   2  -1.37502218750E-03
   4   2   2   8.35076250000E-04
   1   3   2   1.10410625000E-04
   2   3   2  -1.37502218750E-03
   3   3   2  -3.89106875000E-03
   4   3   2   3.71300843750E-03
   1   4   2  -1.29065940625E-02
   2   4   2   8.35076250000E-04
   3   4   2   3.71300843750E-03
   4   4   2  -7.92206750000E-03
   1   1   3  -6.32104812500E-03
   2   1   3  -1.37502218750E-03
   3   1   3   1.48455562500E-03
   4   1   3  -1.37502218750E-03
   1   2   3  -1.37502218750E-03
   2   2   3   1.10410625000E-04
   3   2   3   3.71300843750E-03
   4   2   3  -3.89106875000E-03
   1   3   3   1.48455562500E-03
   2   3   3   3.71300843750E-03
   3   3   3   8.99668125000E-04
   4   3   3   3.71300843750E-03
   1   4   3  -1.37502218750E-03
   2   4   3  -3.89106875000E-03
   3   4   3   3.71300843750E-03
   4   4   3   1.10410625000E-04
   1   1   4   8.88231125000E-03
   2   1   4  -1.29065940625E-02
   3   1   4   1.10410625000E-04
   4   1   4  -1.37502218750E-03
   1   2   4  -1.29065940625E-02
   2   2   4  -7.92206750000E-03
   3   2   4   3.71300843750E-03
   4   2   4   8.35076250000E-04
   1   3   4   1.10410625000E-04
   2   3   4   3.71300843750E-03
   3   3   4  -3.89106875000E-03
   4   3   4  -1.37502218750E-03
   1   4   4  -1.37502218750E-03
   2   4   4   8.35076250000E-04
   3   4   4  -1.37502218750E-03
   4   4   4   1.10346362500E-02
