   1.4999999999999999E-002  0.61214241437908834        2.1232294890908663     
   4   4   4
   1   1   1   1
   1   1   1   7.61326926563E-02
   2   1   1  -1.36103801562E-02
   3   1   1   2.07847890625E-03
   4   1   1  -1.36103801562E-02
   1   2   1   1.05510114062E-02
   2   2   1  -1.41324453125E-03
   3   2   1   5.39032031250E-04
   4   2   1  -1.36103801563E-02
   1   3   1  -1.74084260937E-02
   2   3   1  -1.41324453125E-03
   3   3   1   2.07847890625E-03
   4   3   1  -1.41324453125E-03
   1   4   1   1.05510114062E-02
   2   4   1  -1.36103801563E-02
   3   4   1   5.39032031250E-04
   4   4   1  -1.41324453125E-03
   1   1   2  -1.36103801562E-02
   2   1   2   5.39032031250E-04
   3   1   2  -1.41324453125E-03
   4   1   2   1.05510114062E-02
   1   2   2  -1.41324453125E-03
   2   2   2   2.27913257812E-02
   3   2   2  -1.41324453125E-03
   4   2   2   1.52105453125E-03
   1   3   2  -1.41324453125E-03
   2   3   2   5.39032031250E-04
   3   3   2   5.42101484375E-03
   4   3   2  -8.27741109375E-03
   1   4   2  -1.36103801563E-02
   2   4   2  -1.63923629688E-02
   3   4   2   5.42101484375E-03
   4   4   2   1.52105453125E-03
   1   1   3   2.07847890625E-03
   2   1   3  -1.41324453125E-03
   3   1   3  -1.74084260937E-02
   4   1   3  -1.41324453125E-03
   1   2   3   5.39032031250E-04
   2   2   3  -1.41324453125E-03
   3   2   3  -8.27741109375E-03
   4   2   3   5.42101484375E-03
   1   3   3   2.07847890625E-03
   2   3   3   5.42101484375E-03
   3   3   3   6.21440765625E-03
   4   3   3   5.42101484375E-03
   1   4   3   5.39032031250E-04
   2   4   3   5.42101484375E-03
   3   4   3  -8.27741109375E-03
   4   4   3  -1.41324453125E-03
   1   1   4  -1.36103801562E-02
   2   1   4   1.05510114062E-02
   3   1   4  -1.41324453125E-03
   4   1   4   5.39032031250E-04
   1   2   4  -1.36103801563E-02
   2   2   4   1.52105453125E-03
   3   2   4   5.42101484375E-03
   4   2   4  -1.63923629688E-02
   1   3   4  -1.41324453125E-03
   2   3   4  -8.27741109375E-03
   3   3   4   5.42101484375E-03
   4   3   4   5.39032031250E-04
   1   4   4  -1.41324453125E-03
   2   4   4   1.52105453125E-03
   3   4   4  -1.41324453125E-03
   4   4   4   2.27913257812E-02
   1   2   1   1
   1   1   1   4.33680868994E-19
   2   1   1   0.00000000000E+00
   3   1   1   0.00000000000E+00
   4   1   1   0.00000000000E+00
   1   2   1   1.08420217249E-19
   2   2   1   9.91033312500E-03
   3   2   1  -1.14644625000E-03
   4   2   1  -1.87631418750E-02
   1   3   1   0.00000000000E+00
   2   3   1  -1.14644625000E-03
   3   3   1   1.86555250000E-03
   4   3   1  -1.14644625000E-03
   1   4   1   1.08420217249E-19
   2   4   1  -1.87631418750E-02
   3   4   1  -1.14644625000E-03
   4   4   1   9.91033312500E-03
   1   1   2   1.87631418750E-02
   2   1   2   1.14644625000E-03
   3   1   2  -9.91033312500E-03
   4   1   2   0.00000000000E+00
   1   2   2   1.14644625000E-03
   2   2   2   0.00000000000E+00
   3   2   2  -1.14644625000E-03
   4   2   2   0.00000000000E+00
   1   3   2  -9.91033312500E-03
   2   3   2  -1.14644625000E-03
   3   3   2   7.25086437500E-03
   4   3   2   0.00000000000E+00
   1   4   2   1.08420217249E-19
   2   4   2   0.00000000000E+00
   3   4   2   0.00000000000E+00
   4   4   2   0.00000000000E+00
   1   1   3  -1.86555250000E-03
   2   1   3   1.14644625000E-03
   3   1   3   0.00000000000E+00
   4   1   3   1.14644625000E-03
   1   2   3   1.14644625000E-03
   2   2   3   9.91033312500E-03
   3   2   3   0.00000000000E+00
   4   2   3  -7.25086437500E-03
   1   3   3   0.00000000000E+00
   2   3   3   0.00000000000E+00
   3   3   3  -4.33680868994E-19
   4   3   3   0.00000000000E+00
   1   4   3   1.14644625000E-03
   2   4   3  -7.25086437500E-03
   3   4   3   0.00000000000E+00
   4   4   3   9.91033312500E-03
   1   1   4   1.87631418750E-02
   2   1   4   0.00000000000E+00
   3   1   4  -9.91033312500E-03
   4   1   4   1.14644625000E-03
   1   2   4   1.08420217249E-19
   2   2   4   0.00000000000E+00
   3   2   4   0.00000000000E+00
   4   2   4   0.00000000000E+00
   1   3   4  -9.91033312500E-03
   2   3   4   0.00000000000E+00
   3   3   4   7.25086437500E-03
   4   3   4  -1.14644625000E-03
   1   4   4   1.14644625000E-03
   2   4   4   0.00000000000E+00
   3   4   4  -1.14644625000E-03
   4   4   4   0.00000000000E+00
   1   3   1   1
   1   1   1  -5.42101086243E-19
   2   1   1   1.87631418750E-02
   3   1   1  -1.86555250000E-03
   4   1   1   1.87631418750E-02
   1   2   1  -2.16840434497E-19
   2   2   1   1.14644625000E-03
   3   2   1   1.14644625000E-03
   4   2   1   0.00000000000E+00
   1   3   1   0.00000000000E+00
   2   3   1  -9.91033312500E-03
   3   3   1  -2.16840434497E-19
   4   3   1  -9.91033312500E-03
   1   4   1  -2.16840434497E-19
   2   4   1   0.00000000000E+00
   3   4   1   1.14644625000E-03
   4   4   1   1.14644625000E-03
   1   1   2  -1.08420217249E-19
   2   1   2   1.14644625000E-03
   3   1   2   1.14644625000E-03
   4   1   2   0.00000000000E+00
   1   2   2   9.91033312500E-03
   2   2   2   0.00000000000E+00
   3   2   2   9.91033312500E-03
   4   2   2   0.00000000000E+00
   1   3   2  -1.14644625000E-03
   2   3   2  -1.14644625000E-03
   3   3   2   0.00000000000E+00
   4   3   2   0.00000000000E+00
   1   4   2  -1.87631418750E-02
   2   4   2   0.00000000000E+00
   3   4   2  -7.25086437500E-03
   4   4   2   0.00000000000E+00
   1   1   3  -1.08420217249E-19
   2   1   3  -9.91033312500E-03
   3   1   3  -2.16840434497E-19
   4   1   3  -9.91033312500E-03
   1   2   3  -1.14644625000E-03
   2   2   3  -1.14644625000E-03
   3   2   3   0.00000000000E+00
   4   2   3   0.00000000000E+00
   1   3   3   1.86555250000E-03
   2   3   3   7.25086437500E-03
   3   3   3   2.16840434497E-19
   4   3   3   7.25086437500E-03
   1   4   3  -1.14644625000E-03
   2   4   3   0.00000000000E+00
   3   4   3   0.00000000000E+00
   4   4   3  -1.14644625000E-03
   1   1   4  -1.08420217249E-19
   2   1   4   0.00000000000E+00
   3   1   4   1.14644625000E-03
   4   1   4   1.14644625000E-03
   1   2   4  -1.87631418750E-02
   2   2   4   0.00000000000E+00
   3   2   4  -7.25086437500E-03
   4   2   4   0.00000000000E+00
   1   3   4  -1.14644625000E-03
   2   3   4   0.00000000000E+00
   3   3   4   0.00000000000E+00
   4   3   4  -1.14644625000E-03
   1   4   4   9.91033312500E-03
   2   4   4   0.00000000000E+00
   3   4   4   9.91033312500E-03
   4   4   4   0.00000000000E+00
   2   1   1   1
   1   1   1   4.33680868994E-19
   2   1   1   0.00000000000E+00
   3   1   1   0.00000000000E+00
   4   1   1   0.00000000000E+00
   1   2   1   1.08420217249E-19
   2   2   1   9.91033312500E-03
   3   2   1  -1.14644625000E-03
   4   2   1  -1.87631418750E-02
   1   3   1   0.00000000000E+00
   2   3   1  -1.14644625000E-03
   3   3   1   1.86555250000E-03
   4   3   1  -1.14644625000E-03
   1   4   1   1.08420217249E-19
   2   4   1  -1.87631418750E-02
   3   4   1  -1.14644625000E-03
   4   4   1   9.91033312500E-03
   1   1   2   1.87631418750E-02
   2   1   2   1.14644625000E-03
   3   1   2  -9.91033312500E-03
   4   1   2   0.00000000000E+00
   1   2   2   1.14644625000E-03
   2   2   2   0.00000000000E+00
   3   2   2  -1.14644625000E-03
   4   2   2   0.00000000000E+00
   1   3   2  -9.91033312500E-03
   2   3   2  -1.14644625000E-03
   3   3   2   7.25086437500E-03
   4   3   2   0.00000000000E+00
   1   4   2   1.08420217249E-19
   2   4   2   0.00000000000E+00
   3   4   2   0.00000000000E+00
   4   4   2   0.00000000000E+00
   1   1   3  -1.86555250000E-03
   2   1   3   1.14644625000E-03
   3   1   3   0.00000000000E+00
   4   1   3   1.14644625000E-03
   1   2   3   1.14644625000E-03
   2   2   3   9.91033312500E-03
   3   2   3   0.00000000000E+00
   4   2   3  -7.25086437500E-03
   1   3   3   0.00000000000E+00
   2   3   3   0.00000000000E+00
   3   3   3  -4.33680868994E-19
   4   3   3   0.00000000000E+00
   1   4   3   1.14644625000E-03
   2   4   3  -7.25086437500E-03
   3   4   3   0.00000000000E+00
   4   4   3   9.91033312500E-03
   1   1   4   1.87631418750E-02
   2   1   4   0.00000000000E+00
   3   1   4  -9.91033312500E-03
   4   1   4   1.14644625000E-03
   1   2   4   1.08420217249E-19
   2   2   4   0.00000000000E+00
   3   2   4   0.00000000000E+00
   4   2   4   0.00000000000E+00
   1   3   4  -9.91033312500E-03
   2   3   4   0.00000000000E+00
   3   3   4   7.25086437500E-03
   4   3   4  -1.14644625000E-03
   1   4   4   1.14644625000E-03
   2   4   4   0.00000000000E+00
   3   4   4  -1.14644625000E-03
   4   4   4   0.00000000000E+00
   2   2   1   1
   1   1   1   7.61326926563E-02
   2   1   1   1.05510114062E-02
   3   1   1  -1.74084260937E-02
   4   1   1   1.05510114062E-02
   1   2   1  -1.36103801563E-02
   2   2   1  -1.41324453125E-03
   3   2   1  -1.41324453125E-03
   4   2   1  -1.36103801563E-02
   1   3   1   2.07847890625E-03
   2   3   1   5.39032031250E-04
   3   3   1   2.07847890625E-03
   4   3   1   5.39032031250E-04
   1   4   1  -1.36103801563E-02
   2   4   1  -1.36103801563E-02
   3   4   1  -1.41324453125E-03
   4   4   1  -1.41324453125E-03
   1   1   2  -1.36103801562E-02
   2   1   2  -1.41324453125E-03
   3   1   2  -1.41324453125E-03
   4   1   2  -1.36103801562E-02
   1   2   2   5.39032031250E-04
   2   2   2   2.27913257812E-02
   3   2   2   5.39032031250E-04
   4   2   2  -1.63923629688E-02
   1   3   2  -1.41324453125E-03
   2   3   2  -1.41324453125E-03
   3   3   2   5.42101484375E-03
   4   3   2   5.42101484375E-03
   1   4   2   1.05510114062E-02
   2   4   2   1.52105453125E-03
   3   4   2  -8.27741109375E-03
   4   4   2   1.52105453125E-03
   1   1   3   2.07847890625E-03
   2   1   3   5.39032031250E-04
   3   1   3   2.07847890625E-03
   4   1   3   5.39032031250E-04
   1   2   3  -1.41324453125E-03
   2   2   3  -1.41324453125E-03
   3   2   3   5.42101484375E-03
   4   2   3   5.42101484375E-03
   1   3   3  -1.74084260937E-02
   2   3   3  -8.27741109375E-03
   3   3   3   6.21440765625E-03
   4   3   3  -8.27741109375E-03
   1   4   3  -1.41324453125E-03
   2   4   3   5.42101484375E-03
   3   4   3   5.42101484375E-03
   4   4   3  -1.41324453125E-03
   1   1   4  -1.36103801562E-02
   2   1   4  -1.36103801562E-02
   3   1   4  -1.41324453125E-03
   4   1   4  -1.41324453125E-03
   1   2   4   1.05510114062E-02
   2   2   4   1.52105453125E-03
   3   2   4  -8.27741109375E-03
   4   2   4   1.52105453125E-03
   1   3   4  -1.41324453125E-03
   2   3   4   5.42101484375E-03
   3   3   4   5.42101484375E-03
   4   3   4  -1.41324453125E-03
   1   4   4   5.39032031250E-04
   2   4   4  -1.63923629688E-02
   3   4   4   5.39032031250E-04
   4   4   4   2.27913257812E-02
   2   3   1   1
   1   1   1  -5.42101086243E-19
   2   1   1   0.00000000000E+00
   3   1   1  -2.16840434497E-19
   4   1   1   0.00000000000E+00
   1   2   1  -1.87631418750E-02
   2   2   1  -1.14644625000E-03
   3   2   1   9.91033312500E-03
   4   2   1   0.00000000000E+00
   1   3   1   1.86555250000E-03
   2   3   1  -1.14644625000E-03
   3   3   1  -2.16840434497E-19
   4   3   1  -1.14644625000E-03
   1   4   1  -1.87631418750E-02
   2   4   1   0.00000000000E+00
   3   4   1   9.91033312500E-03
   4   4   1  -1.14644625000E-03
   1   1   2  -1.08420217249E-19
   2   1   2  -9.91033312500E-03
   3   1   2   1.14644625000E-03
   4   1   2   1.87631418750E-02
   1   2   2  -1.14644625000E-03
   2   2   2   0.00000000000E+00
   3   2   2   1.14644625000E-03
   4   2   2   0.00000000000E+00
   1   3   2  -1.14644625000E-03
   2   3   2  -9.91033312500E-03
   3   3   2   0.00000000000E+00
   4   3   2   7.25086437500E-03
   1   4   2  -2.16840434497E-19
   2   4   2   0.00000000000E+00
   3   4   2   0.00000000000E+00
   4   4   2   0.00000000000E+00
   1   1   3  -1.08420217249E-19
   2   1   3   1.14644625000E-03
   3   1   3  -1.86555250000E-03
   4   1   3   1.14644625000E-03
   1   2   3   9.91033312500E-03
   2   2   3   1.14644625000E-03
   3   2   3  -7.25086437500E-03
   4   2   3   0.00000000000E+00
   1   3   3   0.00000000000E+00
   2   3   3   0.00000000000E+00
   3   3   3   2.16840434497E-19
   4   3   3   0.00000000000E+00
   1   4   3   9.91033312500E-03
   2   4   3   0.00000000000E+00
   3   4   3  -7.25086437500E-03
   4   4   3   1.14644625000E-03
   1   1   4  -1.08420217249E-19
   2   1   4   1.87631418750E-02
   3   1   4   1.14644625000E-03
   4   1   4  -9.91033312500E-03
   1   2   4  -2.16840434497E-19
   2   2   4   0.00000000000E+00
   3   2   4   0.00000000000E+00
   4   2   4   0.00000000000E+00
   1   3   4  -1.14644625000E-03
   2   3   4   7.25086437500E-03
   3   3   4   0.00000000000E+00
   4   3   4  -9.91033312500E-03
   1   4   4  -1.14644625000E-03
   2   4   4   0.00000000000E+00
   3   4   4   1.14644625000E-03
   4   4   4   0.00000000000E+00
   3   1   1   1
   1   1   1  -5.42101086243E-19
   2   1   1   1.87631418750E-02
   3   1   1  -1.86555250000E-03
   4   1   1   1.87631418750E-02
   1   2   1  -2.16840434497E-19
   2   2   1   1.14644625000E-03
   3   2   1   1.14644625000E-03
   4   2   1   0.00000000000E+00
   1   3   1   0.00000000000E+00
   2   3   1  -9.91033312500E-03
   3   3   1  -2.16840434497E-19
   4   3   1  -9.91033312500E-03
   1   4   1  -2.16840434497E-19
   2   4   1   0.00000000000E+00
   3   4   1   1.14644625000E-03
   4   4   1   1.14644625000E-03
   1   1   2  -1.08420217249E-19
   2   1   2   1.14644625000E-03
   3   1   2   1.14644625000E-03
   4   1   2   0.00000000000E+00
   1   2   2   9.91033312500E-03
   2   2   2   0.00000000000E+00
   3   2   2   9.91033312500E-03
   4   2   2   0.00000000000E+00
   1   3   2  -1.14644625000E-03
   2   3   2  -1.14644625000E-03
   3   3   2   0.00000000000E+00
   4   3   2   0.00000000000E+00
   1   4   2  -1.87631418750E-02
   2   4   2   0.00000000000E+00
   3   4   2  -7.25086437500E-03
   4   4   2   0.00000000000E+00
   1   1   3  -1.08420217249E-19
   2   1   3  -9.91033312500E-03
   3   1   3  -2.16840434497E-19
   4   1   3  -9.91033312500E-03
   1   2   3  -1.14644625000E-03
   2   2   3  -1.14644625000E-03
   3   2   3   0.00000000000E+00
   4   2   3   0.00000000000E+00
   1   3   3   1.86555250000E-03
   2   3   3   7.25086437500E-03
   3   3   3   2.16840434497E-19
   4   3   3   7.25086437500E-03
   1   4   3  -1.14644625000E-03
   2   4   3   0.00000000000E+00
   3   4   3   0.00000000000E+00
   4   4   3  -1.14644625000E-03
   1   1   4  -1.08420217249E-19
   2   1   4   0.00000000000E+00
   3   1   4   1.14644625000E-03
   4   1   4   1.14644625000E-03
   1   2   4  -1.87631418750E-02
   2   2   4   0.00000000000E+00
   3   2   4  -7.25086437500E-03
   4   2   4   0.00000000000E+00
   1   3   4  -1.14644625000E-03
   2   3   4   0.00000000000E+00
   3   3   4   0.00000000000E+00
   4   3   4  -1.14644625000E-03
   1   4   4   9.91033312500E-03
   2   4   4   0.00000000000E+00
   3   4   4   9.91033312500E-03
   4   4   4   0.00000000000E+00
   3   2   1   1
   1   1   1  -5.42101086243E-19
   2   1   1   0.00000000000E+00
   3   1   1  -2.16840434497E-19
   4   1   1   0.00000000000E+00
   1   2   1  -1.87631418750E-02
   2   2   1  -1.14644625000E-03
   3   2   1   9.91033312500E-03
   4   2   1   0.00000000000E+00
   1   3   1   1.86555250000E-03
   2   3   1  -1.14644625000E-03
   3   3   1  -2.16840434497E-19
   4   3   1  -1.14644625000E-03
   1   4   1  -1.87631418750E-02
   2   4   1   0.00000000000E+00
   3   4   1   9.91033312500E-03
   4   4   1  -1.14644625000E-03
   1   1   2  -1.08420217249E-19
   2   1   2  -9.91033312500E-03
   3   1   2   1.14644625000E-03
   4   1   2   1.87631418750E-02
   1   2   2  -1.14644625000E-03
   2   2   2   0.00000000000E+00
   3   2   2   1.14644625000E-03
   4   2   2   0.00000000000E+00
   1   3   2  -1.14644625000E-03
   2   3   2  -9.91033312500E-03
   3   3   2   0.00000000000E+00
   4   3   2   7.25086437500E-03
   1   4   2  -2.16840434497E-19
   2   4   2   0.00000000000E+00
   3   4   2   0.00000000000E+00
   4   4   2   0.00000000000E+00
   1   1   3  -1.08420217249E-19
   2   1   3   1.14644625000E-03
   3   1   3  -1.86555250000E-03
   4   1   3   1.14644625000E-03
   1   2   3   9.91033312500E-03
   2   2   3   1.14644625000E-03
   3   2   3  -7.25086437500E-03
   4   2   3   0.00000000000E+00
   1   3   3   0.00000000000E+00
   2   3   3   0.00000000000E+00
   3   3   3   2.16840434497E-19
   4   3   3   0.00000000000E+00
   1   4   3   9.91033312500E-03
   2   4   3   0.00000000000E+00
   3   4   3  -7.25086437500E-03
   4   4   3   1.14644625000E-03
   1   1   4  -1.08420217249E-19
   2   1   4   1.87631418750E-02
   3   1   4   1.14644625000E-03
   4   1   4  -9.91033312500E-03
   1   2   4  -2.16840434497E-19
   2   2   4   0.00000000000E+00
   3   2   4   0.00000000000E+00
   4   2   4   0.00000000000E+00
   1   3   4  -1.14644625000E-03
   2   3   4   7.25086437500E-03
   3   3   4   0.00000000000E+00
   4   3   4  -9.91033312500E-03
   1   4   4  -1.14644625000E-03
   2   4   4   0.00000000000E+00
   3   4   4   1.14644625000E-03
   4   4   4   0.00000000000E+00
   3   3   1   1
   1   1   1   7.61326926563E-02
   2   1   1  -1.36103801563E-02
   3   1   1   2.07847890625E-03
   4   1   1  -1.36103801563E-02
   1   2   1  -1.36103801563E-02
   2   2   1   5.39032031250E-04
   3   2   1  -1.41324453125E-03
   4   2   1   1.05510114062E-02
   1   3   1   2.07847890625E-03
   2   3   1  -1.41324453125E-03
   3   3   1  -1.74084260937E-02
   4   3   1  -1.41324453125E-03
   1   4   1  -1.36103801563E-02
   2   4   1   1.05510114062E-02
   3   4   1  -1.41324453125E-03
   4   4   1   5.39032031250E-04
   1   1   2   1.05510114062E-02
   2   1   2  -1.41324453125E-03
   3   1   2   5.39032031250E-04
   4   1   2  -1.36103801563E-02
   1   2   2  -1.41324453125E-03
   2   2   2   2.27913257812E-02
   3   2   2  -1.41324453125E-03
   4   2   2   1.52105453125E-03
   1   3   2   5.39032031250E-04
   2   3   2  -1.41324453125E-03
   3   3   2  -8.27741109375E-03
   4   3   2   5.42101484375E-03
   1   4   2  -1.36103801563E-02
   2   4   2   1.52105453125E-03
   3   4   2   5.42101484375E-03
   4   4   2  -1.63923629688E-02
   1   1   3  -1.74084260937E-02
   2   1   3  -1.41324453125E-03
   3   1   3   2.07847890625E-03
   4   1   3  -1.41324453125E-03
   1   2   3  -1.41324453125E-03
   2   2   3   5.39032031250E-04
   3   2   3   5.42101484375E-03
   4   2   3  -8.27741109375E-03
   1   3   3   2.07847890625E-03
   2   3   3   5.42101484375E-03
   3   3   3   6.21440765625E-03
   4   3   3   5.42101484375E-03
   1   4   3  -1.41324453125E-03
   2   4   3  -8.27741109375E-03
   3   4   3   5.42101484375E-03
   4   4   3   5.39032031250E-04
   1   1   4   1.05510114062E-02
   2   1   4  -1.36103801563E-02
   3   1   4   5.39032031250E-04
   4   1   4  -1.41324453125E-03
   1   2   4  -1.36103801563E-02
   2   2   4  -1.63923629688E-02
   3   2   4   5.42101484375E-03
   4   2   4   1.52105453125E-03
   1   3   4   5.39032031250E-04
   2   3   4   5.42101484375E-03
   3   3   4  -8.27741109375E-03
   4   3   4  -1.41324453125E-03
   1   4   4  -1.41324453125E-03
   2   4   4   1.52105453125E-03
   3   4   4  -1.41324453125E-03
   4   4   4   2.27913257812E-02
