   5.0000000000000003E-002  0.60941798454057738        2.5895821913094319     
   4   4   4
   1   1   1   1
   1   1   1   7.63334565625E-02
   2   1   1  -1.19200821875E-02
   3   1   1  -3.79010937500E-04
   4   1   1  -1.19200821875E-02
   1   2   1   8.40810718750E-03
   2   2   1  -2.06004062500E-04
   3   2   1  -1.54058343750E-03
   4   2   1  -1.19200821875E-02
   1   3   1  -2.89603718750E-03
   2   3   1  -2.06004062500E-04
   3   3   1  -3.79010937500E-04
   4   3   1  -2.06004062500E-04
   1   4   1   8.40810718750E-03
   2   4   1  -1.19200821875E-02
   3   4   1  -1.54058343750E-03
   4   4   1  -2.06004062500E-04
   1   1   2  -1.19200821875E-02
   2   1   2  -1.54058343750E-03
   3   1   2  -2.06004062500E-04
   4   1   2   8.40810718750E-03
   1   2   2  -2.06004062500E-04
   2   2   2   2.41221781250E-03
   3   2   2  -2.06004062500E-04
   4   2   2   5.43336562500E-04
   1   3   2  -2.06004062500E-04
   2   3   2  -1.54058343750E-03
   3   3   2   2.18242406250E-03
   4   3   2  -9.60381562500E-04
   1   4   2  -1.19200821875E-02
   2   4   2  -4.65854218750E-03
   3   4   2   2.18242406250E-03
   4   4   2   5.43336562500E-04
   1   1   3  -3.79010937500E-04
   2   1   3  -2.06004062500E-04
   3   1   3  -2.89603718750E-03
   4   1   3  -2.06004062500E-04
   1   2   3  -1.54058343750E-03
   2   2   3  -2.06004062500E-04
   3   2   3  -9.60381562500E-04
   4   2   3   2.18242406250E-03
   1   3   3  -3.79010937500E-04
   2   3   3   2.18242406250E-03
   3   3   3   1.38290625000E-05
   4   3   3   2.18242406250E-03
   1   4   3  -1.54058343750E-03
   2   4   3   2.18242406250E-03
   3   4   3  -9.60381562500E-04
   4   4   3  -2.06004062500E-04
   1   1   4  -1.19200821875E-02
   2   1   4   8.40810718750E-03
   3   1   4  -2.06004062500E-04
   4   1   4  -1.54058343750E-03
   1   2   4  -1.19200821875E-02
   2   2   4   5.43336562500E-04
   3   2   4   2.18242406250E-03
   4   2   4  -4.65854218750E-03
   1   3   4  -2.06004062500E-04
   2   3   4  -9.60381562500E-04
   3   3   4   2.18242406250E-03
   4   3   4  -1.54058343750E-03
   1   4   4  -2.06004062500E-04
   2   4   4   5.43336562500E-04
   3   4   4  -2.06004062500E-04
   4   4   4   2.41221781250E-03
   1   2   1   1
   1   1   1   6.50521303491E-19
   2   1   1  -3.25260651746E-19
   3   1   1   0.00000000000E+00
   4   1   1  -3.25260651746E-19
   1   2   1  -1.08420217249E-19
   2   2   1   2.28081062500E-03
   3   2   1  -3.01097500000E-04
   4   2   1  -1.75072268750E-02
   1   3   1   0.00000000000E+00
   2   3   1  -3.01097500000E-04
   3   3   1   3.55987000000E-03
   4   3   1  -3.01097500000E-04
   1   4   1  -1.08420217249E-19
   2   4   1  -1.75072268750E-02
   3   4   1  -3.01097500000E-04
   4   4   1   2.28081062500E-03
   1   1   2   1.75072268750E-02
   2   1   2   3.01097500000E-04
   3   1   2  -2.28081062500E-03
   4   1   2  -3.25260651746E-19
   1   2   2   3.01097500000E-04
   2   2   2   0.00000000000E+00
   3   2   2  -3.01097500000E-04
   4   2   2   0.00000000000E+00
   1   3   2  -2.28081062500E-03
   2   3   2  -3.01097500000E-04
   3   3   2  -3.69388125000E-04
   4   3   2   3.25260651746E-19
   1   4   2  -1.08420217249E-19
   2   4   2   0.00000000000E+00
   3   4   2   0.00000000000E+00
   4   4   2   0.00000000000E+00
   1   1   3  -3.55987000000E-03
   2   1   3   3.01097500000E-04
   3   1   3   0.00000000000E+00
   4   1   3   3.01097500000E-04
   1   2   3   3.01097500000E-04
   2   2   3   2.28081062500E-03
   3   2   3   0.00000000000E+00
   4   2   3   3.69388125000E-04
   1   3   3   0.00000000000E+00
   2   3   3   3.25260651746E-19
   3   3   3   2.16840434497E-19
   4   3   3   3.25260651746E-19
   1   4   3   3.01097500000E-04
   2   4   3   3.69388125000E-04
   3   4   3   0.00000000000E+00
   4   4   3   2.28081062500E-03
   1   1   4   1.75072268750E-02
   2   1   4  -3.25260651746E-19
   3   1   4  -2.28081062500E-03
   4   1   4   3.01097500000E-04
   1   2   4  -1.08420217249E-19
   2   2   4   0.00000000000E+00
   3   2   4   0.00000000000E+00
   4   2   4   0.00000000000E+00
   1   3   4  -2.28081062500E-03
   2   3   4   3.25260651746E-19
   3   3   4  -3.69388125000E-04
   4   3   4  -3.01097500000E-04
   1   4   4   3.01097500000E-04
   2   4   4   0.00000000000E+00
   3   4   4  -3.01097500000E-04
   4   4   4   0.00000000000E+00
   1   3   1   1
   1   1   1   1.08420217249E-18
   2   1   1   1.75072268750E-02
   3   1   1  -3.55987000000E-03
   4   1   1   1.75072268750E-02
   1   2   1   1.08420217249E-19
   2   2   1   3.01097500000E-04
   3   2   1   3.01097500000E-04
   4   2   1   3.25260651746E-19
   1   3   1   0.00000000000E+00
   2   3   1  -2.28081062500E-03
   3   3   1   1.08420217249E-19
   4   3   1  -2.28081062500E-03
   1   4   1   1.08420217249E-19
   2   4   1   3.25260651746E-19
   3   4   1   3.01097500000E-04
   4   4   1   3.01097500000E-04
   1   1   2   1.08420217249E-19
   2   1   2   3.01097500000E-04
   3   1   2   3.01097500000E-04
   4   1   2   3.25260651746E-19
   1   2   2   2.28081062500E-03
   2   2   2   0.00000000000E+00
   3   2   2   2.28081062500E-03
   4   2   2   0.00000000000E+00
   1   3   2  -3.01097500000E-04
   2   3   2  -3.01097500000E-04
   3   3   2   0.00000000000E+00
   4   3   2  -3.25260651746E-19
   1   4   2  -1.75072268750E-02
   2   4   2   0.00000000000E+00
   3   4   2   3.69388125000E-04
   4   4   2   0.00000000000E+00
   1   1   3   0.00000000000E+00
   2   1   3  -2.28081062500E-03
   3   1   3   2.16840434497E-19
   4   1   3  -2.28081062500E-03
   1   2   3  -3.01097500000E-04
   2   2   3  -3.01097500000E-04
   3   2   3   0.00000000000E+00
   4   2   3  -3.25260651746E-19
   1   3   3   3.55987000000E-03
   2   3   3  -3.69388125000E-04
   3   3   3  -1.08420217249E-19
   4   3   3  -3.69388125000E-04
   1   4   3  -3.01097500000E-04
   2   4   3  -3.25260651746E-19
   3   4   3   0.00000000000E+00
   4   4   3  -3.01097500000E-04
   1   1   4   1.08420217249E-19
   2   1   4   3.25260651746E-19
   3   1   4   3.01097500000E-04
   4   1   4   3.01097500000E-04
   1   2   4  -1.75072268750E-02
   2   2   4   0.00000000000E+00
   3   2   4   3.69388125000E-04
   4   2   4   0.00000000000E+00
   1   3   4  -3.01097500000E-04
   2   3   4  -3.25260651746E-19
   3   3   4   0.00000000000E+00
   4   3   4  -3.01097500000E-04
   1   4   4   2.28081062500E-03
   2   4   4   0.00000000000E+00
   3   4   4   2.28081062500E-03
   4   4   4   0.00000000000E+00
   2   1   1   1
   1   1   1   6.50521303491E-19
   2   1   1  -3.25260651746E-19
   3   1   1   0.00000000000E+00
   4   1   1  -3.25260651746E-19
   1   2   1  -1.08420217249E-19
   2   2   1   2.28081062500E-03
   3   2   1  -3.01097500000E-04
   4   2   1  -1.75072268750E-02
   1   3   1   0.00000000000E+00
   2   3   1  -3.01097500000E-04
   3   3   1   3.55987000000E-03
   4   3   1  -3.01097500000E-04
   1   4   1  -1.08420217249E-19
   2   4   1  -1.75072268750E-02
   3   4   1  -3.01097500000E-04
   4   4   1   2.28081062500E-03
   1   1   2   1.75072268750E-02
   2   1   2   3.01097500000E-04
   3   1   2  -2.28081062500E-03
   4   1   2  -3.25260651746E-19
   1   2   2   3.01097500000E-04
   2   2   2   0.00000000000E+00
   3   2   2  -3.01097500000E-04
   4   2   2   0.00000000000E+00
   1   3   2  -2.28081062500E-03
   2   3   2  -3.01097500000E-04
   3   3   2  -3.69388125000E-04
   4   3   2   3.25260651746E-19
   1   4   2  -1.08420217249E-19
   2   4   2   0.00000000000E+00
   3   4   2   0.00000000000E+00
   4   4   2   0.00000000000E+00
   1   1   3  -3.55987000000E-03
   2   1   3   3.01097500000E-04
   3   1   3   0.00000000000E+00
   4   1   3   3.01097500000E-04
   1   2   3   3.01097500000E-04
   2   2   3   2.28081062500E-03
   3   2   3   0.00000000000E+00
   4   2   3   3.69388125000E-04
   1   3   3   0.00000000000E+00
   2   3   3   3.25260651746E-19
   3   3   3   2.16840434497E-19
   4   3   3   3.25260651746E-19
   1   4   3   3.01097500000E-04
   2   4   3   3.69388125000E-04
   3   4   3   0.00000000000E+00
   4   4   3   2.28081062500E-03
   1   1   4   1.75072268750E-02
   2   1   4  -3.25260651746E-19
   3   1   4  -2.28081062500E-03
   4   1   4   3.01097500000E-04
   1   2   4  -1.08420217249E-19
   2   2   4   0.00000000000E+00
   3   2   4   0.00000000000E+00
   4   2   4   0.00000000000E+00
   1   3   4  -2.28081062500E-03
   2   3   4   3.25260651746E-19
   3   3   4  -3.69388125000E-04
   4   3   4  -3.01097500000E-04
   1   4   4   3.01097500000E-04
   2   4   4   0.00000000000E+00
   3   4   4  -3.01097500000E-04
   4   4   4   0.00000000000E+00
   2   2   1   1
   1   1   1   7.63334565625E-02
   2   1   1   8.40810718750E-03
   3   1   1  -2.89603718750E-03
   4   1   1   8.40810718750E-03
   1   2   1  -1.19200821875E-02
   2   2   1  -2.06004062500E-04
   3   2   1  -2.06004062500E-04
   4   2   1  -1.19200821875E-02
   1   3   1  -3.79010937500E-04
   2   3   1  -1.54058343750E-03
   3   3   1  -3.79010937500E-04
   4   3   1  -1.54058343750E-03
   1   4   1  -1.19200821875E-02
   2   4   1  -1.19200821875E-02
   3   4   1  -2.06004062500E-04
   4   4   1  -2.06004062500E-04
   1   1   2  -1.19200821875E-02
   2   1   2  -2.06004062500E-04
   3   1   2  -2.06004062500E-04
   4   1   2  -1.19200821875E-02
   1   2   2  -1.54058343750E-03
   2   2   2   2.41221781250E-03
   3   2   2  -1.54058343750E-03
   4   2   2  -4.65854218750E-03
   1   3   2  -2.06004062500E-04
   2   3   2  -2.06004062500E-04
   3   3   2   2.18242406250E-03
   4   3   2   2.18242406250E-03
   1   4   2   8.40810718750E-03
   2   4   2   5.43336562500E-04
   3   4   2  -9.60381562500E-04
   4   4   2   5.43336562500E-04
   1   1   3  -3.79010937500E-04
   2   1   3  -1.54058343750E-03
   3   1   3  -3.79010937500E-04
   4   1   3  -1.54058343750E-03
   1   2   3  -2.06004062500E-04
   2   2   3  -2.06004062500E-04
   3   2   3   2.18242406250E-03
   4   2   3   2.18242406250E-03
   1   3   3  -2.89603718750E-03
   2   3   3  -9.60381562500E-04
   3   3   3   1.38290625000E-05
   4   3   3  -9.60381562500E-04
   1   4   3  -2.06004062500E-04
   2   4   3   2.18242406250E-03
   3   4   3   2.18242406250E-03
   4   4   3  -2.06004062500E-04
   1   1   4  -1.19200821875E-02
   2   1   4  -1.19200821875E-02
   3   1   4  -2.06004062500E-04
   4   1   4  -2.06004062500E-04
   1   2   4   8.40810718750E-03
   2   2   4   5.43336562500E-04
   3   2   4  -9.60381562500E-04
   4   2   4   5.43336562500E-04
   1   3   4  -2.06004062500E-04
   2   3   4   2.18242406250E-03
   3   3   4   2.18242406250E-03
   4   3   4  -2.06004062500E-04
   1   4   4  -1.54058343750E-03
   2   4   4  -4.65854218750E-03
   3   4   4  -1.54058343750E-03
   4   4   4   2.41221781250E-03
   2   3   1   1
   1   1   1   1.08420217249E-18
   2   1   1   3.25260651746E-19
   3   1   1   2.16840434497E-19
   4   1   1   3.25260651746E-19
   1   2   1  -1.75072268750E-02
   2   2   1  -3.01097500000E-04
   3   2   1   2.28081062500E-03
   4   2   1   3.25260651746E-19
   1   3   1   3.55987000000E-03
   2   3   1  -3.01097500000E-04
   3   3   1   1.08420217249E-19
   4   3   1  -3.01097500000E-04
   1   4   1  -1.75072268750E-02
   2   4   1   3.25260651746E-19
   3   4   1   2.28081062500E-03
   4   4   1  -3.01097500000E-04
   1   1   2   1.08420217249E-19
   2   1   2  -2.28081062500E-03
   3   1   2   3.01097500000E-04
   4   1   2   1.75072268750E-02
   1   2   2  -3.01097500000E-04
   2   2   2   0.00000000000E+00
   3   2   2   3.01097500000E-04
   4   2   2   0.00000000000E+00
   1   3   2  -3.01097500000E-04
   2   3   2  -2.28081062500E-03
   3   3   2   0.00000000000E+00
   4   3   2  -3.69388125000E-04
   1   4   2   1.08420217249E-19
   2   4   2   0.00000000000E+00
   3   4   2   0.00000000000E+00
   4   4   2   0.00000000000E+00
   1   1   3   0.00000000000E+00
   2   1   3   3.01097500000E-04
   3   1   3  -3.55987000000E-03
   4   1   3   3.01097500000E-04
   1   2   3   2.28081062500E-03
   2   2   3   3.01097500000E-04
   3   2   3   3.69388125000E-04
   4   2   3  -3.25260651746E-19
   1   3   3   0.00000000000E+00
   2   3   3  -3.25260651746E-19
   3   3   3  -1.08420217249E-19
   4   3   3  -3.25260651746E-19
   1   4   3   2.28081062500E-03
   2   4   3  -3.25260651746E-19
   3   4   3   3.69388125000E-04
   4   4   3   3.01097500000E-04
   1   1   4   1.08420217249E-19
   2   1   4   1.75072268750E-02
   3   1   4   3.01097500000E-04
   4   1   4  -2.28081062500E-03
   1   2   4   1.08420217249E-19
   2   2   4   0.00000000000E+00
   3   2   4   0.00000000000E+00
   4   2   4   0.00000000000E+00
   1   3   4  -3.01097500000E-04
   2   3   4  -3.69388125000E-04
   3   3   4   0.00000000000E+00
   4   3   4  -2.28081062500E-03
   1   4   4  -3.01097500000E-04
   2   4   4   0.00000000000E+00
   3   4   4   3.01097500000E-04
   4   4   4   0.00000000000E+00
   3   1   1   1
   1   1   1   1.08420217249E-18
   2   1   1   1.75072268750E-02
   3   1   1  -3.55987000000E-03
   4   1   1   1.75072268750E-02
   1   2   1   1.08420217249E-19
   2   2   1   3.01097500000E-04
   3   2   1   3.01097500000E-04
   4   2   1   3.25260651746E-19
   1   3   1   0.00000000000E+00
   2   3   1  -2.28081062500E-03
   3   3   1   1.08420217249E-19
   4   3   1  -2.28081062500E-03
   1   4   1   1.08420217249E-19
   2   4   1   3.25260651746E-19
   3   4   1   3.01097500000E-04
   4   4   1   3.01097500000E-04
   1   1   2   1.08420217249E-19
   2   1   2   3.01097500000E-04
   3   1   2   3.01097500000E-04
   4   1   2   3.25260651746E-19
   1   2   2   2.28081062500E-03
   2   2   2   0.00000000000E+00
   3   2   2   2.28081062500E-03
   4   2   2   0.00000000000E+00
   1   3   2  -3.01097500000E-04
   2   3   2  -3.01097500000E-04
   3   3   2   0.00000000000E+00
   4   3   2  -3.25260651746E-19
   1   4   2  -1.75072268750E-02
   2   4   2   0.00000000000E+00
   3   4   2   3.69388125000E-04
   4   4   2   0.00000000000E+00
   1   1   3   0.00000000000E+00
   2   1   3  -2.28081062500E-03
   3   1   3   2.16840434497E-19
   4   1   3  -2.28081062500E-03
   1   2   3  -3.01097500000E-04
   2   2   3  -3.01097500000E-04
   3   2   3   0.00000000000E+00
   4   2   3  -3.25260651746E-19
   1   3   3   3.55987000000E-03
   2   3   3  -3.69388125000E-04
   3   3   3  -1.08420217249E-19
   4   3   3  -3.69388125000E-04
   1   4   3  -3.01097500000E-04
   2   4   3  -3.25260651746E-19
   3   4   3   0.00000000000E+00
   4   4   3  -3.01097500000E-04
   1   1   4   1.08420217249E-19
   2   1   4   3.25260651746E-19
   3   1   4   3.01097500000E-04
   4   1   4   3.01097500000E-04
   1   2   4  -1.75072268750E-02
   2   2   4   0.00000000000E+00
   3   2   4   3.69388125000E-04
   4   2   4   0.00000000000E+00
   1   3   4  -3.01097500000E-04
   2   3   4  -3.25260651746E-19
   3   3   4   0.00000000000E+00
   4   3   4  -3.01097500000E-04
   1   4   4   2.28081062500E-03
   2   4   4   0.00000000000E+00
   3   4   4   2.28081062500E-03
   4   4   4   0.00000000000E+00
   3   2   1   1
   1   1   1   1.08420217249E-18
   2   1   1   3.25260651746E-19
   3   1   1   2.16840434497E-19
   4   1   1   3.25260651746E-19
   1   2   1  -1.75072268750E-02
   2   2   1  -3.01097500000E-04
   3   2   1   2.28081062500E-03
   4   2   1   3.25260651746E-19
   1   3   1   3.55987000000E-03
   2   3   1  -3.01097500000E-04
   3   3   1   1.08420217249E-19
   4   3   1  -3.01097500000E-04
   1   4   1  -1.75072268750E-02
   2   4   1   3.25260651746E-19
   3   4   1   2.28081062500E-03
   4   4   1  -3.01097500000E-04
   1   1   2   1.08420217249E-19
   2   1   2  -2.28081062500E-03
   3   1   2   3.01097500000E-04
   4   1   2   1.75072268750E-02
   1   2   2  -3.01097500000E-04
   2   2   2   0.00000000000E+00
   3   2   2   3.01097500000E-04
   4   2   2   0.00000000000E+00
   1   3   2  -3.01097500000E-04
   2   3   2  -2.28081062500E-03
   3   3   2   0.00000000000E+00
   4   3   2  -3.69388125000E-04
   1   4   2   1.08420217249E-19
   2   4   2   0.00000000000E+00
   3   4   2   0.00000000000E+00
   4   4   2   0.00000000000E+00
   1   1   3   0.00000000000E+00
   2   1   3   3.01097500000E-04
   3   1   3  -3.55987000000E-03
   4   1   3   3.01097500000E-04
   1   2   3   2.28081062500E-03
   2   2   3   3.01097500000E-04
   3   2   3   3.69388125000E-04
   4   2   3  -3.25260651746E-19
   1   3   3   0.00000000000E+00
   2   3   3  -3.25260651746E-19
   3   3   3  -1.08420217249E-19
   4   3   3  -3.25260651746E-19
   1   4   3   2.28081062500E-03
   2   4   3  -3.25260651746E-19
   3   4   3   3.69388125000E-04
   4   4   3   3.01097500000E-04
   1   1   4   1.08420217249E-19
   2   1   4   1.75072268750E-02
   3   1   4   3.01097500000E-04
   4   1   4  -2.28081062500E-03
   1   2   4   1.08420217249E-19
   2   2   4   0.00000000000E+00
   3   2   4   0.00000000000E+00
   4   2   4   0.00000000000E+00
   1   3   4  -3.01097500000E-04
   2   3   4  -3.69388125000E-04
   3   3   4   0.00000000000E+00
   4   3   4  -2.28081062500E-03
   1   4   4  -3.01097500000E-04
   2   4   4   0.00000000000E+00
   3   4   4   3.01097500000E-04
   4   4   4   0.00000000000E+00
   3   3   1   1
   1   1   1   7.63334565625E-02
   2   1   1  -1.19200821875E-02
   3   1   1  -3.79010937500E-04
   4   1   1  -1.19200821875E-02
   1   2   1  -1.19200821875E-02
   2   2   1  -1.54058343750E-03
   3   2   1  -2.06004062500E-04
   4   2   1   8.40810718750E-03
   1   3   1  -3.79010937500E-04
   2   3   1  -2.06004062500E-04
   3   3   1  -2.89603718750E-03
   4   3   1  -2.06004062500E-04
   1   4   1  -1.19200821875E-02
   2   4   1   8.40810718750E-03
   3   4   1  -2.06004062500E-04
   4   4   1  -1.54058343750E-03
   1   1   2   8.40810718750E-03
   2   1   2  -2.06004062500E-04
   3   1   2  -1.54058343750E-03
   4   1   2  -1.19200821875E-02
   1   2   2  -2.06004062500E-04
   2   2   2   2.41221781250E-03
   3   2   2  -2.06004062500E-04
   4   2   2   5.43336562500E-04
   1   3   2  -1.54058343750E-03
   2   3   2  -2.06004062500E-04
   3   3   2  -9.60381562500E-04
   4   3   2   2.18242406250E-03
   1   4   2  -1.19200821875E-02
   2   4   2   5.43336562500E-04
   3   4   2   2.18242406250E-03
   4   4   2  -4.65854218750E-03
   1   1   3  -2.89603718750E-03
   2   1   3  -2.06004062500E-04
   3   1   3  -3.79010937500E-04
   4   1   3  -2.06004062500E-04
   1   2   3  -2.06004062500E-04
   2   2   3  -1.54058343750E-03
   3   2   3   2.18242406250E-03
   4   2   3  -9.60381562500E-04
   1   3   3  -3.79010937500E-04
   2   3   3   2.18242406250E-03
   3   3   3   1.38290625000E-05
   4   3   3   2.18242406250E-03
   1   4   3  -2.06004062500E-04
   2   4   3  -9.60381562500E-04
   3   4   3   2.18242406250E-03
   4   4   3  -1.54058343750E-03
   1   1   4   8.40810718750E-03
   2   1   4  -1.19200821875E-02
   3   1   4  -1.54058343750E-03
   4   1   4  -2.06004062500E-04
   1   2   4  -1.19200821875E-02
   2   2   4  -4.65854218750E-03
   3   2   4   2.18242406250E-03
   4   2   4   5.43336562500E-04
   1   3   4  -1.54058343750E-03
   2   3   4   2.18242406250E-03
   3   3   4  -9.60381562500E-04
   4   3   4  -2.06004062500E-04
   1   4   4  -2.06004062500E-04
   2   4   4   5.43336562500E-04
   3   4   4  -2.06004062500E-04
   4   4   4   2.41221781250E-03
