  4.00000000000000008E-002  0.61003024021805752        2.5078786055994624     
   4   4   4
   1   1   1   1
   1   1   1   7.30010257813E-02
   2   1   1  -1.15738267187E-02
   3   1   1  -1.58526093750E-04
   4   1   1  -1.15738267187E-02
   1   2   1   8.26816453125E-03
   2   2   1  -4.84341093750E-04
   3   2   1  -1.55080421875E-03
   4   2   1  -1.15738267187E-02
   1   3   1  -3.08832546875E-03
   2   3   1  -4.84341093750E-04
   3   3   1  -1.58526093750E-04
   4   3   1  -4.84341093750E-04
   1   4   1   8.26816453125E-03
   2   4   1  -1.15738267187E-02
   3   4   1  -1.55080421875E-03
   4   4   1  -4.84341093750E-04
   1   1   2  -1.15738267188E-02
   2   1   2  -1.55080421875E-03
   3   1   2  -4.84341093750E-04
   4   1   2   8.26816453125E-03
   1   2   2  -4.84341093750E-04
   2   2   2   4.33278203125E-03
   3   2   2  -4.84341093750E-04
   4   2   2   6.00053906250E-04
   1   3   2  -4.84341093750E-04
   2   3   2  -1.55080421875E-03
   3   3   2   2.49241578125E-03
   4   3   2  -1.16497046875E-03
   1   4   2  -1.15738267187E-02
   2   4   2  -5.87143171875E-03
   3   4   2   2.49241578125E-03
   4   4   2   6.00053906250E-04
   1   1   3  -1.58526093750E-04
   2   1   3  -4.84341093750E-04
   3   1   3  -3.08832546875E-03
   4   1   3  -4.84341093750E-04
   1   2   3  -1.55080421875E-03
   2   2   3  -4.84341093750E-04
   3   2   3  -1.16497046875E-03
   4   2   3   2.49241578125E-03
   1   3   3  -1.58526093750E-04
   2   3   3   2.49241578125E-03
   3   3   3   6.43715781250E-04
   4   3   3   2.49241578125E-03
   1   4   3  -1.55080421875E-03
   2   4   3   2.49241578125E-03
   3   4   3  -1.16497046875E-03
   4   4   3  -4.84341093750E-04
   1   1   4  -1.15738267188E-02
   2   1   4   8.26816453125E-03
   3   1   4  -4.84341093750E-04
   4   1   4  -1.55080421875E-03
   1   2   4  -1.15738267187E-02
   2   2   4   6.00053906250E-04
   3   2   4   2.49241578125E-03
   4   2   4  -5.87143171875E-03
   1   3   4  -4.84341093750E-04
   2   3   4  -1.16497046875E-03
   3   3   4   2.49241578125E-03
   4   3   4  -1.55080421875E-03
   1   4   4  -4.84341093750E-04
   2   4   4   6.00053906250E-04
   3   4   4  -4.84341093750E-04
   4   4   4   4.33278203125E-03
   1   2   1   1
   1   1   1   1.08420217249E-18
   2   1   1   1.08420217249E-19
   3   1   1   2.16840434497E-19
   4   1   1   1.08420217249E-19
   1   2   1   1.08420217249E-19
   2   2   1   2.73339187500E-03
   3   2   1  -2.94681250000E-04
   4   2   1  -1.69821918750E-02
   1   3   1   0.00000000000E+00
   2   3   1  -2.94681250000E-04
   3   3   1   3.43192500000E-03
   4   3   1  -2.94681250000E-04
   1   4   1   1.08420217249E-19
   2   4   1  -1.69821918750E-02
   3   4   1  -2.94681250000E-04
   4   4   1   2.73339187500E-03
   1   1   2   1.69821918750E-02
   2   1   2   2.94681250000E-04
   3   1   2  -2.73339187500E-03
   4   1   2   1.08420217249E-19
   1   2   2   2.94681250000E-04
   2   2   2   0.00000000000E+00
   3   2   2  -2.94681250000E-04
   4   2   2   0.00000000000E+00
   1   3   2  -2.73339187500E-03
   2   3   2  -2.94681250000E-04
   3   3   2   4.12096875000E-04
   4   3   2  -1.08420217249E-19
   1   4   2   1.08420217249E-19
   2   4   2   0.00000000000E+00
   3   4   2   0.00000000000E+00
   4   4   2   0.00000000000E+00
   1   1   3  -3.43192500000E-03
   2   1   3   2.94681250000E-04
   3   1   3   2.16840434497E-19
   4   1   3   2.94681250000E-04
   1   2   3   2.94681250000E-04
   2   2   3   2.73339187500E-03
   3   2   3   0.00000000000E+00
   4   2   3  -4.12096875000E-04
   1   3   3   0.00000000000E+00
   2   3   3  -1.08420217249E-19
   3   3   3   0.00000000000E+00
   4   3   3  -1.08420217249E-19
   1   4   3   2.94681250000E-04
   2   4   3  -4.12096875000E-04
   3   4   3   0.00000000000E+00
   4   4   3   2.73339187500E-03
   1   1   4   1.69821918750E-02
   2   1   4   1.08420217249E-19
   3   1   4  -2.73339187500E-03
   4   1   4   2.94681250000E-04
   1   2   4   1.08420217249E-19
   2   2   4   0.00000000000E+00
   3   2   4   0.00000000000E+00
   4   2   4   0.00000000000E+00
   1   3   4  -2.73339187500E-03
   2   3   4  -1.08420217249E-19
   3   3   4   4.12096875000E-04
   4   3   4  -2.94681250000E-04
   1   4   4   2.94681250000E-04
   2   4   4   0.00000000000E+00
   3   4   4  -2.94681250000E-04
   4   4   4   0.00000000000E+00
   1   3   1   1
   1   1   1   0.00000000000E+00
   2   1   1   1.69821918750E-02
   3   1   1  -3.43192500000E-03
   4   1   1   1.69821918750E-02
   1   2   1   1.08420217249E-19
   2   2   1   2.94681250000E-04
   3   2   1   2.94681250000E-04
   4   2   1  -1.08420217249E-19
   1   3   1   4.33680868994E-19
   2   3   1  -2.73339187500E-03
   3   3   1  -1.08420217249E-19
   4   3   1  -2.73339187500E-03
   1   4   1   1.08420217249E-19
   2   4   1  -1.08420217249E-19
   3   4   1   2.94681250000E-04
   4   4   1   2.94681250000E-04
   1   1   2  -1.08420217249E-19
   2   1   2   2.94681250000E-04
   3   1   2   2.94681250000E-04
   4   1   2  -1.08420217249E-19
   1   2   2   2.73339187500E-03
   2   2   2   0.00000000000E+00
   3   2   2   2.73339187500E-03
   4   2   2   0.00000000000E+00
   1   3   2  -2.94681250000E-04
   2   3   2  -2.94681250000E-04
   3   3   2   0.00000000000E+00
   4   3   2   1.08420217249E-19
   1   4   2  -1.69821918750E-02
   2   4   2   0.00000000000E+00
   3   4   2  -4.12096875000E-04
   4   4   2   0.00000000000E+00
   1   1   3   2.16840434497E-19
   2   1   3  -2.73339187500E-03
   3   1   3  -2.16840434497E-19
   4   1   3  -2.73339187500E-03
   1   2   3  -2.94681250000E-04
   2   2   3  -2.94681250000E-04
   3   2   3   0.00000000000E+00
   4   2   3   1.08420217249E-19
   1   3   3   3.43192500000E-03
   2   3   3   4.12096875000E-04
   3   3   3   1.08420217249E-19
   4   3   3   4.12096875000E-04
   1   4   3  -2.94681250000E-04
   2   4   3   1.08420217249E-19
   3   4   3   0.00000000000E+00
   4   4   3  -2.94681250000E-04
   1   1   4  -1.08420217249E-19
   2   1   4  -1.08420217249E-19
   3   1   4   2.94681250000E-04
   4   1   4   2.94681250000E-04
   1   2   4  -1.69821918750E-02
   2   2   4   0.00000000000E+00
   3   2   4  -4.12096875000E-04
   4   2   4   0.00000000000E+00
   1   3   4  -2.94681250000E-04
   2   3   4   1.08420217249E-19
   3   3   4   0.00000000000E+00
   4   3   4  -2.94681250000E-04
   1   4   4   2.73339187500E-03
   2   4   4   0.00000000000E+00
   3   4   4   2.73339187500E-03
   4   4   4   0.00000000000E+00
   2   1   1   1
   1   1   1   1.08420217249E-18
   2   1   1   1.08420217249E-19
   3   1   1   2.16840434497E-19
   4   1   1   1.08420217249E-19
   1   2   1   1.08420217249E-19
   2   2   1   2.73339187500E-03
   3   2   1  -2.94681250000E-04
   4   2   1  -1.69821918750E-02
   1   3   1   0.00000000000E+00
   2   3   1  -2.94681250000E-04
   3   3   1   3.43192500000E-03
   4   3   1  -2.94681250000E-04
   1   4   1   1.08420217249E-19
   2   4   1  -1.69821918750E-02
   3   4   1  -2.94681250000E-04
   4   4   1   2.73339187500E-03
   1   1   2   1.69821918750E-02
   2   1   2   2.94681250000E-04
   3   1   2  -2.73339187500E-03
   4   1   2   1.08420217249E-19
   1   2   2   2.94681250000E-04
   2   2   2   0.00000000000E+00
   3   2   2  -2.94681250000E-04
   4   2   2   0.00000000000E+00
   1   3   2  -2.73339187500E-03
   2   3   2  -2.94681250000E-04
   3   3   2   4.12096875000E-04
   4   3   2  -1.08420217249E-19
   1   4   2   1.08420217249E-19
   2   4   2   0.00000000000E+00
   3   4   2   0.00000000000E+00
   4   4   2   0.00000000000E+00
   1   1   3  -3.43192500000E-03
   2   1   3   2.94681250000E-04
   3   1   3   2.16840434497E-19
   4   1   3   2.94681250000E-04
   1   2   3   2.94681250000E-04
   2   2   3   2.73339187500E-03
   3   2   3   0.00000000000E+00
   4   2   3  -4.12096875000E-04
   1   3   3   0.00000000000E+00
   2   3   3  -1.08420217249E-19
   3   3   3   0.00000000000E+00
   4   3   3  -1.08420217249E-19
   1   4   3   2.94681250000E-04
   2   4   3  -4.12096875000E-04
   3   4   3   0.00000000000E+00
   4   4   3   2.73339187500E-03
   1   1   4   1.69821918750E-02
   2   1   4   1.08420217249E-19
   3   1   4  -2.73339187500E-03
   4   1   4   2.94681250000E-04
   1   2   4   1.08420217249E-19
   2   2   4   0.00000000000E+00
   3   2   4   0.00000000000E+00
   4   2   4   0.00000000000E+00
   1   3   4  -2.73339187500E-03
   2   3   4  -1.08420217249E-19
   3   3   4   4.12096875000E-04
   4   3   4  -2.94681250000E-04
   1   4   4   2.94681250000E-04
   2   4   4   0.00000000000E+00
   3   4   4  -2.94681250000E-04
   4   4   4   0.00000000000E+00
   2   2   1   1
   1   1   1   7.30010257813E-02
   2   1   1   8.26816453125E-03
   3   1   1  -3.08832546875E-03
   4   1   1   8.26816453125E-03
   1   2   1  -1.15738267187E-02
   2   2   1  -4.84341093750E-04
   3   2   1  -4.84341093750E-04
   4   2   1  -1.15738267187E-02
   1   3   1  -1.58526093750E-04
   2   3   1  -1.55080421875E-03
   3   3   1  -1.58526093750E-04
   4   3   1  -1.55080421875E-03
   1   4   1  -1.15738267187E-02
   2   4   1  -1.15738267187E-02
   3   4   1  -4.84341093750E-04
   4   4   1  -4.84341093750E-04
   1   1   2  -1.15738267188E-02
   2   1   2  -4.84341093750E-04
   3   1   2  -4.84341093750E-04
   4   1   2  -1.15738267187E-02
   1   2   2  -1.55080421875E-03
   2   2   2   4.33278203125E-03
   3   2   2  -1.55080421875E-03
   4   2   2  -5.87143171875E-03
   1   3   2  -4.84341093750E-04
   2   3   2  -4.84341093750E-04
   3   3   2   2.49241578125E-03
   4   3   2   2.49241578125E-03
   1   4   2   8.26816453125E-03
   2   4   2   6.00053906250E-04
   3   4   2  -1.16497046875E-03
   4   4   2   6.00053906250E-04
   1   1   3  -1.58526093750E-04
   2   1   3  -1.55080421875E-03
   3   1   3  -1.58526093750E-04
   4   1   3  -1.55080421875E-03
   1   2   3  -4.84341093750E-04
   2   2   3  -4.84341093750E-04
   3   2   3   2.49241578125E-03
   4   2   3   2.49241578125E-03
   1   3   3  -3.08832546875E-03
   2   3   3  -1.16497046875E-03
   3   3   3   6.43715781250E-04
   4   3   3  -1.16497046875E-03
   1   4   3  -4.84341093750E-04
   2   4   3   2.49241578125E-03
   3   4   3   2.49241578125E-03
   4   4   3  -4.84341093750E-04
   1   1   4  -1.15738267188E-02
   2   1   4  -1.15738267187E-02
   3   1   4  -4.84341093750E-04
   4   1   4  -4.84341093750E-04
   1   2   4   8.26816453125E-03
   2   2   4   6.00053906250E-04
   3   2   4  -1.16497046875E-03
   4   2   4   6.00053906250E-04
   1   3   4  -4.84341093750E-04
   2   3   4   2.49241578125E-03
   3   3   4   2.49241578125E-03
   4   3   4  -4.84341093750E-04
   1   4   4  -1.55080421875E-03
   2   4   4  -5.87143171875E-03
   3   4   4  -1.55080421875E-03
   4   4   4   4.33278203125E-03
   2   3   1   1
   1   1   1   0.00000000000E+00
   2   1   1  -1.08420217249E-19
   3   1   1  -2.16840434497E-19
   4   1   1  -1.08420217249E-19
   1   2   1  -1.69821918750E-02
   2   2   1  -2.94681250000E-04
   3   2   1   2.73339187500E-03
   4   2   1  -1.08420217249E-19
   1   3   1   3.43192500000E-03
   2   3   1  -2.94681250000E-04
   3   3   1  -1.08420217249E-19
   4   3   1  -2.94681250000E-04
   1   4   1  -1.69821918750E-02
   2   4   1  -1.08420217249E-19
   3   4   1   2.73339187500E-03
   4   4   1  -2.94681250000E-04
   1   1   2  -1.08420217249E-19
   2   1   2  -2.73339187500E-03
   3   1   2   2.94681250000E-04
   4   1   2   1.69821918750E-02
   1   2   2  -2.94681250000E-04
   2   2   2   0.00000000000E+00
   3   2   2   2.94681250000E-04
   4   2   2   0.00000000000E+00
   1   3   2  -2.94681250000E-04
   2   3   2  -2.73339187500E-03
   3   3   2   0.00000000000E+00
   4   3   2   4.12096875000E-04
   1   4   2   1.08420217249E-19
   2   4   2   0.00000000000E+00
   3   4   2   0.00000000000E+00
   4   4   2   0.00000000000E+00
   1   1   3   2.16840434497E-19
   2   1   3   2.94681250000E-04
   3   1   3  -3.43192500000E-03
   4   1   3   2.94681250000E-04
   1   2   3   2.73339187500E-03
   2   2   3   2.94681250000E-04
   3   2   3  -4.12096875000E-04
   4   2   3   1.08420217249E-19
   1   3   3   4.33680868994E-19
   2   3   3   1.08420217249E-19
   3   3   3   1.08420217249E-19
   4   3   3   1.08420217249E-19
   1   4   3   2.73339187500E-03
   2   4   3   1.08420217249E-19
   3   4   3  -4.12096875000E-04
   4   4   3   2.94681250000E-04
   1   1   4  -1.08420217249E-19
   2   1   4   1.69821918750E-02
   3   1   4   2.94681250000E-04
   4   1   4  -2.73339187500E-03
   1   2   4   1.08420217249E-19
   2   2   4   0.00000000000E+00
   3   2   4   0.00000000000E+00
   4   2   4   0.00000000000E+00
   1   3   4  -2.94681250000E-04
   2   3   4   4.12096875000E-04
   3   3   4   0.00000000000E+00
   4   3   4  -2.73339187500E-03
   1   4   4  -2.94681250000E-04
   2   4   4   0.00000000000E+00
   3   4   4   2.94681250000E-04
   4   4   4   0.00000000000E+00
   3   1   1   1
   1   1   1   0.00000000000E+00
   2   1   1   1.69821918750E-02
   3   1   1  -3.43192500000E-03
   4   1   1   1.69821918750E-02
   1   2   1   1.08420217249E-19
   2   2   1   2.94681250000E-04
   3   2   1   2.94681250000E-04
   4   2   1  -1.08420217249E-19
   1   3   1   4.33680868994E-19
   2   3   1  -2.73339187500E-03
   3   3   1  -1.08420217249E-19
   4   3   1  -2.73339187500E-03
   1   4   1   1.08420217249E-19
   2   4   1  -1.08420217249E-19
   3   4   1   2.94681250000E-04
   4   4   1   2.94681250000E-04
   1   1   2  -1.08420217249E-19
   2   1   2   2.94681250000E-04
   3   1   2   2.94681250000E-04
   4   1   2  -1.08420217249E-19
   1   2   2   2.73339187500E-03
   2   2   2   0.00000000000E+00
   3   2   2   2.73339187500E-03
   4   2   2   0.00000000000E+00
   1   3   2  -2.94681250000E-04
   2   3   2  -2.94681250000E-04
   3   3   2   0.00000000000E+00
   4   3   2   1.08420217249E-19
   1   4   2  -1.69821918750E-02
   2   4   2   0.00000000000E+00
   3   4   2  -4.12096875000E-04
   4   4   2   0.00000000000E+00
   1   1   3   2.16840434497E-19
   2   1   3  -2.73339187500E-03
   3   1   3  -2.16840434497E-19
   4   1   3  -2.73339187500E-03
   1   2   3  -2.94681250000E-04
   2   2   3  -2.94681250000E-04
   3   2   3   0.00000000000E+00
   4   2   3   1.08420217249E-19
   1   3   3   3.43192500000E-03
   2   3   3   4.12096875000E-04
   3   3   3   1.08420217249E-19
   4   3   3   4.12096875000E-04
   1   4   3  -2.94681250000E-04
   2   4   3   1.08420217249E-19
   3   4   3   0.00000000000E+00
   4   4   3  -2.94681250000E-04
   1   1   4  -1.08420217249E-19
   2   1   4  -1.08420217249E-19
   3   1   4   2.94681250000E-04
   4   1   4   2.94681250000E-04
   1   2   4  -1.69821918750E-02
   2   2   4   0.00000000000E+00
   3   2   4  -4.12096875000E-04
   4   2   4   0.00000000000E+00
   1   3   4  -2.94681250000E-04
   2   3   4   1.08420217249E-19
   3   3   4   0.00000000000E+00
   4   3   4  -2.94681250000E-04
   1   4   4   2.73339187500E-03
   2   4   4   0.00000000000E+00
   3   4   4   2.73339187500E-03
   4   4   4   0.00000000000E+00
   3   2   1   1
   1   1   1   0.00000000000E+00
   2   1   1  -1.08420217249E-19
   3   1   1  -2.16840434497E-19
   4   1   1  -1.08420217249E-19
   1   2   1  -1.69821918750E-02
   2   2   1  -2.94681250000E-04
   3   2   1   2.73339187500E-03
   4   2   1  -1.08420217249E-19
   1   3   1   3.43192500000E-03
   2   3   1  -2.94681250000E-04
   3   3   1  -1.08420217249E-19
   4   3   1  -2.94681250000E-04
   1   4   1  -1.69821918750E-02
   2   4   1  -1.08420217249E-19
   3   4   1   2.73339187500E-03
   4   4   1  -2.94681250000E-04
   1   1   2  -1.08420217249E-19
   2   1   2  -2.73339187500E-03
   3   1   2   2.94681250000E-04
   4   1   2   1.69821918750E-02
   1   2   2  -2.94681250000E-04
   2   2   2   0.00000000000E+00
   3   2   2   2.94681250000E-04
   4   2   2   0.00000000000E+00
   1   3   2  -2.94681250000E-04
   2   3   2  -2.73339187500E-03
   3   3   2   0.00000000000E+00
   4   3   2   4.12096875000E-04
   1   4   2   1.08420217249E-19
   2   4   2   0.00000000000E+00
   3   4   2   0.00000000000E+00
   4   4   2   0.00000000000E+00
   1   1   3   2.16840434497E-19
   2   1   3   2.94681250000E-04
   3   1   3  -3.43192500000E-03
   4   1   3   2.94681250000E-04
   1   2   3   2.73339187500E-03
   2   2   3   2.94681250000E-04
   3   2   3  -4.12096875000E-04
   4   2   3   1.08420217249E-19
   1   3   3   4.33680868994E-19
   2   3   3   1.08420217249E-19
   3   3   3   1.08420217249E-19
   4   3   3   1.08420217249E-19
   1   4   3   2.73339187500E-03
   2   4   3   1.08420217249E-19
   3   4   3  -4.12096875000E-04
   4   4   3   2.94681250000E-04
   1   1   4  -1.08420217249E-19
   2   1   4   1.69821918750E-02
   3   1   4   2.94681250000E-04
   4   1   4  -2.73339187500E-03
   1   2   4   1.08420217249E-19
   2   2   4   0.00000000000E+00
   3   2   4   0.00000000000E+00
   4   2   4   0.00000000000E+00
   1   3   4  -2.94681250000E-04
   2   3   4   4.12096875000E-04
   3   3   4   0.00000000000E+00
   4   3   4  -2.73339187500E-03
   1   4   4  -2.94681250000E-04
   2   4   4   0.00000000000E+00
   3   4   4   2.94681250000E-04
   4   4   4   0.00000000000E+00
   3   3   1   1
   1   1   1   7.30010257812E-02
   2   1   1  -1.15738267187E-02
   3   1   1  -1.58526093750E-04
   4   1   1  -1.15738267187E-02
   1   2   1  -1.15738267187E-02
   2   2   1  -1.55080421875E-03
   3   2   1  -4.84341093750E-04
   4   2   1   8.26816453125E-03
   1   3   1  -1.58526093750E-04
   2   3   1  -4.84341093750E-04
   3   3   1  -3.08832546875E-03
   4   3   1  -4.84341093750E-04
   1   4   1  -1.15738267187E-02
   2   4   1   8.26816453125E-03
   3   4   1  -4.84341093750E-04
   4   4   1  -1.55080421875E-03
   1   1   2   8.26816453125E-03
   2   1   2  -4.84341093750E-04
   3   1   2  -1.55080421875E-03
   4   1   2  -1.15738267187E-02
   1   2   2  -4.84341093750E-04
   2   2   2   4.33278203125E-03
   3   2   2  -4.84341093750E-04
   4   2   2   6.00053906250E-04
   1   3   2  -1.55080421875E-03
   2   3   2  -4.84341093750E-04
   3   3   2  -1.16497046875E-03
   4   3   2   2.49241578125E-03
   1   4   2  -1.15738267187E-02
   2   4   2   6.00053906250E-04
   3   4   2   2.49241578125E-03
   4   4   2  -5.87143171875E-03
   1   1   3  -3.08832546875E-03
   2   1   3  -4.84341093750E-04
   3   1   3  -1.58526093750E-04
   4   1   3  -4.84341093750E-04
   1   2   3  -4.84341093750E-04
   2   2   3  -1.55080421875E-03
   3   2   3   2.49241578125E-03
   4   2   3  -1.16497046875E-03
   1   3   3  -1.58526093750E-04
   2   3   3   2.49241578125E-03
   3   3   3   6.43715781250E-04
   4   3   3   2.49241578125E-03
   1   4   3  -4.84341093750E-04
   2   4   3  -1.16497046875E-03
   3   4   3   2.49241578125E-03
   4   4   3  -1.55080421875E-03
   1   1   4   8.26816453125E-03
   2   1   4  -1.15738267187E-02
   3   1   4  -1.55080421875E-03
   4   1   4  -4.84341093750E-04
   1   2   4  -1.15738267187E-02
   2   2   4  -5.87143171875E-03
   3   2   4   2.49241578125E-03
   4   2   4   6.00053906250E-04
   1   3   4  -1.55080421875E-03
   2   3   4   2.49241578125E-03
   3   3   4  -1.16497046875E-03
   4   3   4  -4.84341093750E-04
   1   4   4  -4.84341093750E-04
   2   4   4   6.00053906250E-04
   3   4   4  -4.84341093750E-04
   4   4   4   4.33278203125E-03
