  2.99999999999999989E-002  0.61086379900585319        2.3960412260282267     
   4   4   4
   1   1   1   1
   1   1   1   7.05390735938E-02
   2   1   1  -1.21541039062E-02
   3   1   1   8.98306093750E-04
   4   1   1  -1.21541039062E-02
   1   2   1   8.38140546875E-03
   2   2   1  -1.04100578125E-03
   3   2   1  -6.10231406250E-04
   4   2   1  -1.21541039062E-02
   1   3   1  -4.38663765625E-03
   2   3   1  -1.04100578125E-03
   3   3   1   8.98306093750E-04
   4   3   1  -1.04100578125E-03
   1   4   1   8.38140546875E-03
   2   4   1  -1.21541039062E-02
   3   4   1  -6.10231406250E-04
   4   4   1  -1.04100578125E-03
   1   1   2  -1.21541039063E-02
   2   1   2  -6.10231406250E-04
   3   1   2  -1.04100578125E-03
   4   1   2   8.38140546875E-03
   1   2   2  -1.04100578125E-03
   2   2   2   7.89226171875E-03
   3   2   2  -1.04100578125E-03
   4   2   2   6.89801718750E-04
   1   3   2  -1.04100578125E-03
   2   3   2  -6.10231406250E-04
   3   3   2   3.25313859375E-03
   4   3   2  -2.63223453125E-03
   1   4   2  -1.21541039062E-02
   2   4   2  -6.89786703125E-03
   3   4   2   3.25313859375E-03
   4   4   2   6.89801718750E-04
   1   1   3   8.98306093750E-04
   2   1   3  -1.04100578125E-03
   3   1   3  -4.38663765625E-03
   4   1   3  -1.04100578125E-03
   1   2   3  -6.10231406250E-04
   2   2   3  -1.04100578125E-03
   3   2   3  -2.63223453125E-03
   4   2   3   3.25313859375E-03
   1   3   3   8.98306093750E-04
   2   3   3   3.25313859375E-03
   3   3   3   4.66053593750E-04
   4   3   3   3.25313859375E-03
   1   4   3  -6.10231406250E-04
   2   4   3   3.25313859375E-03
   3   4   3  -2.63223453125E-03
   4   4   3  -1.04100578125E-03
   1   1   4  -1.21541039063E-02
   2   1   4   8.38140546875E-03
   3   1   4  -1.04100578125E-03
   4   1   4  -6.10231406250E-04
   1   2   4  -1.21541039062E-02
   2   2   4   6.89801718750E-04
   3   2   4   3.25313859375E-03
   4   2   4  -6.89786703125E-03
   1   3   4  -1.04100578125E-03
   2   3   4  -2.63223453125E-03
   3   3   4   3.25313859375E-03
   4   3   4  -6.10231406250E-04
   1   4   4  -1.04100578125E-03
   2   4   4   6.89801718750E-04
   3   4   4  -1.04100578125E-03
   4   4   4   7.89226171875E-03
   1   2   1   1
   1   1   1   2.16840434497E-19
   2   1   1  -3.25260651746E-19
   3   1   1   2.16840434497E-19
   4   1   1  -3.25260651746E-19
   1   2   1   1.08420217249E-19
   2   2   1   3.60397812500E-03
   3   2   1  -3.12186250000E-04
   4   2   1  -1.66214756250E-02
   1   3   1   0.00000000000E+00
   2   3   1  -3.12186250000E-04
   3   3   1   3.75039000000E-03
   4   3   1  -3.12186250000E-04
   1   4   1   1.08420217249E-19
   2   4   1  -1.66214756250E-02
   3   4   1  -3.12186250000E-04
   4   4   1   3.60397812500E-03
   1   1   2   1.66214756250E-02
   2   1   2   3.12186250000E-04
   3   1   2  -3.60397812500E-03
   4   1   2  -3.25260651746E-19
   1   2   2   3.12186250000E-04
   2   2   2   0.00000000000E+00
   3   2   2  -3.12186250000E-04
   4   2   2   0.00000000000E+00
   1   3   2  -3.60397812500E-03
   2   3   2  -3.12186250000E-04
   3   3   2   1.34564562500E-03
   4   3   2   3.25260651746E-19
   1   4   2   1.08420217249E-19
   2   4   2   0.00000000000E+00
   3   4   2   0.00000000000E+00
   4   4   2   0.00000000000E+00
   1   1   3  -3.75039000000E-03
   2   1   3   3.12186250000E-04
   3   1   3   2.16840434497E-19
   4   1   3   3.12186250000E-04
   1   2   3   3.12186250000E-04
   2   2   3   3.60397812500E-03
   3   2   3   0.00000000000E+00
   4   2   3  -1.34564562500E-03
   1   3   3   0.00000000000E+00
   2   3   3   3.25260651746E-19
   3   3   3   0.00000000000E+00
   4   3   3   3.25260651746E-19
   1   4   3   3.12186250000E-04
   2   4   3  -1.34564562500E-03
   3   4   3   0.00000000000E+00
   4   4   3   3.60397812500E-03
   1   1   4   1.66214756250E-02
   2   1   4  -3.25260651746E-19
   3   1   4  -3.60397812500E-03
   4   1   4   3.12186250000E-04
   1   2   4   1.08420217249E-19
   2   2   4   0.00000000000E+00
   3   2   4   0.00000000000E+00
   4   2   4   0.00000000000E+00
   1   3   4  -3.60397812500E-03
   2   3   4   3.25260651746E-19
   3   3   4   1.34564562500E-03
   4   3   4  -3.12186250000E-04
   1   4   4   3.12186250000E-04
   2   4   4   0.00000000000E+00
   3   4   4  -3.12186250000E-04
   4   4   4   0.00000000000E+00
   1   3   1   1
   1   1   1  -4.33680868994E-19
   2   1   1   1.66214756250E-02
   3   1   1  -3.75039000000E-03
   4   1   1   1.66214756250E-02
   1   2   1   1.08420217249E-19
   2   2   1   3.12186250000E-04
   3   2   1   3.12186250000E-04
   4   2   1   3.25260651746E-19
   1   3   1  -2.16840434497E-19
   2   3   1  -3.60397812500E-03
   3   3   1  -1.08420217249E-19
   4   3   1  -3.60397812500E-03
   1   4   1   1.08420217249E-19
   2   4   1   3.25260651746E-19
   3   4   1   3.12186250000E-04
   4   4   1   3.12186250000E-04
   1   1   2  -1.08420217249E-19
   2   1   2   3.12186250000E-04
   3   1   2   3.12186250000E-04
   4   1   2   3.25260651746E-19
   1   2   2   3.60397812500E-03
   2   2   2   0.00000000000E+00
   3   2   2   3.60397812500E-03
   4   2   2   0.00000000000E+00
   1   3   2  -3.12186250000E-04
   2   3   2  -3.12186250000E-04
   3   3   2   0.00000000000E+00
   4   3   2  -3.25260651746E-19
   1   4   2  -1.66214756250E-02
   2   4   2   0.00000000000E+00
   3   4   2  -1.34564562500E-03
   4   4   2   0.00000000000E+00
   1   1   3  -2.16840434497E-19
   2   1   3  -3.60397812500E-03
   3   1   3  -2.16840434497E-19
   4   1   3  -3.60397812500E-03
   1   2   3  -3.12186250000E-04
   2   2   3  -3.12186250000E-04
   3   2   3   0.00000000000E+00
   4   2   3  -3.25260651746E-19
   1   3   3   3.75039000000E-03
   2   3   3   1.34564562500E-03
   3   3   3   1.08420217249E-19
   4   3   3   1.34564562500E-03
   1   4   3  -3.12186250000E-04
   2   4   3  -3.25260651746E-19
   3   4   3   0.00000000000E+00
   4   4   3  -3.12186250000E-04
   1   1   4  -1.08420217249E-19
   2   1   4   3.25260651746E-19
   3   1   4   3.12186250000E-04
   4   1   4   3.12186250000E-04
   1   2   4  -1.66214756250E-02
   2   2   4   0.00000000000E+00
   3   2   4  -1.34564562500E-03
   4   2   4   0.00000000000E+00
   1   3   4  -3.12186250000E-04
   2   3   4  -3.25260651746E-19
   3   3   4   0.00000000000E+00
   4   3   4  -3.12186250000E-04
   1   4   4   3.60397812500E-03
   2   4   4   0.00000000000E+00
   3   4   4   3.60397812500E-03
   4   4   4   0.00000000000E+00
   2   1   1   1
   1   1   1   2.16840434497E-19
   2   1   1  -3.25260651746E-19
   3   1   1   2.16840434497E-19
   4   1   1  -3.25260651746E-19
   1   2   1   1.08420217249E-19
   2   2   1   3.60397812500E-03
   3   2   1  -3.12186250000E-04
   4   2   1  -1.66214756250E-02
   1   3   1   0.00000000000E+00
   2   3   1  -3.12186250000E-04
   3   3   1   3.75039000000E-03
   4   3   1  -3.12186250000E-04
   1   4   1   1.08420217249E-19
   2   4   1  -1.66214756250E-02
   3   4   1  -3.12186250000E-04
   4   4   1   3.60397812500E-03
   1   1   2   1.66214756250E-02
   2   1   2   3.12186250000E-04
   3   1   2  -3.60397812500E-03
   4   1   2  -3.25260651746E-19
   1   2   2   3.12186250000E-04
   2   2   2   0.00000000000E+00
   3   2   2  -3.12186250000E-04
   4   2   2   0.00000000000E+00
   1   3   2  -3.60397812500E-03
   2   3   2  -3.12186250000E-04
   3   3   2   1.34564562500E-03
   4   3   2   3.25260651746E-19
   1   4   2   1.08420217249E-19
   2   4   2   0.00000000000E+00
   3   4   2   0.00000000000E+00
   4   4   2   0.00000000000E+00
   1   1   3  -3.75039000000E-03
   2   1   3   3.12186250000E-04
   3   1   3   2.16840434497E-19
   4   1   3   3.12186250000E-04
   1   2   3   3.12186250000E-04
   2   2   3   3.60397812500E-03
   3   2   3   0.00000000000E+00
   4   2   3  -1.34564562500E-03
   1   3   3   0.00000000000E+00
   2   3   3   3.25260651746E-19
   3   3   3   0.00000000000E+00
   4   3   3   3.25260651746E-19
   1   4   3   3.12186250000E-04
   2   4   3  -1.34564562500E-03
   3   4   3   0.00000000000E+00
   4   4   3   3.60397812500E-03
   1   1   4   1.66214756250E-02
   2   1   4  -3.25260651746E-19
   3   1   4  -3.60397812500E-03
   4   1   4   3.12186250000E-04
   1   2   4   1.08420217249E-19
   2   2   4   0.00000000000E+00
   3   2   4   0.00000000000E+00
   4   2   4   0.00000000000E+00
   1   3   4  -3.60397812500E-03
   2   3   4   3.25260651746E-19
   3   3   4   1.34564562500E-03
   4   3   4  -3.12186250000E-04
   1   4   4   3.12186250000E-04
   2   4   4   0.00000000000E+00
   3   4   4  -3.12186250000E-04
   4   4   4   0.00000000000E+00
   2   2   1   1
   1   1   1   7.05390735938E-02
   2   1   1   8.38140546875E-03
   3   1   1  -4.38663765625E-03
   4   1   1   8.38140546875E-03
   1   2   1  -1.21541039062E-02
   2   2   1  -1.04100578125E-03
   3   2   1  -1.04100578125E-03
   4   2   1  -1.21541039062E-02
   1   3   1   8.98306093750E-04
   2   3   1  -6.10231406250E-04
   3   3   1   8.98306093750E-04
   4   3   1  -6.10231406250E-04
   1   4   1  -1.21541039062E-02
   2   4   1  -1.21541039062E-02
   3   4   1  -1.04100578125E-03
   4   4   1  -1.04100578125E-03
   1   1   2  -1.21541039063E-02
   2   1   2  -1.04100578125E-03
   3   1   2  -1.04100578125E-03
   4   1   2  -1.21541039062E-02
   1   2   2  -6.10231406250E-04
   2   2   2   7.89226171875E-03
   3   2   2  -6.10231406250E-04
   4   2   2  -6.89786703125E-03
   1   3   2  -1.04100578125E-03
   2   3   2  -1.04100578125E-03
   3   3   2   3.25313859375E-03
   4   3   2   3.25313859375E-03
   1   4   2   8.38140546875E-03
   2   4   2   6.89801718750E-04
   3   4   2  -2.63223453125E-03
   4   4   2   6.89801718750E-04
   1   1   3   8.98306093750E-04
   2   1   3  -6.10231406250E-04
   3   1   3   8.98306093750E-04
   4   1   3  -6.10231406250E-04
   1   2   3  -1.04100578125E-03
   2   2   3  -1.04100578125E-03
   3   2   3   3.25313859375E-03
   4   2   3   3.25313859375E-03
   1   3   3  -4.38663765625E-03
   2   3   3  -2.63223453125E-03
   3   3   3   4.66053593750E-04
   4   3   3  -2.63223453125E-03
   1   4   3  -1.04100578125E-03
   2   4   3   3.25313859375E-03
   3   4   3   3.25313859375E-03
   4   4   3  -1.04100578125E-03
   1   1   4  -1.21541039063E-02
   2   1   4  -1.21541039062E-02
   3   1   4  -1.04100578125E-03
   4   1   4  -1.04100578125E-03
   1   2   4   8.38140546875E-03
   2   2   4   6.89801718750E-04
   3   2   4  -2.63223453125E-03
   4   2   4   6.89801718750E-04
   1   3   4  -1.04100578125E-03
   2   3   4   3.25313859375E-03
   3   3   4   3.25313859375E-03
   4   3   4  -1.04100578125E-03
   1   4   4  -6.10231406250E-04
   2   4   4  -6.89786703125E-03
   3   4   4  -6.10231406250E-04
   4   4   4   7.89226171875E-03
   2   3   1   1
   1   1   1  -4.33680868994E-19
   2   1   1   3.25260651746E-19
   3   1   1  -2.16840434497E-19
   4   1   1   3.25260651746E-19
   1   2   1  -1.66214756250E-02
   2   2   1  -3.12186250000E-04
   3   2   1   3.60397812500E-03
   4   2   1   3.25260651746E-19
   1   3   1   3.75039000000E-03
   2   3   1  -3.12186250000E-04
   3   3   1  -1.08420217249E-19
   4   3   1  -3.12186250000E-04
   1   4   1  -1.66214756250E-02
   2   4   1   3.25260651746E-19
   3   4   1   3.60397812500E-03
   4   4   1  -3.12186250000E-04
   1   1   2  -1.08420217249E-19
   2   1   2  -3.60397812500E-03
   3   1   2   3.12186250000E-04
   4   1   2   1.66214756250E-02
   1   2   2  -3.12186250000E-04
   2   2   2   0.00000000000E+00
   3   2   2   3.12186250000E-04
   4   2   2   0.00000000000E+00
   1   3   2  -3.12186250000E-04
   2   3   2  -3.60397812500E-03
   3   3   2   0.00000000000E+00
   4   3   2   1.34564562500E-03
   1   4   2   1.08420217249E-19
   2   4   2   0.00000000000E+00
   3   4   2   0.00000000000E+00
   4   4   2   0.00000000000E+00
   1   1   3  -2.16840434497E-19
   2   1   3   3.12186250000E-04
   3   1   3  -3.75039000000E-03
   4   1   3   3.12186250000E-04
   1   2   3   3.60397812500E-03
   2   2   3   3.12186250000E-04
   3   2   3  -1.34564562500E-03
   4   2   3  -3.25260651746E-19
   1   3   3  -2.16840434497E-19
   2   3   3  -3.25260651746E-19
   3   3   3   1.08420217249E-19
   4   3   3  -3.25260651746E-19
   1   4   3   3.60397812500E-03
   2   4   3  -3.25260651746E-19
   3   4   3  -1.34564562500E-03
   4   4   3   3.12186250000E-04
   1   1   4  -1.08420217249E-19
   2   1   4   1.66214756250E-02
   3   1   4   3.12186250000E-04
   4   1   4  -3.60397812500E-03
   1   2   4   1.08420217249E-19
   2   2   4   0.00000000000E+00
   3   2   4   0.00000000000E+00
   4   2   4   0.00000000000E+00
   1   3   4  -3.12186250000E-04
   2   3   4   1.34564562500E-03
   3   3   4   0.00000000000E+00
   4   3   4  -3.60397812500E-03
   1   4   4  -3.12186250000E-04
   2   4   4   0.00000000000E+00
   3   4   4   3.12186250000E-04
   4   4   4   0.00000000000E+00
   3   1   1   1
   1   1   1  -4.33680868994E-19
   2   1   1   1.66214756250E-02
   3   1   1  -3.75039000000E-03
   4   1   1   1.66214756250E-02
   1   2   1   1.08420217249E-19
   2   2   1   3.12186250000E-04
   3   2   1   3.12186250000E-04
   4   2   1   3.25260651746E-19
   1   3   1  -2.16840434497E-19
   2   3   1  -3.60397812500E-03
   3   3   1  -1.08420217249E-19
   4   3   1  -3.60397812500E-03
   1   4   1   1.08420217249E-19
   2   4   1   3.25260651746E-19
   3   4   1   3.12186250000E-04
   4   4   1   3.12186250000E-04
   1   1   2  -1.08420217249E-19
   2   1   2   3.12186250000E-04
   3   1   2   3.12186250000E-04
   4   1   2   3.25260651746E-19
   1   2   2   3.60397812500E-03
   2   2   2   0.00000000000E+00
   3   2   2   3.60397812500E-03
   4   2   2   0.00000000000E+00
   1   3   2  -3.12186250000E-04
   2   3   2  -3.12186250000E-04
   3   3   2   0.00000000000E+00
   4   3   2  -3.25260651746E-19
   1   4   2  -1.66214756250E-02
   2   4   2   0.00000000000E+00
   3   4   2  -1.34564562500E-03
   4   4   2   0.00000000000E+00
   1   1   3  -2.16840434497E-19
   2   1   3  -3.60397812500E-03
   3   1   3  -2.16840434497E-19
   4   1   3  -3.60397812500E-03
   1   2   3  -3.12186250000E-04
   2   2   3  -3.12186250000E-04
   3   2   3   0.00000000000E+00
   4   2   3  -3.25260651746E-19
   1   3   3   3.75039000000E-03
   2   3   3   1.34564562500E-03
   3   3   3   1.08420217249E-19
   4   3   3   1.34564562500E-03
   1   4   3  -3.12186250000E-04
   2   4   3  -3.25260651746E-19
   3   4   3   0.00000000000E+00
   4   4   3  -3.12186250000E-04
   1   1   4  -1.08420217249E-19
   2   1   4   3.25260651746E-19
   3   1   4   3.12186250000E-04
   4   1   4   3.12186250000E-04
   1   2   4  -1.66214756250E-02
   2   2   4   0.00000000000E+00
   3   2   4  -1.34564562500E-03
   4   2   4   0.00000000000E+00
   1   3   4  -3.12186250000E-04
   2   3   4  -3.25260651746E-19
   3   3   4   0.00000000000E+00
   4   3   4  -3.12186250000E-04
   1   4   4   3.60397812500E-03
   2   4   4   0.00000000000E+00
   3   4   4   3.60397812500E-03
   4   4   4   0.00000000000E+00
   3   2   1   1
   1   1   1  -4.33680868994E-19
   2   1   1   3.25260651746E-19
   3   1   1  -2.16840434497E-19
   4   1   1   3.25260651746E-19
   1   2   1  -1.66214756250E-02
   2   2   1  -3.12186250000E-04
   3   2   1   3.60397812500E-03
   4   2   1   3.25260651746E-19
   1   3   1   3.75039000000E-03
   2   3   1  -3.12186250000E-04
   3   3   1  -1.08420217249E-19
   4   3   1  -3.12186250000E-04
   1   4   1  -1.66214756250E-02
   2   4   1   3.25260651746E-19
   3   4   1   3.60397812500E-03
   4   4   1  -3.12186250000E-04
   1   1   2  -1.08420217249E-19
   2   1   2  -3.60397812500E-03
   3   1   2   3.12186250000E-04
   4   1   2   1.66214756250E-02
   1   2   2  -3.12186250000E-04
   2   2   2   0.00000000000E+00
   3   2   2   3.12186250000E-04
   4   2   2   0.00000000000E+00
   1   3   2  -3.12186250000E-04
   2   3   2  -3.60397812500E-03
   3   3   2   0.00000000000E+00
   4   3   2   1.34564562500E-03
   1   4   2   1.08420217249E-19
   2   4   2   0.00000000000E+00
   3   4   2   0.00000000000E+00
   4   4   2   0.00000000000E+00
   1   1   3  -2.16840434497E-19
   2   1   3   3.12186250000E-04
   3   1   3  -3.75039000000E-03
   4   1   3   3.12186250000E-04
   1   2   3   3.60397812500E-03
   2   2   3   3.12186250000E-04
   3   2   3  -1.34564562500E-03
   4   2   3  -3.25260651746E-19
   1   3   3  -2.16840434497E-19
   2   3   3  -3.25260651746E-19
   3   3   3   1.08420217249E-19
   4   3   3  -3.25260651746E-19
   1   4   3   3.60397812500E-03
   2   4   3  -3.25260651746E-19
   3   4   3  -1.34564562500E-03
   4   4   3   3.12186250000E-04
   1   1   4  -1.08420217249E-19
   2   1   4   1.66214756250E-02
   3   1   4   3.12186250000E-04
   4   1   4  -3.60397812500E-03
   1   2   4   1.08420217249E-19
   2   2   4   0.00000000000E+00
   3   2   4   0.00000000000E+00
   4   2   4   0.00000000000E+00
   1   3   4  -3.12186250000E-04
   2   3   4   1.34564562500E-03
   3   3   4   0.00000000000E+00
   4   3   4  -3.60397812500E-03
   1   4   4  -3.12186250000E-04
   2   4   4   0.00000000000E+00
   3   4   4   3.12186250000E-04
   4   4   4   0.00000000000E+00
   3   3   1   1
   1   1   1   7.05390735938E-02
   2   1   1  -1.21541039062E-02
   3   1   1   8.98306093750E-04
   4   1   1  -1.21541039062E-02
   1   2   1  -1.21541039062E-02
   2   2   1  -6.10231406250E-04
   3   2   1  -1.04100578125E-03
   4   2   1   8.38140546875E-03
   1   3   1   8.98306093750E-04
   2   3   1  -1.04100578125E-03
   3   3   1  -4.38663765625E-03
   4   3   1  -1.04100578125E-03
   1   4   1  -1.21541039062E-02
   2   4   1   8.38140546875E-03
   3   4   1  -1.04100578125E-03
   4   4   1  -6.10231406250E-04
   1   1   2   8.38140546875E-03
   2   1   2  -1.04100578125E-03
   3   1   2  -6.10231406250E-04
   4   1   2  -1.21541039062E-02
   1   2   2  -1.04100578125E-03
   2   2   2   7.89226171875E-03
   3   2   2  -1.04100578125E-03
   4   2   2   6.89801718750E-04
   1   3   2  -6.10231406250E-04
   2   3   2  -1.04100578125E-03
   3   3   2  -2.63223453125E-03
   4   3   2   3.25313859375E-03
   1   4   2  -1.21541039062E-02
   2   4   2   6.89801718750E-04
   3   4   2   3.25313859375E-03
   4   4   2  -6.89786703125E-03
   1   1   3  -4.38663765625E-03
   2   1   3  -1.04100578125E-03
   3   1   3   8.98306093750E-04
   4   1   3  -1.04100578125E-03
   1   2   3  -1.04100578125E-03
   2   2   3  -6.10231406250E-04
   3   2   3   3.25313859375E-03
   4   2   3  -2.63223453125E-03
   1   3   3   8.98306093750E-04
   2   3   3   3.25313859375E-03
   3   3   3   4.66053593750E-04
   4   3   3   3.25313859375E-03
   1   4   3  -1.04100578125E-03
   2   4   3  -2.63223453125E-03
   3   4   3   3.25313859375E-03
   4   4   3  -6.10231406250E-04
   1   1   4   8.38140546875E-03
   2   1   4  -1.21541039062E-02
   3   1   4  -6.10231406250E-04
   4   1   4  -1.04100578125E-03
   1   2   4  -1.21541039062E-02
   2   2   4  -6.89786703125E-03
   3   2   4   3.25313859375E-03
   4   2   4   6.89801718750E-04
   1   3   4  -6.10231406250E-04
   2   3   4   3.25313859375E-03
   3   3   4  -2.63223453125E-03
   4   3   4  -1.04100578125E-03
   1   4   4  -1.04100578125E-03
   2   4   4   6.89801718750E-04
   3   4   4  -1.04100578125E-03
   4   4   4   7.89226171875E-03
