   3.5000000000000003E-002  0.61042553517654896        2.4552261515711216     
   4   4   4
   1   1   1   1
   1   1   1   7.07313903125E-02
   2   1   1  -1.18219462500E-02
   3   1   1   6.14230937500E-04
   4   1   1  -1.18219462500E-02
   1   2   1   8.04719656250E-03
   2   2   1  -8.11808750000E-04
   3   2   1  -8.89914062500E-04
   4   2   1  -1.18219462500E-02
   1   3   1  -3.47534718750E-03
   2   3   1  -8.11808750000E-04
   3   3   1   6.14230937500E-04
   4   3   1  -8.11808750000E-04
   1   4   1   8.04719656250E-03
   2   4   1  -1.18219462500E-02
   3   4   1  -8.89914062500E-04
   4   4   1  -8.11808750000E-04
   1   1   2  -1.18219462500E-02
   2   1   2  -8.89914062500E-04
   3   1   2  -8.11808750000E-04
   4   1   2   8.04719656250E-03
   1   2   2  -8.11808750000E-04
   2   2   2   5.93973218750E-03
   3   2   2  -8.11808750000E-04
   4   2   2   4.60579062500E-04
   1   3   2  -8.11808750000E-04
   2   3   2  -8.89914062500E-04
   3   3   2   3.05221125000E-03
   4   3   2  -2.11393843750E-03
   1   4   2  -1.18219462500E-02
   2   4   2  -6.00677531250E-03
   3   4   2   3.05221125000E-03
   4   4   2   4.60579062500E-04
   1   1   3   6.14230937500E-04
   2   1   3  -8.11808750000E-04
   3   1   3  -3.47534718750E-03
   4   1   3  -8.11808750000E-04
   1   2   3  -8.89914062500E-04
   2   2   3  -8.11808750000E-04
   3   2   3  -2.11393843750E-03
   4   2   3   3.05221125000E-03
   1   3   3   6.14230937500E-04
   2   3   3   3.05221125000E-03
   3   3   3  -1.58619687500E-04
   4   3   3   3.05221125000E-03
   1   4   3  -8.89914062500E-04
   2   4   3   3.05221125000E-03
   3   4   3  -2.11393843750E-03
   4   4   3  -8.11808750000E-04
   1   1   4  -1.18219462500E-02
   2   1   4   8.04719656250E-03
   3   1   4  -8.11808750000E-04
   4   1   4  -8.89914062500E-04
   1   2   4  -1.18219462500E-02
   2   2   4   4.60579062500E-04
   3   2   4   3.05221125000E-03
   4   2   4  -6.00677531250E-03
   1   3   4  -8.11808750000E-04
   2   3   4  -2.11393843750E-03
   3   3   4   3.05221125000E-03
   4   3   4  -8.89914062500E-04
   1   4   4  -8.11808750000E-04
   2   4   4   4.60579062500E-04
   3   4   4  -8.11808750000E-04
   4   4   4   5.93973218750E-03
   1   2   1   1
   1   1   1   0.00000000000E+00
   2   1   1   1.08420217249E-19
   3   1   1   0.00000000000E+00
   4   1   1   1.08420217249E-19
   1   2   1  -1.08420217249E-19
   2   2   1   2.95966500000E-03
   3   2   1  -2.42133125000E-04
   4   2   1  -1.66117043750E-02
   1   3   1  -8.67361737988E-19
   2   3   1  -2.42133125000E-04
   3   3   1   3.91684125000E-03
   4   3   1  -2.42133125000E-04
   1   4   1  -1.08420217249E-19
   2   4   1  -1.66117043750E-02
   3   4   1  -2.42133125000E-04
   4   4   1   2.95966500000E-03
   1   1   2   1.66117043750E-02
   2   1   2   2.42133125000E-04
   3   1   2  -2.95966500000E-03
   4   1   2   1.08420217249E-19
   1   2   2   2.42133125000E-04
   2   2   2   0.00000000000E+00
   3   2   2  -2.42133125000E-04
   4   2   2   0.00000000000E+00
   1   3   2  -2.95966500000E-03
   2   3   2  -2.42133125000E-04
   3   3   2   6.39305625000E-04
   4   3   2  -1.08420217249E-19
   1   4   2  -1.08420217249E-19
   2   4   2   0.00000000000E+00
   3   4   2   0.00000000000E+00
   4   4   2   0.00000000000E+00
   1   1   3  -3.91684125000E-03
   2   1   3   2.42133125000E-04
   3   1   3   0.00000000000E+00
   4   1   3   2.42133125000E-04
   1   2   3   2.42133125000E-04
   2   2   3   2.95966500000E-03
   3   2   3   0.00000000000E+00
   4   2   3  -6.39305625000E-04
   1   3   3  -8.67361737988E-19
   2   3   3  -1.08420217249E-19
   3   3   3   0.00000000000E+00
   4   3   3  -1.08420217249E-19
   1   4   3   2.42133125000E-04
   2   4   3  -6.39305625000E-04
   3   4   3   0.00000000000E+00
   4   4   3   2.95966500000E-03
   1   1   4   1.66117043750E-02
   2   1   4   1.08420217249E-19
   3   1   4  -2.95966500000E-03
   4   1   4   2.42133125000E-04
   1   2   4  -1.08420217249E-19
   2   2   4   0.00000000000E+00
   3   2   4   0.00000000000E+00
   4   2   4   0.00000000000E+00
   1   3   4  -2.95966500000E-03
   2   3   4  -1.08420217249E-19
   3   3   4   6.39305625000E-04
   4   3   4  -2.42133125000E-04
   1   4   4   2.42133125000E-04
   2   4   4   0.00000000000E+00
   3   4   4  -2.42133125000E-04
   4   4   4   0.00000000000E+00
   1   3   1   1
   1   1   1  -3.25260651746E-19
   2   1   1   1.66117043750E-02
   3   1   1  -3.91684125000E-03
   4   1   1   1.66117043750E-02
   1   2   1  -1.08420217249E-19
   2   2   1   2.42133125000E-04
   3   2   1   2.42133125000E-04
   4   2   1  -1.08420217249E-19
   1   3   1   8.67361737988E-19
   2   3   1  -2.95966500000E-03
   3   3   1   0.00000000000E+00
   4   3   1  -2.95966500000E-03
   1   4   1  -1.08420217249E-19
   2   4   1  -1.08420217249E-19
   3   4   1   2.42133125000E-04
   4   4   1   2.42133125000E-04
   1   1   2   1.08420217249E-19
   2   1   2   2.42133125000E-04
   3   1   2   2.42133125000E-04
   4   1   2   1.08420217249E-19
   1   2   2   2.95966500000E-03
   2   2   2   0.00000000000E+00
   3   2   2   2.95966500000E-03
   4   2   2   0.00000000000E+00
   1   3   2  -2.42133125000E-04
   2   3   2  -2.42133125000E-04
   3   3   2   0.00000000000E+00
   4   3   2   1.08420217249E-19
   1   4   2  -1.66117043750E-02
   2   4   2   0.00000000000E+00
   3   4   2  -6.39305625000E-04
   4   4   2   0.00000000000E+00
   1   1   3   5.42101086243E-19
   2   1   3  -2.95966500000E-03
   3   1   3   0.00000000000E+00
   4   1   3  -2.95966500000E-03
   1   2   3  -2.42133125000E-04
   2   2   3  -2.42133125000E-04
   3   2   3   0.00000000000E+00
   4   2   3   1.08420217249E-19
   1   3   3   3.91684125000E-03
   2   3   3   6.39305625000E-04
   3   3   3   0.00000000000E+00
   4   3   3   6.39305625000E-04
   1   4   3  -2.42133125000E-04
   2   4   3   1.08420217249E-19
   3   4   3   0.00000000000E+00
   4   4   3  -2.42133125000E-04
   1   1   4   1.08420217249E-19
   2   1   4   1.08420217249E-19
   3   1   4   2.42133125000E-04
   4   1   4   2.42133125000E-04
   1   2   4  -1.66117043750E-02
   2   2   4   0.00000000000E+00
   3   2   4  -6.39305625000E-04
   4   2   4   0.00000000000E+00
   1   3   4  -2.42133125000E-04
   2   3   4   1.08420217249E-19
   3   3   4   0.00000000000E+00
   4   3   4  -2.42133125000E-04
   1   4   4   2.95966500000E-03
   2   4   4   0.00000000000E+00
   3   4   4   2.95966500000E-03
   4   4   4   0.00000000000E+00
   2   1   1   1
   1   1   1   0.00000000000E+00
   2   1   1   1.08420217249E-19
   3   1   1   0.00000000000E+00
   4   1   1   1.08420217249E-19
   1   2   1  -1.08420217249E-19
   2   2   1   2.95966500000E-03
   3   2   1  -2.42133125000E-04
   4   2   1  -1.66117043750E-02
   1   3   1  -8.67361737988E-19
   2   3   1  -2.42133125000E-04
   3   3   1   3.91684125000E-03
   4   3   1  -2.42133125000E-04
   1   4   1  -1.08420217249E-19
   2   4   1  -1.66117043750E-02
   3   4   1  -2.42133125000E-04
   4   4   1   2.95966500000E-03
   1   1   2   1.66117043750E-02
   2   1   2   2.42133125000E-04
   3   1   2  -2.95966500000E-03
   4   1   2   1.08420217249E-19
   1   2   2   2.42133125000E-04
   2   2   2   0.00000000000E+00
   3   2   2  -2.42133125000E-04
   4   2   2   0.00000000000E+00
   1   3   2  -2.95966500000E-03
   2   3   2  -2.42133125000E-04
   3   3   2   6.39305625000E-04
   4   3   2  -1.08420217249E-19
   1   4   2  -1.08420217249E-19
   2   4   2   0.00000000000E+00
   3   4   2   0.00000000000E+00
   4   4   2   0.00000000000E+00
   1   1   3  -3.91684125000E-03
   2   1   3   2.42133125000E-04
   3   1   3   0.00000000000E+00
   4   1   3   2.42133125000E-04
   1   2   3   2.42133125000E-04
   2   2   3   2.95966500000E-03
   3   2   3   0.00000000000E+00
   4   2   3  -6.39305625000E-04
   1   3   3  -8.67361737988E-19
   2   3   3  -1.08420217249E-19
   3   3   3   0.00000000000E+00
   4   3   3  -1.08420217249E-19
   1   4   3   2.42133125000E-04
   2   4   3  -6.39305625000E-04
   3   4   3   0.00000000000E+00
   4   4   3   2.95966500000E-03
   1   1   4   1.66117043750E-02
   2   1   4   1.08420217249E-19
   3   1   4  -2.95966500000E-03
   4   1   4   2.42133125000E-04
   1   2   4  -1.08420217249E-19
   2   2   4   0.00000000000E+00
   3   2   4   0.00000000000E+00
   4   2   4   0.00000000000E+00
   1   3   4  -2.95966500000E-03
   2   3   4  -1.08420217249E-19
   3   3   4   6.39305625000E-04
   4   3   4  -2.42133125000E-04
   1   4   4   2.42133125000E-04
   2   4   4   0.00000000000E+00
   3   4   4  -2.42133125000E-04
   4   4   4   0.00000000000E+00
   2   2   1   1
   1   1   1   7.07313903125E-02
   2   1   1   8.04719656250E-03
   3   1   1  -3.47534718750E-03
   4   1   1   8.04719656250E-03
   1   2   1  -1.18219462500E-02
   2   2   1  -8.11808750000E-04
   3   2   1  -8.11808750000E-04
   4   2   1  -1.18219462500E-02
   1   3   1   6.14230937500E-04
   2   3   1  -8.89914062500E-04
   3   3   1   6.14230937500E-04
   4   3   1  -8.89914062500E-04
   1   4   1  -1.18219462500E-02
   2   4   1  -1.18219462500E-02
   3   4   1  -8.11808750000E-04
   4   4   1  -8.11808750000E-04
   1   1   2  -1.18219462500E-02
   2   1   2  -8.11808750000E-04
   3   1   2  -8.11808750000E-04
   4   1   2  -1.18219462500E-02
   1   2   2  -8.89914062500E-04
   2   2   2   5.93973218750E-03
   3   2   2  -8.89914062500E-04
   4   2   2  -6.00677531250E-03
   1   3   2  -8.11808750000E-04
   2   3   2  -8.11808750000E-04
   3   3   2   3.05221125000E-03
   4   3   2   3.05221125000E-03
   1   4   2   8.04719656250E-03
   2   4   2   4.60579062500E-04
   3   4   2  -2.11393843750E-03
   4   4   2   4.60579062500E-04
   1   1   3   6.14230937500E-04
   2   1   3  -8.89914062500E-04
   3   1   3   6.14230937500E-04
   4   1   3  -8.89914062500E-04
   1   2   3  -8.11808750000E-04
   2   2   3  -8.11808750000E-04
   3   2   3   3.05221125000E-03
   4   2   3   3.05221125000E-03
   1   3   3  -3.47534718750E-03
   2   3   3  -2.11393843750E-03
   3   3   3  -1.58619687500E-04
   4   3   3  -2.11393843750E-03
   1   4   3  -8.11808750000E-04
   2   4   3   3.05221125000E-03
   3   4   3   3.05221125000E-03
   4   4   3  -8.11808750000E-04
   1   1   4  -1.18219462500E-02
   2   1   4  -1.18219462500E-02
   3   1   4  -8.11808750000E-04
   4   1   4  -8.11808750000E-04
   1   2   4   8.04719656250E-03
   2   2   4   4.60579062500E-04
   3   2   4  -2.11393843750E-03
   4   2   4   4.60579062500E-04
   1   3   4  -8.11808750000E-04
   2   3   4   3.05221125000E-03
   3   3   4   3.05221125000E-03
   4   3   4  -8.11808750000E-04
   1   4   4  -8.89914062500E-04
   2   4   4  -6.00677531250E-03
   3   4   4  -8.89914062500E-04
   4   4   4   5.93973218750E-03
   2   3   1   1
   1   1   1  -3.25260651746E-19
   2   1   1   1.08420217249E-19
   3   1   1   0.00000000000E+00
   4   1   1   1.08420217249E-19
   1   2   1  -1.66117043750E-02
   2   2   1  -2.42133125000E-04
   3   2   1   2.95966500000E-03
   4   2   1  -1.08420217249E-19
   1   3   1   3.91684125000E-03
   2   3   1  -2.42133125000E-04
   3   3   1   0.00000000000E+00
   4   3   1  -2.42133125000E-04
   1   4   1  -1.66117043750E-02
   2   4   1  -1.08420217249E-19
   3   4   1   2.95966500000E-03
   4   4   1  -2.42133125000E-04
   1   1   2   1.08420217249E-19
   2   1   2  -2.95966500000E-03
   3   1   2   2.42133125000E-04
   4   1   2   1.66117043750E-02
   1   2   2  -2.42133125000E-04
   2   2   2   0.00000000000E+00
   3   2   2   2.42133125000E-04
   4   2   2   0.00000000000E+00
   1   3   2  -2.42133125000E-04
   2   3   2  -2.95966500000E-03
   3   3   2   0.00000000000E+00
   4   3   2   6.39305625000E-04
   1   4   2  -1.08420217249E-19
   2   4   2   0.00000000000E+00
   3   4   2   0.00000000000E+00
   4   4   2   0.00000000000E+00
   1   1   3   5.42101086243E-19
   2   1   3   2.42133125000E-04
   3   1   3  -3.91684125000E-03
   4   1   3   2.42133125000E-04
   1   2   3   2.95966500000E-03
   2   2   3   2.42133125000E-04
   3   2   3  -6.39305625000E-04
   4   2   3   1.08420217249E-19
   1   3   3   8.67361737988E-19
   2   3   3   1.08420217249E-19
   3   3   3   0.00000000000E+00
   4   3   3   1.08420217249E-19
   1   4   3   2.95966500000E-03
   2   4   3   1.08420217249E-19
   3   4   3  -6.39305625000E-04
   4   4   3   2.42133125000E-04
   1   1   4   1.08420217249E-19
   2   1   4   1.66117043750E-02
   3   1   4   2.42133125000E-04
   4   1   4  -2.95966500000E-03
   1   2   4  -1.08420217249E-19
   2   2   4   0.00000000000E+00
   3   2   4   0.00000000000E+00
   4   2   4   0.00000000000E+00
   1   3   4  -2.42133125000E-04
   2   3   4   6.39305625000E-04
   3   3   4   0.00000000000E+00
   4   3   4  -2.95966500000E-03
   1   4   4  -2.42133125000E-04
   2   4   4   0.00000000000E+00
   3   4   4   2.42133125000E-04
   4   4   4   0.00000000000E+00
   3   1   1   1
   1   1   1  -3.25260651746E-19
   2   1   1   1.66117043750E-02
   3   1   1  -3.91684125000E-03
   4   1   1   1.66117043750E-02
   1   2   1  -1.08420217249E-19
   2   2   1   2.42133125000E-04
   3   2   1   2.42133125000E-04
   4   2   1  -1.08420217249E-19
   1   3   1   8.67361737988E-19
   2   3   1  -2.95966500000E-03
   3   3   1   0.00000000000E+00
   4   3   1  -2.95966500000E-03
   1   4   1  -1.08420217249E-19
   2   4   1  -1.08420217249E-19
   3   4   1   2.42133125000E-04
   4   4   1   2.42133125000E-04
   1   1   2   1.08420217249E-19
   2   1   2   2.42133125000E-04
   3   1   2   2.42133125000E-04
   4   1   2   1.08420217249E-19
   1   2   2   2.95966500000E-03
   2   2   2   0.00000000000E+00
   3   2   2   2.95966500000E-03
   4   2   2   0.00000000000E+00
   1   3   2  -2.42133125000E-04
   2   3   2  -2.42133125000E-04
   3   3   2   0.00000000000E+00
   4   3   2   1.08420217249E-19
   1   4   2  -1.66117043750E-02
   2   4   2   0.00000000000E+00
   3   4   2  -6.39305625000E-04
   4   4   2   0.00000000000E+00
   1   1   3   5.42101086243E-19
   2   1   3  -2.95966500000E-03
   3   1   3   0.00000000000E+00
   4   1   3  -2.95966500000E-03
   1   2   3  -2.42133125000E-04
   2   2   3  -2.42133125000E-04
   3   2   3   0.00000000000E+00
   4   2   3   1.08420217249E-19
   1   3   3   3.91684125000E-03
   2   3   3   6.39305625000E-04
   3   3   3   0.00000000000E+00
   4   3   3   6.39305625000E-04
   1   4   3  -2.42133125000E-04
   2   4   3   1.08420217249E-19
   3   4   3   0.00000000000E+00
   4   4   3  -2.42133125000E-04
   1   1   4   1.08420217249E-19
   2   1   4   1.08420217249E-19
   3   1   4   2.42133125000E-04
   4   1   4   2.42133125000E-04
   1   2   4  -1.66117043750E-02
   2   2   4   0.00000000000E+00
   3   2   4  -6.39305625000E-04
   4   2   4   0.00000000000E+00
   1   3   4  -2.42133125000E-04
   2   3   4   1.08420217249E-19
   3   3   4   0.00000000000E+00
   4   3   4  -2.42133125000E-04
   1   4   4   2.95966500000E-03
   2   4   4   0.00000000000E+00
   3   4   4   2.95966500000E-03
   4   4   4   0.00000000000E+00
   3   2   1   1
   1   1   1  -3.25260651746E-19
   2   1   1   1.08420217249E-19
   3   1   1   0.00000000000E+00
   4   1   1   1.08420217249E-19
   1   2   1  -1.66117043750E-02
   2   2   1  -2.42133125000E-04
   3   2   1   2.95966500000E-03
   4   2   1  -1.08420217249E-19
   1   3   1   3.91684125000E-03
   2   3   1  -2.42133125000E-04
   3   3   1   0.00000000000E+00
   4   3   1  -2.42133125000E-04
   1   4   1  -1.66117043750E-02
   2   4   1  -1.08420217249E-19
   3   4   1   2.95966500000E-03
   4   4   1  -2.42133125000E-04
   1   1   2   1.08420217249E-19
   2   1   2  -2.95966500000E-03
   3   1   2   2.42133125000E-04
   4   1   2   1.66117043750E-02
   1   2   2  -2.42133125000E-04
   2   2   2   0.00000000000E+00
   3   2   2   2.42133125000E-04
   4   2   2   0.00000000000E+00
   1   3   2  -2.42133125000E-04
   2   3   2  -2.95966500000E-03
   3   3   2   0.00000000000E+00
   4   3   2   6.39305625000E-04
   1   4   2  -1.08420217249E-19
   2   4   2   0.00000000000E+00
   3   4   2   0.00000000000E+00
   4   4   2   0.00000000000E+00
   1   1   3   5.42101086243E-19
   2   1   3   2.42133125000E-04
   3   1   3  -3.91684125000E-03
   4   1   3   2.42133125000E-04
   1   2   3   2.95966500000E-03
   2   2   3   2.42133125000E-04
   3   2   3  -6.39305625000E-04
   4   2   3   1.08420217249E-19
   1   3   3   8.67361737988E-19
   2   3   3   1.08420217249E-19
   3   3   3   0.00000000000E+00
   4   3   3   1.08420217249E-19
   1   4   3   2.95966500000E-03
   2   4   3   1.08420217249E-19
   3   4   3  -6.39305625000E-04
   4   4   3   2.42133125000E-04
   1   1   4   1.08420217249E-19
   2   1   4   1.66117043750E-02
   3   1   4   2.42133125000E-04
   4   1   4  -2.95966500000E-03
   1   2   4  -1.08420217249E-19
   2   2   4   0.00000000000E+00
   3   2   4   0.00000000000E+00
   4   2   4   0.00000000000E+00
   1   3   4  -2.42133125000E-04
   2   3   4   6.39305625000E-04
   3   3   4   0.00000000000E+00
   4   3   4  -2.95966500000E-03
   1   4   4  -2.42133125000E-04
   2   4   4   0.00000000000E+00
   3   4   4   2.42133125000E-04
   4   4   4   0.00000000000E+00
   3   3   1   1
   1   1   1   7.07313903125E-02
   2   1   1  -1.18219462500E-02
   3   1   1   6.14230937500E-04
   4   1   1  -1.18219462500E-02
   1   2   1  -1.18219462500E-02
   2   2   1  -8.89914062500E-04
   3   2   1  -8.11808750000E-04
   4   2   1   8.04719656250E-03
   1   3   1   6.14230937500E-04
   2   3   1  -8.11808750000E-04
   3   3   1  -3.47534718750E-03
   4   3   1  -8.11808750000E-04
   1   4   1  -1.18219462500E-02
   2   4   1   8.04719656250E-03
   3   4   1  -8.11808750000E-04
   4   4   1  -8.89914062500E-04
   1   1   2   8.04719656250E-03
   2   1   2  -8.11808750000E-04
   3   1   2  -8.89914062500E-04
   4   1   2  -1.18219462500E-02
   1   2   2  -8.11808750000E-04
   2   2   2   5.93973218750E-03
   3   2   2  -8.11808750000E-04
   4   2   2   4.60579062500E-04
   1   3   2  -8.89914062500E-04
   2   3   2  -8.11808750000E-04
   3   3   2  -2.11393843750E-03
   4   3   2   3.05221125000E-03
   1   4   2  -1.18219462500E-02
   2   4   2   4.60579062500E-04
   3   4   2   3.05221125000E-03
   4   4   2  -6.00677531250E-03
   1   1   3  -3.47534718750E-03
   2   1   3  -8.11808750000E-04
   3   1   3   6.14230937500E-04
   4   1   3  -8.11808750000E-04
   1   2   3  -8.11808750000E-04
   2   2   3  -8.89914062500E-04
   3   2   3   3.05221125000E-03
   4   2   3  -2.11393843750E-03
   1   3   3   6.14230937500E-04
   2   3   3   3.05221125000E-03
   3   3   3  -1.58619687500E-04
   4   3   3   3.05221125000E-03
   1   4   3  -8.11808750000E-04
   2   4   3  -2.11393843750E-03
   3   4   3   3.05221125000E-03
   4   4   3  -8.89914062500E-04
   1   1   4   8.04719656250E-03
   2   1   4  -1.18219462500E-02
   3   1   4  -8.89914062500E-04
   4   1   4  -8.11808750000E-04
   1   2   4  -1.18219462500E-02
   2   2   4  -6.00677531250E-03
   3   2   4   3.05221125000E-03
   4   2   4   4.60579062500E-04
   1   3   4  -8.89914062500E-04
   2   3   4   3.05221125000E-03
   3   3   4  -2.11393843750E-03
   4   3   4  -8.11808750000E-04
   1   4   4  -8.11808750000E-04
   2   4   4   4.60579062500E-04
   3   4   4  -8.11808750000E-04
   4   4   4   5.93973218750E-03
