  0.00000000E+00  0.87374210E+01
  0.28922784E-01  0.87332220E+01
  0.57845569E-01  0.87206441E+01
  0.86768353E-01  0.86997454E+01
  0.11569114E+00  0.86706240E+01
  0.14461392E+00  0.86334199E+01
  0.17353671E+00  0.85883166E+01
  0.20245949E+00  0.85355445E+01
  0.23138228E+00  0.84753832E+01
  0.26030506E+00  0.84081651E+01
  0.28922784E+00  0.83342780E+01
  0.31815063E+00  0.82541685E+01
  0.34707341E+00  0.81683438E+01
  0.37599620E+00  0.80773740E+01
  0.40491898E+00  0.79818927E+01
  0.43384177E+00  0.78825971E+01
  0.46276455E+00  0.77802469E+01
  0.49168734E+00  0.76756619E+01
  0.52061012E+00  0.75697178E+01
  0.54953290E+00  0.74633418E+01
  0.57845569E+00  0.73575050E+01
  0.60737847E+00  0.72532149E+01
  0.63630126E+00  0.71515053E+01
  0.66522404E+00  0.70534262E+01
  0.69414683E+00  0.69600309E+01
  0.72306961E+00  0.68723638E+01
  0.75199240E+00  0.67914459E+01
  0.78091518E+00  0.67182611E+01
  0.80983796E+00  0.66537409E+01
  0.83876075E+00  0.65987505E+01
  0.86768353E+00  0.65540741E+01
  0.89660632E+00  0.65204011E+01
  0.92552910E+00  0.64983140E+01
  0.95445189E+00  0.64882760E+01
  0.98337467E+00  0.64906220E+01
  0.10122975E+01  0.65055495E+01
  0.10412202E+01  0.65331133E+01
  0.10701430E+01  0.65732208E+01
  0.10990658E+01  0.66256308E+01
  0.11279886E+01  0.66899544E+01
  0.11569114E+01  0.67656581E+01
  0.11861278E+01  0.67652654E+01
  0.12153442E+01  0.67641756E+01
  0.12445607E+01  0.67626471E+01
  0.12737771E+01  0.67610921E+01
  0.13029935E+01  0.67600506E+01
  0.13322099E+01  0.67601578E+01
  0.13614263E+01  0.67621086E+01
  0.13906428E+01  0.67666206E+01
  0.14198592E+01  0.67744000E+01
  0.14490756E+01  0.67861112E+01
  0.14782920E+01  0.68023510E+01
  0.15075085E+01  0.68236291E+01
  0.15367249E+01  0.68503542E+01
  0.15659413E+01  0.68828254E+01
  0.15659413E+01  0.68828297E+01
  0.15951577E+01  0.69212329E+01
  0.16243742E+01  0.69656406E+01
  0.16535906E+01  0.70160163E+01
  0.16828070E+01  0.70722207E+01
  0.17120234E+01  0.71340198E+01
  0.17412399E+01  0.72010953E+01
  0.17704563E+01  0.72730546E+01
  0.17996727E+01  0.73494430E+01
  0.18288891E+01  0.74297546E+01
  0.18581056E+01  0.75134439E+01
  0.18873220E+01  0.75999370E+01
  0.19165384E+01  0.76886420E+01
  0.19457548E+01  0.77789591E+01
  0.19749713E+01  0.78702896E+01
  0.20041877E+01  0.79620440E+01
  0.20334041E+01  0.80536494E+01
  0.20626205E+01  0.81445559E+01
  0.20918370E+01  0.82342412E+01
  0.21210534E+01  0.83222151E+01
  0.21502698E+01  0.84080218E+01
  0.21794862E+01  0.84912417E+01
  0.22087027E+01  0.85714911E+01
  0.22379191E+01  0.86484211E+01
  0.22671355E+01  0.87217134E+01
  0.22963519E+01  0.87910746E+01
  0.23255683E+01  0.88562263E+01
  0.23547848E+01  0.89168894E+01
  0.23840012E+01  0.89727596E+01
  0.24132176E+01  0.90234656E+01
  0.24424340E+01  0.90684960E+01
  0.24716505E+01  0.91070642E+01
  0.25008669E+01  0.90854495E+01
  0.25300833E+01  0.90178814E+01
  0.25592997E+01  0.89579644E+01
  0.25885162E+01  0.89055407E+01
  0.26177326E+01  0.88604583E+01
  0.26469490E+01  0.88225759E+01
  0.26761654E+01  0.87917668E+01
  0.27053819E+01  0.87679226E+01
  0.27345983E+01  0.87509555E+01
  0.27638147E+01  0.87408014E+01
  0.27930311E+01  0.87374210E+01
  0.28216573E+01  0.87439277E+01
  0.28502834E+01  0.87633959E+01
  0.28789095E+01  0.87956686E+01
  0.29075357E+01  0.88404861E+01
  0.29361618E+01  0.88974875E+01
  0.29647879E+01  0.89515348E+01
  0.29934141E+01  0.89733087E+01
  0.30220402E+01  0.89739752E+01
  0.30506663E+01  0.89561605E+01
  0.30792925E+01  0.89240685E+01
  0.31079186E+01  0.88813176E+01
  0.31365447E+01  0.88305615E+01
  0.31651709E+01  0.87737142E+01
  0.31937970E+01  0.87122125E+01
  0.32224231E+01  0.86472007E+01
  0.32510493E+01  0.85796431E+01
  0.32796754E+01  0.85103910E+01
  0.33083015E+01  0.84402217E+01
  0.33369277E+01  0.83698608E+01
  0.33655538E+01  0.82999944E+01
  0.33941799E+01  0.82312761E+01
  0.34228061E+01  0.81643292E+01
  0.34514322E+01  0.80997476E+01
  0.34800583E+01  0.80380946E+01
  0.35086845E+01  0.79799012E+01
  0.35373106E+01  0.79256637E+01
  0.35659367E+01  0.78758414E+01
  0.35945629E+01  0.78308534E+01
  0.36231890E+01  0.77910766E+01
  0.36518151E+01  0.77568433E+01
  0.36804413E+01  0.77284383E+01
  0.37090674E+01  0.77060976E+01
  0.37376935E+01  0.76900065E+01
  0.37663196E+01  0.76802983E+01
  0.37949458E+01  0.76770534E+01
  0.38241622E+01  0.76759505E+01
  0.38533786E+01  0.76726015E+01
  0.38825951E+01  0.76668937E+01
  0.39118115E+01  0.76586626E+01
  0.39410279E+01  0.76477221E+01
  0.39702443E+01  0.76339022E+01
  0.39994608E+01  0.76170870E+01
  0.40286772E+01  0.75972505E+01
  0.40578936E+01  0.75744843E+01
  0.40871100E+01  0.75490156E+01
  0.41163264E+01  0.75212150E+01
  0.41455429E+01  0.74915945E+01
  0.41747593E+01  0.74607965E+01
  0.42039757E+01  0.74295780E+01
  0.42331921E+01  0.73987894E+01
  0.42624086E+01  0.73693534E+01
  0.42916250E+01  0.73422423E+01
  0.43208414E+01  0.73184568E+01
  0.43500578E+01  0.72990060E+01
  0.43792743E+01  0.72848896E+01
  0.44084907E+01  0.72770818E+01
  0.44377071E+01  0.72765169E+01
  0.44669235E+01  0.72840769E+01
  0.44961400E+01  0.73005810E+01
  0.45253564E+01  0.73267757E+01
  0.45545728E+01  0.73633271E+01
  0.45837892E+01  0.74108139E+01
  0.46130057E+01  0.74691873E+01
  0.46419284E+01  0.74647304E+01
  0.46708512E+01  0.74514798E+01
  0.46997740E+01  0.74297907E+01
  0.47286968E+01  0.74002424E+01
  0.47576196E+01  0.73636179E+01
  0.47865424E+01  0.73208792E+01
  0.48154652E+01  0.72731367E+01
  0.48443879E+01  0.72216164E+01
  0.48733107E+01  0.71676242E+01
  0.49022335E+01  0.71125109E+01
  0.49311563E+01  0.70576374E+01
  0.49600791E+01  0.70043410E+01
  0.49890019E+01  0.69539051E+01
  0.50179246E+01  0.69075301E+01
  0.50468474E+01  0.68663084E+01
  0.50757702E+01  0.68312022E+01
  0.51046930E+01  0.68030248E+01
  0.51336158E+01  0.67824245E+01
  0.51625386E+01  0.67698735E+01
  0.51914614E+01  0.67656581E+01
  
  0.00000000E+00  0.87374210E+01
  0.28922784E-01  0.87507285E+01
  0.57845569E-01  0.87905380E+01
  0.86768353E-01  0.88565087E+01
  0.11569114E+00  0.89480781E+01
  0.14461392E+00  0.90644683E+01
  0.17353671E+00  0.92046969E+01
  0.20245949E+00  0.93675894E+01
  0.23138228E+00  0.95000865E+01
  0.26030506E+00  0.94960781E+01
  0.28922784E+00  0.94888103E+01
  0.31815063E+00  0.94775238E+01
  0.34707341E+00  0.94614618E+01
  0.37599620E+00  0.94398894E+01
  0.40491898E+00  0.94121133E+01
  0.43384177E+00  0.93775008E+01
  0.46276455E+00  0.93354976E+01
  0.49168734E+00  0.92856442E+01
  0.52061012E+00  0.92275908E+01
  0.54953290E+00  0.91611095E+01
  0.57845569E+00  0.90861042E+01
  0.60737847E+00  0.90026186E+01
  0.63630126E+00  0.89108404E+01
  0.66522404E+00  0.88111030E+01
  0.69414683E+00  0.87038848E+01
  0.72306961E+00  0.85898044E+01
  0.75199240E+00  0.84696144E+01
  0.78091518E+00  0.83441909E+01
  0.80983796E+00  0.82145223E+01
  0.83876075E+00  0.80816941E+01
  0.86768353E+00  0.79468733E+01
  0.89660632E+00  0.78112900E+01
  0.92552910E+00  0.76762186E+01
  0.95445189E+00  0.75429576E+01
  0.98337467E+00  0.74128094E+01
  0.10122975E+01  0.72870595E+01
  0.10412202E+01  0.71669568E+01
  0.10701430E+01  0.70536940E+01
  0.10990658E+01  0.69483895E+01
  0.11279886E+01  0.68520706E+01
  0.11569114E+01  0.67656581E+01
  0.11861278E+01  0.67746765E+01
  0.12153442E+01  0.68016324E+01
  0.12445607E+01  0.68462308E+01
  0.12737771E+01  0.69079836E+01
  0.13029935E+01  0.69862161E+01
  0.13322099E+01  0.70800747E+01
  0.13614263E+01  0.71885373E+01
  0.13906428E+01  0.73104260E+01
  0.14198592E+01  0.74444209E+01
  0.14490756E+01  0.75890764E+01
  0.14782920E+01  0.77428381E+01
  0.15075085E+01  0.79040621E+01
  0.15367249E+01  0.80710346E+01
  0.15659413E+01  0.82419922E+01
  0.15659413E+01  0.82419879E+01
  0.15951577E+01  0.84151386E+01
  0.16243742E+01  0.85886841E+01
  0.16535906E+01  0.87608405E+01
  0.16828070E+01  0.89298593E+01
  0.17120234E+01  0.90940487E+01
  0.17412399E+01  0.92517929E+01
  0.17704563E+01  0.94015716E+01
  0.17996727E+01  0.95419771E+01
  0.18288891E+01  0.96717310E+01
  0.18581056E+01  0.97896982E+01
  0.18873220E+01  0.98949003E+01
  0.19165384E+01  0.99865255E+01
  0.19457548E+01  0.10063938E+02
  0.19749713E+01  0.10126684E+02
  0.20041877E+01  0.10174496E+02
  0.20334041E+01  0.10207293E+02
  0.20626205E+01  0.10225183E+02
  0.20918370E+01  0.10228457E+02
  0.21210534E+01  0.10217585E+02
  0.21502698E+01  0.10193209E+02
  0.21794862E+01  0.10156133E+02
  0.22087027E+01  0.10107309E+02
  0.22379191E+01  0.10047828E+02
  0.22671355E+01  0.99183400E+01
  0.22963519E+01  0.97848536E+01
  0.23255683E+01  0.96598725E+01
  0.23547848E+01  0.95433816E+01
  0.23840012E+01  0.94353286E+01
  0.24132176E+01  0.93356291E+01
  0.24424340E+01  0.92441727E+01
  0.24716505E+01  0.91608282E+01
  0.25008669E+01  0.91378426E+01
  0.25300833E+01  0.91584095E+01
  0.25592997E+01  0.90869175E+01
  0.25885162E+01  0.90102054E+01
  0.26177326E+01  0.89411864E+01
  0.26469490E+01  0.88809154E+01
  0.26761654E+01  0.88303089E+01
  0.27053819E+01  0.87901337E+01
  0.27345983E+01  0.87609966E+01
  0.27638147E+01  0.87433371E+01
  0.27930311E+01  0.87374210E+01
  0.28216573E+01  0.87439281E+01
  0.28502834E+01  0.87633966E+01
  0.28789095E+01  0.87956697E+01
  0.29075357E+01  0.88404876E+01
  0.29361618E+01  0.88974895E+01
  0.29647879E+01  0.89662139E+01
  0.29934141E+01  0.90461120E+01
  0.30220402E+01  0.91365384E+01
  0.30506663E+01  0.92367651E+01
  0.30792925E+01  0.93459851E+01
  0.31079186E+01  0.94633190E+01
  0.31365447E+01  0.95878222E+01
  0.31651709E+01  0.97184923E+01
  0.31937970E+01  0.98542770E+01
  0.32224231E+01  0.99940832E+01
  0.32510493E+01  0.10136785E+02
  0.32796754E+01  0.10281234E+02
  0.33083015E+01  0.10426267E+02
  0.33369277E+01  0.10570716E+02
  0.33655538E+01  0.10713418E+02
  0.33941799E+01  0.10853224E+02
  0.34228061E+01  0.10989009E+02
  0.34514322E+01  0.11119679E+02
  0.34800583E+01  0.11244183E+02
  0.35086845E+01  0.11361517E+02
  0.35373106E+01  0.11470737E+02
  0.35659367E+01  0.11570963E+02
  0.35945629E+01  0.11661390E+02
  0.36231890E+01  0.11741288E+02
  0.36518151E+01  0.11810015E+02
  0.36804413E+01  0.11867016E+02
  0.37090674E+01  0.11911834E+02
  0.37376935E+01  0.11944107E+02
  0.37663196E+01  0.11963575E+02
  0.37949458E+01  0.11970082E+02
  0.38241622E+01  0.11946682E+02
  0.38533786E+01  0.11878323E+02
  0.38825951E+01  0.11769918E+02
  0.39118115E+01  0.11628052E+02
  0.39410279E+01  0.11459603E+02
  0.39702443E+01  0.11270881E+02
  0.39994608E+01  0.11067296E+02
  0.40286772E+01  0.10853330E+02
  0.40578936E+01  0.10632668E+02
  0.40871100E+01  0.10408350E+02
  0.41163264E+01  0.10182910E+02
  0.41455429E+01  0.99584893E+01
  0.41747593E+01  0.97369225E+01
  0.42039757E+01  0.95197983E+01
  0.42331921E+01  0.93085040E+01
  0.42624086E+01  0.91042568E+01
  0.42916250E+01  0.89081249E+01
  0.43208414E+01  0.87210424E+01
  0.43500578E+01  0.85438193E+01
  0.43792743E+01  0.83771471E+01
  0.44084907E+01  0.82216038E+01
  0.44377071E+01  0.80776552E+01
  0.44669235E+01  0.79456571E+01
  0.44961400E+01  0.78258555E+01
  0.45253564E+01  0.77183875E+01
  0.45545728E+01  0.76232821E+01
  0.45837892E+01  0.75404614E+01
  0.46130057E+01  0.74702764E+01
  0.46419284E+01  0.74658122E+01
  0.46708512E+01  0.74525398E+01
  0.46997740E+01  0.74308154E+01
  0.47286968E+01  0.74012191E+01
  0.47576196E+01  0.73645355E+01
  0.47865424E+01  0.73217284E+01
  0.48154652E+01  0.72739102E+01
  0.48443879E+01  0.72223088E+01
  0.48733107E+01  0.71682325E+01
  0.49022335E+01  0.71130342E+01
  0.49311563E+01  0.70580769E+01
  0.49600791E+01  0.70046998E+01
  0.49890019E+01  0.69541881E+01
  0.50179246E+01  0.69077438E+01
  0.50468474E+01  0.68664607E+01
  0.50757702E+01  0.68313024E+01
  0.51046930E+01  0.68030830E+01
  0.51336158E+01  0.67824518E+01
  0.51625386E+01  0.67698812E+01
  0.51914614E+01  0.67656581E+01
  
  0.00000000E+00  0.87374210E+01
  0.28922784E-01  0.87507291E+01
  0.57845569E-01  0.87905392E+01
  0.86768353E-01  0.88565105E+01
  0.11569114E+00  0.89480804E+01
  0.14461392E+00  0.90644711E+01
  0.17353671E+00  0.92047003E+01
  0.20245949E+00  0.93675933E+01
  0.23138228E+00  0.95517938E+01
  0.26030506E+00  0.97557975E+01
  0.28922784E+00  0.99779463E+01
  0.31815063E+00  0.10216464E+02
  0.34707341E+00  0.10469474E+02
  0.37599620E+00  0.10735019E+02
  0.40491898E+00  0.11011085E+02
  0.43384177E+00  0.11295624E+02
  0.46276455E+00  0.11586569E+02
  0.49168734E+00  0.11881864E+02
  0.52061012E+00  0.12179474E+02
  0.54953290E+00  0.12477407E+02
  0.57845569E+00  0.12773733E+02
  0.60737847E+00  0.13066593E+02
  0.63630126E+00  0.13354211E+02
  0.66522404E+00  0.13634912E+02
  0.69414683E+00  0.13907119E+02
  0.72306961E+00  0.14169368E+02
  0.75199240E+00  0.14420307E+02
  0.78091518E+00  0.14658699E+02
  0.80983796E+00  0.14883421E+02
  0.83876075E+00  0.15093466E+02
  0.86768353E+00  0.15287933E+02
  0.89660632E+00  0.15466033E+02
  0.92552910E+00  0.15627071E+02
  0.95445189E+00  0.15770453E+02
  0.98337467E+00  0.15895671E+02
  0.10122975E+01  0.16002301E+02
  0.10412202E+01  0.16089995E+02
  0.10701430E+01  0.16158478E+02
  0.10990658E+01  0.16207540E+02
  0.11279886E+01  0.16237035E+02
  0.11569114E+01  0.16246877E+02
  0.11861278E+01  0.16238443E+02
  0.12153442E+01  0.16213193E+02
  0.12445607E+01  0.16171276E+02
  0.12737771E+01  0.16112943E+02
  0.13029935E+01  0.16038540E+02
  0.13322099E+01  0.15948506E+02
  0.13614263E+01  0.15843371E+02
  0.13906428E+01  0.15723747E+02
  0.14198592E+01  0.15590330E+02
  0.14490756E+01  0.15443884E+02
  0.14782920E+01  0.15285242E+02
  0.15075085E+01  0.15115297E+02
  0.15367249E+01  0.14934991E+02
  0.15659413E+01  0.14745310E+02
  0.15659413E+01  0.14745316E+02
  0.15951577E+01  0.14547282E+02
  0.16243742E+01  0.14341942E+02
  0.16535906E+01  0.14130360E+02
  0.16828070E+01  0.13913611E+02
  0.17120234E+01  0.13692770E+02
  0.17412399E+01  0.13468902E+02
  0.17704563E+01  0.13243059E+02
  0.17996727E+01  0.13016269E+02
  0.18288891E+01  0.12789527E+02
  0.18581056E+01  0.12563793E+02
  0.18873220E+01  0.12339984E+02
  0.19165384E+01  0.12118965E+02
  0.19457548E+01  0.11901550E+02
  0.19749713E+01  0.11688494E+02
  0.20041877E+01  0.11480492E+02
  0.20334041E+01  0.11278173E+02
  0.20626205E+01  0.11082103E+02
  0.20918370E+01  0.10892782E+02
  0.21210534E+01  0.10710643E+02
  0.21502698E+01  0.10536053E+02
  0.21794862E+01  0.10369315E+02
  0.22087027E+01  0.10210671E+02
  0.22379191E+01  0.10060304E+02
  0.22671355E+01  0.99789009E+01
  0.22963519E+01  0.99018437E+01
  0.23255683E+01  0.98180589E+01
  0.23547848E+01  0.97290169E+01
  0.23840012E+01  0.96362358E+01
  0.24132176E+01  0.95412613E+01
  0.24424340E+01  0.94456461E+01
  0.24716505E+01  0.93509292E+01
  0.25008669E+01  0.92586159E+01
  0.25300833E+01  0.91701779E+01
  0.25592997E+01  0.91643622E+01
  0.25885162E+01  0.91479030E+01
  0.26177326E+01  0.91004788E+01
  0.26469490E+01  0.90240173E+01
  0.26761654E+01  0.89358051E+01
  0.27053819E+01  0.88542997E+01
  0.27345983E+01  0.87907808E+01
  0.27638147E+01  0.87509503E+01
  0.27930311E+01  0.87374210E+01
  0.28216573E+01  0.87463081E+01
  0.28502834E+01  0.87721431E+01
  0.28789095E+01  0.88122277E+01
  0.29075357E+01  0.88613792E+01
  0.29361618E+01  0.89113176E+01
  0.29647879E+01  0.89662163E+01
  0.29934141E+01  0.90461147E+01
  0.30220402E+01  0.91365415E+01
  0.30506663E+01  0.92367686E+01
  0.30792925E+01  0.93459889E+01
  0.31079186E+01  0.94633232E+01
  0.31365447E+01  0.95878267E+01
  0.31651709E+01  0.97184971E+01
  0.31937970E+01  0.98542821E+01
  0.32224231E+01  0.99940886E+01
  0.32510493E+01  0.10136791E+02
  0.32796754E+01  0.10281240E+02
  0.33083015E+01  0.10426273E+02
  0.33369277E+01  0.10570722E+02
  0.33655538E+01  0.10713424E+02
  0.33941799E+01  0.10853231E+02
  0.34228061E+01  0.10989016E+02
  0.34514322E+01  0.11119686E+02
  0.34800583E+01  0.11244189E+02
  0.35086845E+01  0.11361523E+02
  0.35373106E+01  0.11470743E+02
  0.35659367E+01  0.11570970E+02
  0.35945629E+01  0.11661397E+02
  0.36231890E+01  0.11741295E+02
  0.36518151E+01  0.11810021E+02
  0.36804413E+01  0.11867023E+02
  0.37090674E+01  0.11911840E+02
  0.37376935E+01  0.11944113E+02
  0.37663196E+01  0.11963581E+02
  0.37949458E+01  0.11970088E+02
  0.38241622E+01  0.11977627E+02
  0.38533786E+01  0.12000263E+02
  0.38825951E+01  0.12038033E+02
  0.39118115E+01  0.12090976E+02
  0.39410279E+01  0.12159104E+02
  0.39702443E+01  0.12242367E+02
  0.39994608E+01  0.12340610E+02
  0.40286772E+01  0.12453546E+02
  0.40578936E+01  0.12580727E+02
  0.40871100E+01  0.12721525E+02
  0.41163264E+01  0.12875132E+02
  0.41455429E+01  0.13040559E+02
  0.41747593E+01  0.13216655E+02
  0.42039757E+01  0.13402118E+02
  0.42331921E+01  0.13595528E+02
  0.42624086E+01  0.13795363E+02
  0.42916250E+01  0.14000030E+02
  0.43208414E+01  0.14207886E+02
  0.43500578E+01  0.14417263E+02
  0.43792743E+01  0.14626488E+02
  0.44084907E+01  0.14833902E+02
  0.44377071E+01  0.15037878E+02
  0.44669235E+01  0.15236837E+02
  0.44961400E+01  0.15429259E+02
  0.45253564E+01  0.15613699E+02
  0.45545728E+01  0.15788795E+02
  0.45837892E+01  0.15953277E+02
  0.46130057E+01  0.16105444E+02
  0.46419284E+01  0.16106442E+02
  0.46708512E+01  0.16109399E+02
  0.46997740E+01  0.16114214E+02
  0.47286968E+01  0.16120722E+02
  0.47576196E+01  0.16128709E+02
  0.47865424E+01  0.16137916E+02
  0.48154652E+01  0.16148059E+02
  0.48443879E+01  0.16158837E+02
  0.48733107E+01  0.16169947E+02
  0.49022335E+01  0.16181095E+02
  0.49311563E+01  0.16192001E+02
  0.49600791E+01  0.16202412E+02
  0.49890019E+01  0.16212101E+02
  0.50179246E+01  0.16220869E+02
  0.50468474E+01  0.16228552E+02
  0.50757702E+01  0.16235013E+02
  0.51046930E+01  0.16240145E+02
  0.51336158E+01  0.16243866E+02
  0.51625386E+01  0.16246121E+02
  0.51914614E+01  0.16246877E+02
  
  0.00000000E+00  0.94921119E+01
  0.28922784E-01  0.94925365E+01
  0.57845569E-01  0.94937501E+01
  0.86768353E-01  0.94955740E+01
  0.11569114E+00  0.94977156E+01
  0.14461392E+00  0.94997753E+01
  0.17353671E+00  0.95012564E+01
  0.20245949E+00  0.95015774E+01
  0.23138228E+00  0.95517980E+01
  0.26030506E+00  0.97558021E+01
  0.28922784E+00  0.99779513E+01
  0.31815063E+00  0.10216469E+02
  0.34707341E+00  0.10469479E+02
  0.37599620E+00  0.10735025E+02
  0.40491898E+00  0.11011092E+02
  0.43384177E+00  0.11295630E+02
  0.46276455E+00  0.11586576E+02
  0.49168734E+00  0.11881871E+02
  0.52061012E+00  0.12179480E+02
  0.54953290E+00  0.12477414E+02
  0.57845569E+00  0.12773740E+02
  0.60737847E+00  0.13066599E+02
  0.63630126E+00  0.13354218E+02
  0.66522404E+00  0.13634918E+02
  0.69414683E+00  0.13907126E+02
  0.72306961E+00  0.14169374E+02
  0.75199240E+00  0.14420313E+02
  0.78091518E+00  0.14658705E+02
  0.80983796E+00  0.14883427E+02
  0.83876075E+00  0.15093471E+02
  0.86768353E+00  0.15287939E+02
  0.89660632E+00  0.15466037E+02
  0.92552910E+00  0.15627076E+02
  0.95445189E+00  0.15770457E+02
  0.98337467E+00  0.15895675E+02
  0.10122975E+01  0.16002304E+02
  0.10412202E+01  0.16089997E+02
  0.10701430E+01  0.16158480E+02
  0.10990658E+01  0.16207541E+02
  0.11279886E+01  0.16237036E+02
  0.11569114E+01  0.16246877E+02
  0.11861278E+01  0.16253761E+02
  0.12153442E+01  0.16274208E+02
  0.12445607E+01  0.16307608E+02
  0.12737771E+01  0.16352974E+02
  0.13029935E+01  0.16408966E+02
  0.13322099E+01  0.16473943E+02
  0.13614263E+01  0.16546007E+02
  0.13906428E+01  0.16623059E+02
  0.14198592E+01  0.16702850E+02
  0.14490756E+01  0.16783033E+02
  0.14782920E+01  0.16861215E+02
  0.15075085E+01  0.16934995E+02
  0.15367249E+01  0.17002008E+02
  0.15659413E+01  0.17059960E+02
  0.15659413E+01  0.17059954E+02
  0.15951577E+01  0.17106654E+02
  0.16243742E+01  0.17140039E+02
  0.16535906E+01  0.17158201E+02
  0.16828070E+01  0.17159408E+02
  0.17120234E+01  0.17142118E+02
  0.17412399E+01  0.17105003E+02
  0.17704563E+01  0.17046952E+02
  0.17996727E+01  0.16967092E+02
  0.18288891E+01  0.16864791E+02
  0.18581056E+01  0.16739666E+02
  0.18873220E+01  0.16591586E+02
  0.19165384E+01  0.16420677E+02
  0.19457548E+01  0.16227321E+02
  0.19749713E+01  0.16012151E+02
  0.20041877E+01  0.15776051E+02
  0.20334041E+01  0.15520143E+02
  0.20626205E+01  0.15245784E+02
  0.20918370E+01  0.14954550E+02
  0.21210534E+01  0.14648226E+02
  0.21502698E+01  0.14328788E+02
  0.21794862E+01  0.13998389E+02
  0.22087027E+01  0.13659339E+02
  0.22379191E+01  0.13314088E+02
  0.22671355E+01  0.12965204E+02
  0.22963519E+01  0.12615356E+02
  0.23255683E+01  0.12267300E+02
  0.23547848E+01  0.11923859E+02
  0.23840012E+01  0.11587930E+02
  0.24132176E+01  0.11262486E+02
  0.24424340E+01  0.10950624E+02
  0.24716505E+01  0.10655669E+02
  0.25008669E+01  0.10381414E+02
  0.25300833E+01  0.10132617E+02
  0.25592997E+01  0.99159833E+01
  0.25885162E+01  0.97412952E+01
  0.26177326E+01  0.96190260E+01
  0.26469490E+01  0.95489296E+01
  0.26761654E+01  0.95151783E+01
  0.27053819E+01  0.95005324E+01
  0.27345983E+01  0.94946745E+01
  0.27638147E+01  0.94925984E+01
  0.27930311E+01  0.94921119E+01
  0.28216573E+01  0.94925931E+01
  0.28502834E+01  0.94947877E+01
  0.28789095E+01  0.95011684E+01
  0.29075357E+01  0.95165438E+01
  0.29361618E+01  0.95486743E+01
  0.29647879E+01  0.96074074E+01
  0.29934141E+01  0.97006683E+01
  0.30220402E+01  0.98301950E+01
  0.30506663E+01  0.99923131E+01
  0.30792925E+01  0.10181657E+02
  0.31079186E+01  0.10393341E+02
  0.31365447E+01  0.10623353E+02
  0.31651709E+01  0.10868336E+02
  0.31937970E+01  0.11125336E+02
  0.32224231E+01  0.11391637E+02
  0.32510493E+01  0.11664652E+02
  0.32796754E+01  0.11941878E+02
  0.33083015E+01  0.12220861E+02
  0.33369277E+01  0.12499195E+02
  0.33655538E+01  0.12774519E+02
  0.33941799E+01  0.13044527E+02
  0.34228061E+01  0.13306972E+02
  0.34514322E+01  0.13559689E+02
  0.34800583E+01  0.13800598E+02
  0.35086845E+01  0.14027725E+02
  0.35373106E+01  0.14239214E+02
  0.35659367E+01  0.14433340E+02
  0.35945629E+01  0.14608522E+02
  0.36231890E+01  0.14763334E+02
  0.36518151E+01  0.14896517E+02
  0.36804413E+01  0.15006992E+02
  0.37090674E+01  0.15093859E+02
  0.37376935E+01  0.15156416E+02
  0.37663196E+01  0.15194154E+02
  0.37949458E+01  0.15206768E+02
  0.38241622E+01  0.15224760E+02
  0.38533786E+01  0.15276908E+02
  0.38825951E+01  0.15358333E+02
  0.39118115E+01  0.15462513E+02
  0.39410279E+01  0.15582656E+02
  0.39702443E+01  0.15712559E+02
  0.39994608E+01  0.15846951E+02
  0.40286772E+01  0.15981507E+02
  0.40578936E+01  0.16112727E+02
  0.40871100E+01  0.16237785E+02
  0.41163264E+01  0.16354381E+02
  0.41455429E+01  0.16460637E+02
  0.41747593E+01  0.16555007E+02
  0.42039757E+01  0.16636217E+02
  0.42331921E+01  0.16703221E+02
  0.42624086E+01  0.16755169E+02
  0.42916250E+01  0.16791388E+02
  0.43208414E+01  0.16811362E+02
  0.43500578E+01  0.16814728E+02
  0.43792743E+01  0.16801265E+02
  0.44084907E+01  0.16770892E+02
  0.44377071E+01  0.16723663E+02
  0.44669235E+01  0.16659766E+02
  0.44961400E+01  0.16579522E+02
  0.45253564E+01  0.16483381E+02
  0.45545728E+01  0.16371922E+02
  0.45837892E+01  0.16245849E+02
  0.46130057E+01  0.16106523E+02
  0.46419284E+01  0.16107513E+02
  0.46708512E+01  0.16110448E+02
  0.46997740E+01  0.16115228E+02
  0.47286968E+01  0.16121689E+02
  0.47576196E+01  0.16129616E+02
  0.47865424E+01  0.16138756E+02
  0.48154652E+01  0.16148823E+02
  0.48443879E+01  0.16159520E+02
  0.48733107E+01  0.16170547E+02
  0.49022335E+01  0.16181610E+02
  0.49311563E+01  0.16192434E+02
  0.49600791E+01  0.16202765E+02
  0.49890019E+01  0.16212378E+02
  0.50179246E+01  0.16221078E+02
  0.50468474E+01  0.16228700E+02
  0.50757702E+01  0.16235110E+02
  0.51046930E+01  0.16240201E+02
  0.51336158E+01  0.16243892E+02
  0.51625386E+01  0.16246128E+02
  0.51914614E+01  0.16246877E+02
  
