                   u          alpha(angstrong)       alpha(a.u.)  

                   0.0000     1.496783E+00           1.010080E+01
                   0.1000     1.488806E+00           1.004696E+01
                   0.2000     1.465590E+00           9.890291E+00
                   0.3000     1.429104E+00           9.644075E+00
                   0.4000     1.382111E+00           9.326946E+00
                   0.5000     1.327628E+00           8.959276E+00
                   0.6000     1.268496E+00           8.560235E+00
                   0.7000     1.207120E+00           8.146052E+00
                   0.8000     1.145379E+00           7.729403E+00
                   0.9000     1.084643E+00           7.319532E+00
                   1.0000     1.025847E+00           6.922757E+00
                   1.1000     9.695853E-01           6.543086E+00
                   1.2000     9.161962E-01           6.182798E+00
                   1.3000     8.658335E-01           5.842934E+00
                   1.4000     8.185245E-01           5.523677E+00
                   1.5000     7.742123E-01           5.224644E+00
                   1.6000     7.327863E-01           4.945087E+00
                   1.7000     6.941040E-01           4.684046E+00
                   1.8000     6.580066E-01           4.440449E+00
                   1.9000     6.243284E-01           4.213177E+00
                   2.0000     5.929042E-01           4.001116E+00
                   2.1000     5.635732E-01           3.803181E+00
                   2.2000     5.361821E-01           3.618336E+00
                   2.3000     5.105860E-01           3.445605E+00
                   2.4000     4.866496E-01           3.284074E+00
                   2.5000     4.642470E-01           3.132894E+00
                   2.6000     4.432620E-01           2.991281E+00
                   2.7000     4.235873E-01           2.858509E+00
                   2.8000     4.051240E-01           2.733912E+00
                   2.9000     3.877816E-01           2.616880E+00
                   3.0000     3.714767E-01           2.506849E+00
                   3.1000     3.561331E-01           2.403306E+00
                   3.2000     3.416807E-01           2.305776E+00
                   3.3000     3.280553E-01           2.213827E+00
                   3.4000     3.151979E-01           2.127061E+00
                   3.5000     3.030545E-01           2.045113E+00
                   3.6000     2.915753E-01           1.967648E+00
                   3.7000     2.807148E-01           1.894358E+00
                   3.8000     2.704310E-01           1.824959E+00
                   3.9000     2.606852E-01           1.759191E+00
                   4.0000     2.514418E-01           1.696813E+00
                   4.1000     2.426680E-01           1.637605E+00
                   4.2000     2.343337E-01           1.581362E+00
                   4.3000     2.264107E-01           1.527895E+00
                   4.4000     2.188734E-01           1.477031E+00
                   4.5000     2.116977E-01           1.428607E+00
                   4.6000     2.048615E-01           1.382474E+00
                   4.7000     1.983444E-01           1.338494E+00
                   4.8000     1.921273E-01           1.296539E+00
                   4.9000     1.861925E-01           1.256489E+00
                   5.0000     1.805236E-01           1.218234E+00
                   5.2500     1.674171E-01           1.129786E+00
                   5.5000     1.556685E-01           1.050503E+00
                   5.7500     1.451001E-01           9.791843E-01
                   6.0000     1.355619E-01           9.148169E-01
                   6.2500     1.269264E-01           8.565416E-01
                   6.5000     1.190850E-01           8.036256E-01
                   6.7500     1.119449E-01           7.554413E-01
                   7.0000     1.054259E-01           7.114493E-01
                   7.2500     9.945912E-02           6.711834E-01
                   7.5000     9.398468E-02           6.342401E-01
                   7.7500     8.895053E-02           6.002679E-01
                   8.0000     8.431122E-02           5.689603E-01
                   8.2500     8.002696E-02           5.400487E-01
                   8.5000     7.606285E-02           5.132976E-01
                   8.7500     7.238804E-02           4.884987E-01
                   9.0000     6.897529E-02           4.654683E-01
                   9.2500     6.580047E-02           4.440436E-01
                   9.5000     6.284215E-02           4.240799E-01
                   9.7500     6.008122E-02           4.054482E-01
                  10.0000     5.750062E-02           3.880334E-01
                  10.2500     5.508507E-02           3.717325E-01
                  10.5000     5.282088E-02           3.564529E-01
                  10.7500     5.069570E-02           3.421116E-01
                  11.0000     4.869845E-02           3.286334E-01
                  11.2500     4.681909E-02           3.159509E-01
                  11.5000     4.504856E-02           3.040028E-01
                  11.7500     4.337863E-02           2.927335E-01
                  12.0000     4.180184E-02           2.820928E-01
                  12.2500     4.031141E-02           2.720349E-01
                  12.5000     3.890113E-02           2.625178E-01
                  12.7500     3.756538E-02           2.535037E-01
                  13.0000     3.629899E-02           2.449578E-01
                  13.2500     3.509725E-02           2.368480E-01
                  13.5000     3.395580E-02           2.291451E-01
                  13.7500     3.287069E-02           2.218224E-01
                  14.0000     3.183825E-02           2.148552E-01
                  14.2500     3.085513E-02           2.082207E-01
                  14.5000     2.991821E-02           2.018981E-01
                  14.7500     2.902465E-02           1.958680E-01
                  15.0000     2.817179E-02           1.901126E-01
                  15.2500     2.735718E-02           1.846154E-01
                  15.5000     2.657857E-02           1.793611E-01
                  15.7500     2.583384E-02           1.743354E-01
                  16.0000     2.512106E-02           1.695253E-01
                  16.2500     2.443839E-02           1.649184E-01
                  16.5000     2.378417E-02           1.605035E-01
                  16.7500     2.315681E-02           1.562699E-01
                  17.0000     2.255485E-02           1.522077E-01
                  17.2500     2.197694E-02           1.483078E-01
                  17.5000     2.142179E-02           1.445614E-01
                  17.7500     2.088822E-02           1.409607E-01
                  18.0000     2.037510E-02           1.374980E-01
                  18.2500     1.988139E-02           1.341663E-01
                  18.5000     1.940612E-02           1.309590E-01
                  18.7500     1.894837E-02           1.278699E-01
                  19.0000     1.850728E-02           1.248933E-01
                  19.2500     1.808203E-02           1.220236E-01
                  19.5000     1.767187E-02           1.192557E-01
                  19.7500     1.727609E-02           1.165848E-01
                  20.0000     1.689401E-02           1.140064E-01
                  20.2500     1.652499E-02           1.115162E-01
                  20.5000     1.616844E-02           1.091101E-01
                  20.7500     1.582380E-02           1.067843E-01
                  21.0000     1.549053E-02           1.045352E-01
                  21.2500     1.516812E-02           1.023596E-01
                  21.5000     1.485611E-02           1.002540E-01
                  21.7500     1.455405E-02           9.821557E-02
                  22.0000     1.426150E-02           9.624137E-02
                  22.2500     1.397807E-02           9.432869E-02
                  22.5000     1.370337E-02           9.247493E-02
                  22.7500     1.343705E-02           9.067770E-02
                  23.0000     1.317875E-02           8.893463E-02
                  23.2500     1.292816E-02           8.724357E-02
                  23.5000     1.268497E-02           8.560240E-02
                  23.7500     1.244887E-02           8.400916E-02
                  24.0000     1.221960E-02           8.246193E-02
                  24.2500     1.199688E-02           8.095896E-02
                  24.5000     1.178046E-02           7.949851E-02
                  24.7500     1.157011E-02           7.807897E-02
                  25.0000     1.136559E-02           7.669881E-02
                  25.2500     1.116668E-02           7.535652E-02
                  25.5000     1.097318E-02           7.405072E-02
                  25.7500     1.078489E-02           7.278006E-02
                  26.0000     1.060162E-02           7.154328E-02
                  26.2500     1.042318E-02           7.033913E-02
                  26.5000     1.024941E-02           6.916647E-02
                  26.7500     1.008014E-02           6.802418E-02
                  27.0000     9.915215E-03           6.691118E-02
                  27.2500     9.754477E-03           6.582647E-02
                  27.5000     9.597786E-03           6.476907E-02
                  27.7500     9.445006E-03           6.373806E-02
                  28.0000     9.296002E-03           6.273253E-02
                  28.2500     9.150647E-03           6.175163E-02
                  28.5000     9.008822E-03           6.079454E-02
                  28.7500     8.870411E-03           5.986050E-02
                  29.0000     8.735300E-03           5.894872E-02
                  29.2500     8.603382E-03           5.805850E-02
                  29.5000     8.474560E-03           5.718917E-02
                  29.7500     8.348730E-03           5.634002E-02
                  30.0000     8.225801E-03           5.551045E-02
                  30.2500     8.105679E-03           5.469983E-02
                  30.5000     7.988278E-03           5.390757E-02
                  30.7500     7.873514E-03           5.313311E-02
                  31.0000     7.761308E-03           5.237590E-02
                  31.2500     7.651582E-03           5.163543E-02
                  31.5000     7.544261E-03           5.091120E-02
                  31.7500     7.439273E-03           5.020270E-02
                  32.0000     7.336549E-03           4.950949E-02
                  32.2500     7.236024E-03           4.883111E-02
                  32.5000     7.137632E-03           4.816713E-02
                  32.7500     7.041312E-03           4.751713E-02
                  33.0000     6.947005E-03           4.688072E-02
                  33.2500     6.854656E-03           4.625751E-02
                  33.5000     6.764205E-03           4.564712E-02
                  33.7500     6.675602E-03           4.504919E-02
                  34.0000     6.588794E-03           4.446339E-02
                  34.2500     6.503733E-03           4.388937E-02
                  34.5000     6.420372E-03           4.332682E-02
                  34.7500     6.338662E-03           4.277541E-02
                  35.0000     6.258560E-03           4.223485E-02
                  35.2500     6.180022E-03           4.170486E-02
                  35.5000     6.103007E-03           4.118513E-02
                  35.7500     6.027475E-03           4.067542E-02
                  36.0000     5.953387E-03           4.017544E-02
                  36.2500     5.880705E-03           3.968496E-02
                  36.5000     5.809393E-03           3.920373E-02
                  36.7500     5.739416E-03           3.873150E-02
                  37.0000     5.670738E-03           3.826803E-02
                  37.2500     5.603329E-03           3.781314E-02
                  37.5000     5.537155E-03           3.736658E-02
                  37.7500     5.472188E-03           3.692816E-02
                  38.0000     5.408395E-03           3.649766E-02
                  38.2500     5.345748E-03           3.607490E-02
                  38.5000     5.284220E-03           3.565968E-02
                  38.7500     5.223782E-03           3.525183E-02
                  39.0000     5.164408E-03           3.485115E-02
                  39.2500     5.106072E-03           3.445748E-02
                  39.5000     5.048754E-03           3.407068E-02
                  39.7500     4.992421E-03           3.369053E-02
                  40.0000     4.937059E-03           3.331693E-02
                  40.2500     4.882639E-03           3.294968E-02
                  40.5000     4.829143E-03           3.258867E-02
                  40.7500     4.776547E-03           3.223374E-02
                  41.0000     4.724831E-03           3.188474E-02
                  41.2500     4.673976E-03           3.154155E-02
                  41.5000     4.623961E-03           3.120403E-02
                  41.7500     4.574768E-03           3.087206E-02
                  42.0000     4.526378E-03           3.054552E-02
                  42.2500     4.478774E-03           3.022427E-02
                  42.5000     4.431939E-03           2.990821E-02
                  42.7500     4.385854E-03           2.959721E-02
                  43.0000     4.340505E-03           2.929118E-02
                  43.2500     4.295874E-03           2.898999E-02
                  43.5000     4.251946E-03           2.869356E-02
                  43.7500     4.208707E-03           2.840176E-02
                  44.0000     4.166142E-03           2.811452E-02
                  44.2500     4.124236E-03           2.783172E-02
                  44.5000     4.082975E-03           2.755328E-02
                  44.7500     4.042346E-03           2.727910E-02
                  45.0000     4.002336E-03           2.700910E-02
                  45.2500     3.962932E-03           2.674319E-02
                  45.5000     3.924121E-03           2.648128E-02
                  45.7500     3.885892E-03           2.622330E-02
                  46.0000     3.848230E-03           2.596915E-02
                  46.2500     3.811129E-03           2.571878E-02
                  46.5000     3.774571E-03           2.547207E-02
                  46.7500     3.738553E-03           2.522901E-02
                  47.0000     3.703058E-03           2.498947E-02
                  47.2500     3.668078E-03           2.475342E-02
                  47.5000     3.633601E-03           2.452076E-02
                  47.7500     3.599621E-03           2.429145E-02
                  48.0000     3.566124E-03           2.406540E-02
                  48.2500     3.533103E-03           2.384256E-02
                  48.5000     3.500549E-03           2.362288E-02
                  48.7500     3.468453E-03           2.340628E-02
                  49.0000     3.436804E-03           2.319270E-02
                  49.2500     3.405596E-03           2.298210E-02
                  49.5000     3.374819E-03           2.277441E-02
                  49.7500     3.344466E-03           2.256958E-02
                  50.0000     3.314527E-03           2.236754E-02
