                   u          alpha(angstrong)       alpha(a.u.)  

                   0.0000     4.100480E-01           2.767141E+00
                   0.1000     4.090209E-01           2.760210E+00
                   0.2000     4.059886E-01           2.739747E+00
                   0.3000     4.010908E-01           2.706695E+00
                   0.4000     3.945388E-01           2.662480E+00
                   0.5000     3.865901E-01           2.608839E+00
                   0.6000     3.775210E-01           2.547638E+00
                   0.7000     3.676038E-01           2.480713E+00
                   0.8000     3.570907E-01           2.409767E+00
                   0.9000     3.462035E-01           2.336297E+00
                   1.0000     3.351294E-01           2.261565E+00
                   1.1000     3.240212E-01           2.186604E+00
                   1.2000     3.129999E-01           2.112228E+00
                   1.3000     3.021581E-01           2.039064E+00
                   1.4000     2.915647E-01           1.967576E+00
                   1.5000     2.812690E-01           1.898097E+00
                   1.6000     2.713045E-01           1.830854E+00
                   1.7000     2.616923E-01           1.765987E+00
                   1.8000     2.524435E-01           1.703573E+00
                   1.9000     2.435623E-01           1.643640E+00
                   2.0000     2.350468E-01           1.586174E+00
                   2.1000     2.268914E-01           1.531139E+00
                   2.2000     2.190875E-01           1.478476E+00
                   2.3000     2.116242E-01           1.428111E+00
                   2.4000     2.044894E-01           1.379963E+00
                   2.5000     1.976703E-01           1.333945E+00
                   2.6000     1.911533E-01           1.289967E+00
                   2.7000     1.849251E-01           1.247936E+00
                   2.8000     1.789721E-01           1.207764E+00
                   2.9000     1.732812E-01           1.169359E+00
                   3.0000     1.678394E-01           1.132636E+00
                   3.1000     1.626345E-01           1.097512E+00
                   3.2000     1.576544E-01           1.063904E+00
                   3.3000     1.528877E-01           1.031738E+00
                   3.4000     1.483237E-01           1.000938E+00
                   3.5000     1.439518E-01           9.714351E-01
                   3.6000     1.397624E-01           9.431632E-01
                   3.7000     1.357460E-01           9.160592E-01
                   3.8000     1.318939E-01           8.900639E-01
                   3.9000     1.281977E-01           8.651209E-01
                   4.0000     1.246496E-01           8.411772E-01
                   4.1000     1.212422E-01           8.181826E-01
                   4.2000     1.179684E-01           7.960899E-01
                   4.3000     1.148216E-01           7.748544E-01
                   4.4000     1.117956E-01           7.544340E-01
                   4.5000     1.088845E-01           7.347889E-01
                   4.6000     1.060827E-01           7.158818E-01
                   4.7000     1.033851E-01           6.976771E-01
                   4.8000     1.007866E-01           6.801415E-01
                   4.9000     9.828255E-02           6.632435E-01
                   5.0000     9.586859E-02           6.469533E-01
                   5.2500     9.020096E-02           6.087063E-01
                   5.5000     8.501172E-02           5.736875E-01
                   5.7500     8.024944E-02           5.415501E-01
                   6.0000     7.586925E-02           5.119911E-01
                   6.2500     7.183192E-02           4.847458E-01
                   6.5000     6.810302E-02           4.595820E-01
                   6.7500     6.465236E-02           4.362957E-01
                   7.0000     6.145318E-02           4.147066E-01
                   7.2500     5.848189E-02           3.946554E-01
                   7.5000     5.571758E-02           3.760009E-01
                   7.7500     5.314166E-02           3.586177E-01
                   8.0000     5.073754E-02           3.423939E-01
                   8.2500     4.849042E-02           3.272296E-01
                   8.5000     4.638706E-02           3.130354E-01
                   8.7500     4.441556E-02           2.997311E-01
                   9.0000     4.256522E-02           2.872443E-01
                   9.2500     4.082640E-02           2.755102E-01
                   9.5000     3.919040E-02           2.644699E-01
                   9.7500     3.764933E-02           2.540703E-01
                  10.0000     3.619605E-02           2.442631E-01
                  10.2500     3.482410E-02           2.350047E-01
                  10.5000     3.352754E-02           2.262550E-01
                  10.7500     3.230104E-02           2.179782E-01
                  11.0000     3.113965E-02           2.101408E-01
                  11.2500     3.003889E-02           2.027125E-01
                  11.5000     2.899465E-02           1.956656E-01
                  11.7500     2.800316E-02           1.889747E-01
                  12.0000     2.706097E-02           1.826165E-01
                  12.2500     2.616488E-02           1.765693E-01
                  12.5000     2.531195E-02           1.708135E-01
                  12.7500     2.449949E-02           1.653308E-01
                  13.0000     2.372500E-02           1.601043E-01
                  13.2500     2.298618E-02           1.551184E-01
                  13.5000     2.228087E-02           1.503588E-01
                  13.7500     2.160711E-02           1.458120E-01
                  14.0000     2.096305E-02           1.414657E-01
                  14.2500     2.034700E-02           1.373084E-01
                  14.5000     1.975736E-02           1.333293E-01
                  14.7500     1.919267E-02           1.295185E-01
                  15.0000     1.865153E-02           1.258668E-01
                  15.2500     1.813268E-02           1.223654E-01
                  15.5000     1.763492E-02           1.190064E-01
                  15.7500     1.715713E-02           1.157820E-01
                  16.0000     1.669827E-02           1.126855E-01
                  16.2500     1.625735E-02           1.097101E-01
                  16.5000     1.583346E-02           1.068495E-01
                  16.7500     1.542576E-02           1.040982E-01
                  17.0000     1.503342E-02           1.014505E-01
                  17.2500     1.465568E-02           9.890146E-02
                  17.5000     1.429186E-02           9.644623E-02
                  17.7500     1.394126E-02           9.408029E-02
                  18.0000     1.360327E-02           9.179940E-02
                  18.2500     1.327729E-02           8.959959E-02
                  18.5000     1.296277E-02           8.747708E-02
                  18.7500     1.265917E-02           8.542833E-02
                  19.0000     1.236601E-02           8.344997E-02
                  19.2500     1.208281E-02           8.153886E-02
                  19.5000     1.180914E-02           7.969200E-02
                  19.7500     1.154456E-02           7.790656E-02
                  20.0000     1.128869E-02           7.617989E-02
                  20.2500     1.104116E-02           7.450943E-02
                  20.5000     1.080160E-02           7.289282E-02
                  20.7500     1.056968E-02           7.132775E-02
                  21.0000     1.034509E-02           6.981211E-02
                  21.2500     1.012751E-02           6.834382E-02
                  21.5000     9.916649E-03           6.692086E-02
                  21.7500     9.712271E-03           6.554166E-02
                  22.0000     9.514089E-03           6.420426E-02
                  22.2500     9.321863E-03           6.290705E-02
                  22.5000     9.135351E-03           6.164841E-02
                  22.7500     8.954337E-03           6.042686E-02
                  23.0000     8.778606E-03           5.924097E-02
                  23.2500     8.607957E-03           5.808937E-02
                  23.5000     8.442198E-03           5.697078E-02
                  23.7500     8.281145E-03           5.588394E-02
                  24.0000     8.124623E-03           5.482767E-02
                  24.2500     7.972464E-03           5.380086E-02
                  24.5000     7.824509E-03           5.280240E-02
                  24.7500     7.680606E-03           5.183130E-02
                  25.0000     7.540609E-03           5.088655E-02
                  25.2500     7.404379E-03           4.996722E-02
                  25.5000     7.271783E-03           4.907242E-02
                  25.7500     7.142693E-03           4.820128E-02
                  26.0000     7.016989E-03           4.735299E-02
                  26.2500     6.894554E-03           4.652676E-02
                  26.5000     6.775275E-03           4.572182E-02
                  26.7500     6.659047E-03           4.493747E-02
                  27.0000     6.545766E-03           4.417302E-02
                  27.2500     6.435335E-03           4.342779E-02
                  27.5000     6.327658E-03           4.270115E-02
                  27.7500     6.222647E-03           4.199251E-02
                  28.0000     6.120211E-03           4.130123E-02
                  28.2500     6.020274E-03           4.062683E-02
                  28.5000     5.922746E-03           3.996867E-02
                  28.7500     5.827570E-03           3.932639E-02
                  29.0000     5.734648E-03           3.869933E-02
                  29.2500     5.643925E-03           3.808710E-02
                  29.5000     5.555327E-03           3.748920E-02
                  29.7500     5.468789E-03           3.690522E-02
                  30.0000     5.384249E-03           3.633471E-02
                  30.2500     5.301642E-03           3.577725E-02
                  30.5000     5.220918E-03           3.523250E-02
                  30.7500     5.142014E-03           3.470003E-02
                  31.0000     5.064879E-03           3.417950E-02
                  31.2500     4.989460E-03           3.367055E-02
                  31.5000     4.915706E-03           3.317283E-02
                  31.7500     4.843569E-03           3.268602E-02
                  32.0000     4.773002E-03           3.220982E-02
                  32.2500     4.703962E-03           3.174391E-02
                  32.5000     4.636404E-03           3.128800E-02
                  32.7500     4.570285E-03           3.084182E-02
                  33.0000     4.505567E-03           3.040507E-02
                  33.2500     4.442208E-03           2.997751E-02
                  33.5000     4.380175E-03           2.955889E-02
                  33.7500     4.319427E-03           2.914894E-02
                  34.0000     4.259930E-03           2.874743E-02
                  34.2500     4.201652E-03           2.835415E-02
                  34.5000     4.144558E-03           2.796886E-02
                  34.7500     4.088617E-03           2.759136E-02
                  35.0000     4.033798E-03           2.722142E-02
                  35.2500     3.980072E-03           2.685886E-02
                  35.5000     3.927410E-03           2.650348E-02
                  35.7500     3.875784E-03           2.615509E-02
                  36.0000     3.825167E-03           2.581351E-02
                  36.2500     3.775532E-03           2.547855E-02
                  36.5000     3.726856E-03           2.515007E-02
                  36.7500     3.679114E-03           2.482789E-02
                  37.0000     3.632284E-03           2.451187E-02
                  37.2500     3.586338E-03           2.420181E-02
                  37.5000     3.541260E-03           2.389761E-02
                  37.7500     3.497025E-03           2.359909E-02
                  38.0000     3.453611E-03           2.330612E-02
                  38.2500     3.411000E-03           2.301857E-02
                  38.5000     3.369173E-03           2.273630E-02
                  38.7500     3.328106E-03           2.245917E-02
                  39.0000     3.287790E-03           2.218711E-02
                  39.2500     3.248199E-03           2.191994E-02
                  39.5000     3.209320E-03           2.165757E-02
                  39.7500     3.171133E-03           2.139986E-02
                  40.0000     3.133622E-03           2.114673E-02
                  40.2500     3.096775E-03           2.089807E-02
                  40.5000     3.060572E-03           2.065377E-02
                  40.7500     3.025000E-03           2.041371E-02
                  41.0000     2.990046E-03           2.017783E-02
                  41.2500     2.955693E-03           1.994601E-02
                  41.5000     2.921929E-03           1.971815E-02
                  41.7500     2.888740E-03           1.949418E-02
                  42.0000     2.856113E-03           1.927401E-02
                  42.2500     2.824037E-03           1.905755E-02
                  42.5000     2.792497E-03           1.884470E-02
                  42.7500     2.761484E-03           1.863542E-02
                  43.0000     2.730984E-03           1.842960E-02
                  43.2500     2.700987E-03           1.822717E-02
                  43.5000     2.671482E-03           1.802806E-02
                  43.7500     2.642458E-03           1.783219E-02
                  44.0000     2.613905E-03           1.763951E-02
                  44.2500     2.585813E-03           1.744993E-02
                  44.5000     2.558171E-03           1.726339E-02
                  44.7500     2.530971E-03           1.707984E-02
                  45.0000     2.504202E-03           1.689919E-02
                  45.2500     2.477857E-03           1.672141E-02
                  45.5000     2.451925E-03           1.654641E-02
                  45.7500     2.426398E-03           1.637415E-02
                  46.0000     2.401269E-03           1.620457E-02
                  46.2500     2.376530E-03           1.603762E-02
                  46.5000     2.352172E-03           1.587324E-02
                  46.7500     2.328185E-03           1.571137E-02
                  47.0000     2.304564E-03           1.555197E-02
                  47.2500     2.281303E-03           1.539499E-02
                  47.5000     2.258391E-03           1.524038E-02
                  47.7500     2.235825E-03           1.508809E-02
                  48.0000     2.213595E-03           1.493808E-02
                  48.2500     2.191695E-03           1.479029E-02
                  48.5000     2.170121E-03           1.464470E-02
                  48.7500     2.148864E-03           1.450125E-02
                  49.0000     2.127918E-03           1.435990E-02
                  49.2500     2.107276E-03           1.422060E-02
                  49.5000     2.086937E-03           1.408335E-02
                  49.7500     2.066889E-03           1.394806E-02
                  50.0000     2.047129E-03           1.381471E-02
