K_POINTS
  60
   0.0625000  0.0625000  0.0625000   1.00
   0.0625000  0.0625000  0.1875000   3.00
   0.0625000  0.0625000  0.3125000   3.00
   0.0625000  0.0625000  0.4375000   3.00
   0.0625000  0.0625000  0.5625000   3.00
   0.0625000  0.0625000  0.6875000   3.00
   0.0625000  0.0625000  0.8125000   3.00
   0.0625000  0.0625000  0.9375000   3.00
   0.0625000  0.1875000  0.1875000   3.00
   0.0625000  0.1875000  0.3125000   6.00
   0.0625000  0.1875000  0.4375000   6.00
   0.0625000  0.1875000  0.5625000   6.00
   0.0625000  0.1875000  0.6875000   6.00
   0.0625000  0.1875000  0.8125000   6.00
   0.0625000  0.1875000  0.9375000   6.00
   0.0625000  0.3125000  0.3125000   3.00
   0.0625000  0.3125000  0.4375000   6.00
   0.0625000  0.3125000  0.5625000   6.00
   0.0625000  0.3125000  0.6875000   6.00
   0.0625000  0.3125000  0.8125000   6.00
   0.0625000  0.3125000  0.9375000   6.00
   0.0625000  0.4375000  0.4375000   3.00
   0.0625000  0.4375000  0.5625000   6.00
   0.0625000  0.4375000  0.6875000   6.00
   0.0625000  0.4375000  0.8125000   6.00
   0.0625000  0.4375000  0.9375000   6.00
   0.0625000  0.5625000  0.5625000   3.00
   0.0625000  0.5625000  0.6875000   6.00
   0.0625000  0.5625000  0.8125000   6.00
   0.0625000  0.6875000  0.6875000   3.00
   0.0625000  0.6875000  0.8125000   6.00
   0.0625000  0.8125000  0.8125000   3.00
   0.1875000  0.1875000  0.1875000   1.00
   0.1875000  0.1875000  0.3125000   3.00
   0.1875000  0.1875000  0.4375000   3.00
   0.1875000  0.1875000  0.5625000   3.00
   0.1875000  0.1875000  0.6875000   3.00
   0.1875000  0.1875000  0.8125000   3.00
   0.1875000  0.3125000  0.3125000   3.00
   0.1875000  0.3125000  0.4375000   6.00
   0.1875000  0.3125000  0.5625000   6.00
   0.1875000  0.3125000  0.6875000   6.00
   0.1875000  0.3125000  0.8125000   6.00
   0.1875000  0.4375000  0.4375000   3.00
   0.1875000  0.4375000  0.5625000   6.00
   0.1875000  0.4375000  0.6875000   6.00
   0.1875000  0.4375000  0.8125000   6.00
   0.1875000  0.5625000  0.5625000   3.00
   0.1875000  0.5625000  0.6875000   6.00
   0.1875000  0.6875000  0.6875000   3.00
   0.3125000  0.3125000  0.3125000   1.00
   0.3125000  0.3125000  0.4375000   3.00
   0.3125000  0.3125000  0.5625000   3.00
   0.3125000  0.3125000  0.6875000   3.00
   0.3125000  0.4375000  0.4375000   3.00
   0.3125000  0.4375000  0.5625000   6.00
   0.3125000  0.4375000  0.6875000   6.00
   0.3125000  0.5625000  0.5625000   3.00
   0.4375000  0.4375000  0.4375000   1.00
   0.4375000  0.4375000  0.5625000   3.00
