  35  55
  0.0000  0.2000  0.4000  0.6000  0.8000  1.0000  1.2000  1.4000
  1.6000  1.8000  2.0000  2.2000  2.4000  2.6000  2.8000  3.0000
  3.2000  3.4000  3.6000  3.8000  4.0000  4.2000  4.4000  4.6000
  4.8000  5.0000  5.2000  5.4000  5.6000  5.8000  6.0000  6.2000
  6.4000  6.6000  6.8000  7.0000
  0.0000  0.1286  0.2571  0.3857  0.5143  0.6428  0.7714  0.9000
  1.0285  1.1571  1.2856  1.4142  1.5428  1.6713  1.7999  1.9285
  2.0570  2.1856  2.3142  2.4427  2.5713  2.6999  2.8284  2.9570
  3.0856  3.2141  3.3427  3.4713  3.5998  3.7284  3.8569  3.9855
  4.1141  4.2426  4.3712  4.4998  4.6283  4.7569  4.8855  5.0140
  5.1426  5.2712  5.3997  5.5283  5.6569  5.7854  5.9140  6.0426
  6.1711  6.2997  6.4282  6.5568  6.6854  6.8139  6.9425  7.0711
  0.2567E-01  0.9787E-02  0.9432E-03  0.9432E-03  0.9787E-02  0.2567E-01
  0.9787E-02  0.9432E-03  0.9432E-03  0.9787E-02  0.2567E-01  0.9787E-02
  0.9432E-03  0.9432E-03  0.9787E-02  0.2567E-01  0.9787E-02  0.9432E-03
  0.9432E-03  0.9787E-02  0.2567E-01  0.9787E-02  0.9432E-03  0.9432E-03
  0.9787E-02  0.2567E-01  0.9787E-02  0.9432E-03  0.9432E-03  0.9787E-02
  0.2567E-01  0.9787E-02  0.9432E-03  0.9432E-03  0.9787E-02  0.2567E-01
  0.1785E-01  0.7973E-02  0.6616E-03  0.6616E-03  0.7973E-02  0.1785E-01
  0.7973E-02  0.6616E-03  0.6616E-03  0.7973E-02  0.1785E-01  0.7973E-02
  0.6616E-03  0.6616E-03  0.7973E-02  0.1785E-01  0.7973E-02  0.6616E-03
  0.6616E-03  0.7973E-02  0.1785E-01  0.7973E-02  0.6616E-03  0.6616E-03
  0.7973E-02  0.1785E-01  0.7973E-02  0.6616E-03  0.6616E-03  0.7973E-02
  0.1785E-01  0.7973E-02  0.6616E-03  0.6616E-03  0.7973E-02  0.1785E-01
  0.4859E-02  0.2727E-02  0.4040E-03  0.4040E-03  0.2727E-02  0.4859E-02
  0.2727E-02  0.4040E-03  0.4040E-03  0.2727E-02  0.4859E-02  0.2727E-02
  0.4040E-03  0.4040E-03  0.2727E-02  0.4859E-02  0.2727E-02  0.4040E-03
  0.4040E-03  0.2727E-02  0.4859E-02  0.2727E-02  0.4040E-03  0.4040E-03
  0.2727E-02  0.4859E-02  0.2727E-02  0.4040E-03  0.4040E-03  0.2727E-02
  0.4859E-02  0.2727E-02  0.4040E-03  0.4040E-03  0.2727E-02  0.4859E-02
  0.1203E-02  0.1063E-02  0.4511E-03  0.4511E-03  0.1063E-02  0.1203E-02
  0.1063E-02  0.4511E-03  0.4511E-03  0.1063E-02  0.1203E-02  0.1063E-02
  0.4511E-03  0.4511E-03  0.1063E-02  0.1203E-02  0.1063E-02  0.4511E-03
  0.4511E-03  0.1063E-02  0.1203E-02  0.1063E-02  0.4511E-03  0.4511E-03
  0.1063E-02  0.1203E-02  0.1063E-02  0.4511E-03  0.4511E-03  0.1063E-02
  0.1203E-02  0.1063E-02  0.4511E-03  0.4511E-03  0.1063E-02  0.1203E-02
  0.6472E-03  0.6528E-03  0.3796E-03  0.3796E-03  0.6528E-03  0.6472E-03
  0.6528E-03  0.3796E-03  0.3796E-03  0.6528E-03  0.6472E-03  0.6528E-03
  0.3796E-03  0.3796E-03  0.6528E-03  0.6472E-03  0.6528E-03  0.3796E-03
  0.3796E-03  0.6528E-03  0.6472E-03  0.6528E-03  0.3796E-03  0.3796E-03
  0.6528E-03  0.6472E-03  0.6528E-03  0.3796E-03  0.3796E-03  0.6528E-03
  0.6472E-03  0.6528E-03  0.3796E-03  0.3796E-03  0.6528E-03  0.6472E-03
  0.3233E-03  0.3067E-03  0.1937E-03  0.1937E-03  0.3067E-03  0.3233E-03
  0.3067E-03  0.1937E-03  0.1937E-03  0.3067E-03  0.3233E-03  0.3067E-03
  0.1937E-03  0.1937E-03  0.3067E-03  0.3233E-03  0.3067E-03  0.1937E-03
  0.1937E-03  0.3067E-03  0.3233E-03  0.3067E-03  0.1937E-03  0.1937E-03
  0.3067E-03  0.3233E-03  0.3067E-03  0.1937E-03  0.1937E-03  0.3067E-03
  0.3233E-03  0.3067E-03  0.1937E-03  0.1937E-03  0.3067E-03  0.3233E-03
  0.1607E-03  0.1406E-03  0.9991E-04  0.9991E-04  0.1406E-03  0.1607E-03
  0.1406E-03  0.9991E-04  0.9991E-04  0.1406E-03  0.1607E-03  0.1406E-03
  0.9991E-04  0.9991E-04  0.1406E-03  0.1607E-03  0.1406E-03  0.9991E-04
  0.9991E-04  0.1406E-03  0.1607E-03  0.1406E-03  0.9991E-04  0.9991E-04
  0.1406E-03  0.1607E-03  0.1406E-03  0.9991E-04  0.9991E-04  0.1406E-03
  0.1607E-03  0.1406E-03  0.9991E-04  0.9991E-04  0.1406E-03  0.1607E-03
  0.2575E-03  0.1922E-03  0.9926E-04  0.9926E-04  0.1922E-03  0.2575E-03
  0.1922E-03  0.9926E-04  0.9926E-04  0.1922E-03  0.2575E-03  0.1922E-03
  0.9926E-04  0.9926E-04  0.1922E-03  0.2575E-03  0.1922E-03  0.9926E-04
  0.9926E-04  0.1922E-03  0.2575E-03  0.1922E-03  0.9926E-04  0.9926E-04
  0.1922E-03  0.2575E-03  0.1922E-03  0.9926E-04  0.9926E-04  0.1922E-03
  0.2575E-03  0.1922E-03  0.9926E-04  0.9926E-04  0.1922E-03  0.2575E-03
  0.8802E-03  0.5309E-03  0.1854E-03  0.1854E-03  0.5309E-03  0.8802E-03
  0.5309E-03  0.1854E-03  0.1854E-03  0.5309E-03  0.8802E-03  0.5309E-03
  0.1854E-03  0.1854E-03  0.5309E-03  0.8802E-03  0.5309E-03  0.1854E-03
  0.1854E-03  0.5309E-03  0.8802E-03  0.5309E-03  0.1854E-03  0.1854E-03
  0.5309E-03  0.8802E-03  0.5309E-03  0.1854E-03  0.1854E-03  0.5309E-03
  0.8802E-03  0.5309E-03  0.1854E-03  0.1854E-03  0.5309E-03  0.8802E-03
  0.3389E-02  0.1852E-02  0.3918E-03  0.3918E-03  0.1852E-02  0.3389E-02
  0.1852E-02  0.3918E-03  0.3918E-03  0.1852E-02  0.3389E-02  0.1852E-02
  0.3918E-03  0.3918E-03  0.1852E-02  0.3389E-02  0.1852E-02  0.3918E-03
  0.3918E-03  0.1852E-02  0.3389E-02  0.1852E-02  0.3918E-03  0.3918E-03
  0.1852E-02  0.3389E-02  0.1852E-02  0.3918E-03  0.3918E-03  0.1852E-02
  0.3389E-02  0.1852E-02  0.3918E-03  0.3918E-03  0.1852E-02  0.3389E-02
  0.1223E-01  0.5025E-02  0.7667E-03  0.7667E-03  0.5025E-02  0.1223E-01
  0.5025E-02  0.7667E-03  0.7667E-03  0.5025E-02  0.1223E-01  0.5025E-02
  0.7667E-03  0.7667E-03  0.5025E-02  0.1223E-01  0.5025E-02  0.7667E-03
  0.7667E-03  0.5025E-02  0.1223E-01  0.5025E-02  0.7667E-03  0.7667E-03
  0.5025E-02  0.1223E-01  0.5025E-02  0.7667E-03  0.7667E-03  0.5025E-02
  0.1223E-01  0.5025E-02  0.7667E-03  0.7667E-03  0.5025E-02  0.1223E-01
  0.2567E-01  0.9788E-02  0.9432E-03  0.9432E-03  0.9788E-02  0.2567E-01
  0.9788E-02  0.9432E-03  0.9432E-03  0.9788E-02  0.2567E-01  0.9788E-02
  0.9432E-03  0.9432E-03  0.9788E-02  0.2567E-01  0.9788E-02  0.9432E-03
  0.9432E-03  0.9788E-02  0.2567E-01  0.9788E-02  0.9432E-03  0.9432E-03
  0.9788E-02  0.2567E-01  0.9788E-02  0.9432E-03  0.9432E-03  0.9788E-02
  0.2567E-01  0.9788E-02  0.9432E-03  0.9432E-03  0.9788E-02  0.2567E-01
  0.1785E-01  0.7973E-02  0.6616E-03  0.6616E-03  0.7973E-02  0.1785E-01
  0.7973E-02  0.6616E-03  0.6616E-03  0.7973E-02  0.1785E-01  0.7973E-02
  0.6616E-03  0.6616E-03  0.7973E-02  0.1785E-01  0.7973E-02  0.6616E-03
  0.6616E-03  0.7973E-02  0.1785E-01  0.7973E-02  0.6616E-03  0.6616E-03
  0.7973E-02  0.1785E-01  0.7973E-02  0.6616E-03  0.6616E-03  0.7973E-02
  0.1785E-01  0.7973E-02  0.6616E-03  0.6616E-03  0.7973E-02  0.1785E-01
  0.4859E-02  0.2727E-02  0.4040E-03  0.4040E-03  0.2727E-02  0.4859E-02
  0.2727E-02  0.4040E-03  0.4040E-03  0.2727E-02  0.4859E-02  0.2727E-02
  0.4040E-03  0.4040E-03  0.2727E-02  0.4859E-02  0.2727E-02  0.4040E-03
  0.4040E-03  0.2727E-02  0.4859E-02  0.2727E-02  0.4040E-03  0.4040E-03
  0.2727E-02  0.4859E-02  0.2727E-02  0.4040E-03  0.4040E-03  0.2727E-02
  0.4859E-02  0.2727E-02  0.4040E-03  0.4040E-03  0.2727E-02  0.4859E-02
  0.1203E-02  0.1063E-02  0.4511E-03  0.4511E-03  0.1063E-02  0.1203E-02
  0.1063E-02  0.4511E-03  0.4511E-03  0.1063E-02  0.1203E-02  0.1063E-02
  0.4511E-03  0.4511E-03  0.1063E-02  0.1203E-02  0.1063E-02  0.4511E-03
  0.4511E-03  0.1063E-02  0.1203E-02  0.1063E-02  0.4511E-03  0.4511E-03
  0.1063E-02  0.1203E-02  0.1063E-02  0.4511E-03  0.4511E-03  0.1063E-02
  0.1203E-02  0.1063E-02  0.4511E-03  0.4511E-03  0.1063E-02  0.1203E-02
  0.6472E-03  0.6528E-03  0.3796E-03  0.3796E-03  0.6528E-03  0.6472E-03
  0.6528E-03  0.3796E-03  0.3796E-03  0.6528E-03  0.6472E-03  0.6528E-03
  0.3796E-03  0.3796E-03  0.6528E-03  0.6472E-03  0.6528E-03  0.3796E-03
  0.3796E-03  0.6528E-03  0.6472E-03  0.6528E-03  0.3796E-03  0.3796E-03
  0.6528E-03  0.6472E-03  0.6528E-03  0.3796E-03  0.3796E-03  0.6528E-03
  0.6472E-03  0.6528E-03  0.3796E-03  0.3796E-03  0.6528E-03  0.6472E-03
  0.3233E-03  0.3067E-03  0.1937E-03  0.1937E-03  0.3067E-03  0.3233E-03
  0.3067E-03  0.1937E-03  0.1937E-03  0.3067E-03  0.3233E-03  0.3067E-03
  0.1937E-03  0.1937E-03  0.3067E-03  0.3233E-03  0.3067E-03  0.1937E-03
  0.1937E-03  0.3067E-03  0.3233E-03  0.3067E-03  0.1937E-03  0.1937E-03
  0.3067E-03  0.3233E-03  0.3067E-03  0.1937E-03  0.1937E-03  0.3067E-03
  0.3233E-03  0.3067E-03  0.1937E-03  0.1937E-03  0.3067E-03  0.3233E-03
  0.1607E-03  0.1406E-03  0.9991E-04  0.9991E-04  0.1406E-03  0.1607E-03
  0.1406E-03  0.9991E-04  0.9991E-04  0.1406E-03  0.1607E-03  0.1406E-03
  0.9991E-04  0.9991E-04  0.1406E-03  0.1607E-03  0.1406E-03  0.9991E-04
  0.9991E-04  0.1406E-03  0.1607E-03  0.1406E-03  0.9991E-04  0.9991E-04
  0.1406E-03  0.1607E-03  0.1406E-03  0.9991E-04  0.9991E-04  0.1406E-03
  0.1607E-03  0.1406E-03  0.9991E-04  0.9991E-04  0.1406E-03  0.1607E-03
  0.2575E-03  0.1922E-03  0.9926E-04  0.9926E-04  0.1922E-03  0.2575E-03
  0.1922E-03  0.9926E-04  0.9926E-04  0.1922E-03  0.2575E-03  0.1922E-03
  0.9926E-04  0.9926E-04  0.1922E-03  0.2575E-03  0.1922E-03  0.9926E-04
  0.9926E-04  0.1922E-03  0.2575E-03  0.1922E-03  0.9926E-04  0.9926E-04
  0.1922E-03  0.2575E-03  0.1922E-03  0.9926E-04  0.9926E-04  0.1922E-03
  0.2575E-03  0.1922E-03  0.9926E-04  0.9926E-04  0.1922E-03  0.2575E-03
  0.8802E-03  0.5309E-03  0.1854E-03  0.1854E-03  0.5309E-03  0.8802E-03
  0.5309E-03  0.1854E-03  0.1854E-03  0.5309E-03  0.8802E-03  0.5309E-03
  0.1854E-03  0.1854E-03  0.5309E-03  0.8802E-03  0.5309E-03  0.1854E-03
  0.1854E-03  0.5309E-03  0.8802E-03  0.5309E-03  0.1854E-03  0.1854E-03
  0.5309E-03  0.8802E-03  0.5309E-03  0.1854E-03  0.1854E-03  0.5309E-03
  0.8802E-03  0.5309E-03  0.1854E-03  0.1854E-03  0.5309E-03  0.8802E-03
  0.3389E-02  0.1852E-02  0.3918E-03  0.3918E-03  0.1852E-02  0.3389E-02
  0.1852E-02  0.3918E-03  0.3918E-03  0.1852E-02  0.3389E-02  0.1852E-02
  0.3918E-03  0.3918E-03  0.1852E-02  0.3389E-02  0.1852E-02  0.3918E-03
  0.3918E-03  0.1852E-02  0.3389E-02  0.1852E-02  0.3918E-03  0.3918E-03
  0.1852E-02  0.3389E-02  0.1852E-02  0.3918E-03  0.3918E-03  0.1852E-02
  0.3389E-02  0.1852E-02  0.3918E-03  0.3918E-03  0.1852E-02  0.3389E-02
  0.1223E-01  0.5025E-02  0.7667E-03  0.7667E-03  0.5025E-02  0.1223E-01
  0.5025E-02  0.7667E-03  0.7667E-03  0.5025E-02  0.1223E-01  0.5025E-02
  0.7667E-03  0.7667E-03  0.5025E-02  0.1223E-01  0.5025E-02  0.7667E-03
  0.7667E-03  0.5025E-02  0.1223E-01  0.5025E-02  0.7667E-03  0.7667E-03
  0.5025E-02  0.1223E-01  0.5025E-02  0.7667E-03  0.7667E-03  0.5025E-02
  0.1223E-01  0.5025E-02  0.7667E-03  0.7667E-03  0.5025E-02  0.1223E-01
  0.2567E-01  0.9788E-02  0.9432E-03  0.9432E-03  0.9788E-02  0.2567E-01
  0.9788E-02  0.9432E-03  0.9432E-03  0.9788E-02  0.2567E-01  0.9788E-02
  0.9432E-03  0.9432E-03  0.9788E-02  0.2567E-01  0.9788E-02  0.9432E-03
  0.9432E-03  0.9788E-02  0.2567E-01  0.9788E-02  0.9432E-03  0.9432E-03
  0.9788E-02  0.2567E-01  0.9788E-02  0.9432E-03  0.9432E-03  0.9788E-02
  0.2567E-01  0.9788E-02  0.9432E-03  0.9432E-03  0.9788E-02  0.2567E-01
  0.1785E-01  0.7973E-02  0.6616E-03  0.6616E-03  0.7973E-02  0.1785E-01
  0.7973E-02  0.6616E-03  0.6616E-03  0.7973E-02  0.1785E-01  0.7973E-02
  0.6616E-03  0.6616E-03  0.7973E-02  0.1785E-01  0.7973E-02  0.6616E-03
  0.6616E-03  0.7973E-02  0.1785E-01  0.7973E-02  0.6616E-03  0.6616E-03
  0.7973E-02  0.1785E-01  0.7973E-02  0.6616E-03  0.6616E-03  0.7973E-02
  0.1785E-01  0.7973E-02  0.6616E-03  0.6616E-03  0.7973E-02  0.1785E-01
  0.4859E-02  0.2727E-02  0.4040E-03  0.4040E-03  0.2727E-02  0.4859E-02
  0.2727E-02  0.4040E-03  0.4040E-03  0.2727E-02  0.4859E-02  0.2727E-02
  0.4040E-03  0.4040E-03  0.2727E-02  0.4859E-02  0.2727E-02  0.4040E-03
  0.4040E-03  0.2727E-02  0.4859E-02  0.2727E-02  0.4040E-03  0.4040E-03
  0.2727E-02  0.4859E-02  0.2727E-02  0.4040E-03  0.4040E-03  0.2727E-02
  0.4859E-02  0.2727E-02  0.4040E-03  0.4040E-03  0.2727E-02  0.4859E-02
  0.1203E-02  0.1063E-02  0.4511E-03  0.4511E-03  0.1063E-02  0.1203E-02
  0.1063E-02  0.4511E-03  0.4511E-03  0.1063E-02  0.1203E-02  0.1063E-02
  0.4511E-03  0.4511E-03  0.1063E-02  0.1203E-02  0.1063E-02  0.4511E-03
  0.4511E-03  0.1063E-02  0.1203E-02  0.1063E-02  0.4511E-03  0.4511E-03
  0.1063E-02  0.1203E-02  0.1063E-02  0.4511E-03  0.4511E-03  0.1063E-02
  0.1203E-02  0.1063E-02  0.4511E-03  0.4511E-03  0.1063E-02  0.1203E-02
  0.6472E-03  0.6528E-03  0.3796E-03  0.3796E-03  0.6528E-03  0.6472E-03
  0.6528E-03  0.3796E-03  0.3796E-03  0.6528E-03  0.6472E-03  0.6528E-03
  0.3796E-03  0.3796E-03  0.6528E-03  0.6472E-03  0.6528E-03  0.3796E-03
  0.3796E-03  0.6528E-03  0.6472E-03  0.6528E-03  0.3796E-03  0.3796E-03
  0.6528E-03  0.6472E-03  0.6528E-03  0.3796E-03  0.3796E-03  0.6528E-03
  0.6472E-03  0.6528E-03  0.3796E-03  0.3796E-03  0.6528E-03  0.6472E-03
  0.3233E-03  0.3067E-03  0.1937E-03  0.1937E-03  0.3067E-03  0.3233E-03
  0.3067E-03  0.1937E-03  0.1937E-03  0.3067E-03  0.3233E-03  0.3067E-03
  0.1937E-03  0.1937E-03  0.3067E-03  0.3233E-03  0.3067E-03  0.1937E-03
  0.1937E-03  0.3067E-03  0.3233E-03  0.3067E-03  0.1937E-03  0.1937E-03
  0.3067E-03  0.3233E-03  0.3067E-03  0.1937E-03  0.1937E-03  0.3067E-03
  0.3233E-03  0.3067E-03  0.1937E-03  0.1937E-03  0.3067E-03  0.3233E-03
  0.1607E-03  0.1406E-03  0.9991E-04  0.9991E-04  0.1406E-03  0.1607E-03
  0.1406E-03  0.9991E-04  0.9991E-04  0.1406E-03  0.1607E-03  0.1406E-03
  0.9991E-04  0.9991E-04  0.1406E-03  0.1607E-03  0.1406E-03  0.9991E-04
  0.9991E-04  0.1406E-03  0.1607E-03  0.1406E-03  0.9991E-04  0.9991E-04
  0.1406E-03  0.1607E-03  0.1406E-03  0.9991E-04  0.9991E-04  0.1406E-03
  0.1607E-03  0.1406E-03  0.9991E-04  0.9991E-04  0.1406E-03  0.1607E-03
  0.2575E-03  0.1922E-03  0.9926E-04  0.9926E-04  0.1922E-03  0.2575E-03
  0.1922E-03  0.9926E-04  0.9926E-04  0.1922E-03  0.2575E-03  0.1922E-03
  0.9926E-04  0.9926E-04  0.1922E-03  0.2575E-03  0.1922E-03  0.9926E-04
  0.9926E-04  0.1922E-03  0.2575E-03  0.1922E-03  0.9926E-04  0.9926E-04
  0.1922E-03  0.2575E-03  0.1922E-03  0.9926E-04  0.9926E-04  0.1922E-03
  0.2575E-03  0.1922E-03  0.9926E-04  0.9926E-04  0.1922E-03  0.2575E-03
  0.8802E-03  0.5309E-03  0.1854E-03  0.1854E-03  0.5309E-03  0.8802E-03
  0.5309E-03  0.1854E-03  0.1854E-03  0.5309E-03  0.8802E-03  0.5309E-03
  0.1854E-03  0.1854E-03  0.5309E-03  0.8802E-03  0.5309E-03  0.1854E-03
  0.1854E-03  0.5309E-03  0.8802E-03  0.5309E-03  0.1854E-03  0.1854E-03
  0.5309E-03  0.8802E-03  0.5309E-03  0.1854E-03  0.1854E-03  0.5309E-03
  0.8802E-03  0.5309E-03  0.1854E-03  0.1854E-03  0.5309E-03  0.8802E-03
  0.3389E-02  0.1852E-02  0.3918E-03  0.3918E-03  0.1852E-02  0.3389E-02
  0.1852E-02  0.3918E-03  0.3918E-03  0.1852E-02  0.3389E-02  0.1852E-02
  0.3918E-03  0.3918E-03  0.1852E-02  0.3389E-02  0.1852E-02  0.3918E-03
  0.3918E-03  0.1852E-02  0.3389E-02  0.1852E-02  0.3918E-03  0.3918E-03
  0.1852E-02  0.3389E-02  0.1852E-02  0.3918E-03  0.3918E-03  0.1852E-02
  0.3389E-02  0.1852E-02  0.3918E-03  0.3918E-03  0.1852E-02  0.3389E-02
  0.1223E-01  0.5025E-02  0.7667E-03  0.7667E-03  0.5025E-02  0.1223E-01
  0.5025E-02  0.7667E-03  0.7667E-03  0.5025E-02  0.1223E-01  0.5025E-02
  0.7667E-03  0.7667E-03  0.5025E-02  0.1223E-01  0.5025E-02  0.7667E-03
  0.7667E-03  0.5025E-02  0.1223E-01  0.5025E-02  0.7667E-03  0.7667E-03
  0.5025E-02  0.1223E-01  0.5025E-02  0.7667E-03  0.7667E-03  0.5025E-02
  0.1223E-01  0.5025E-02  0.7667E-03  0.7667E-03  0.5025E-02  0.1223E-01
  0.2567E-01  0.9788E-02  0.9432E-03  0.9432E-03  0.9788E-02  0.2567E-01
  0.9788E-02  0.9432E-03  0.9432E-03  0.9788E-02  0.2567E-01  0.9788E-02
  0.9432E-03  0.9432E-03  0.9788E-02  0.2567E-01  0.9788E-02  0.9432E-03
  0.9432E-03  0.9788E-02  0.2567E-01  0.9788E-02  0.9432E-03  0.9432E-03
  0.9788E-02  0.2567E-01  0.9788E-02  0.9432E-03  0.9432E-03  0.9788E-02
  0.2567E-01  0.9788E-02  0.9432E-03  0.9432E-03  0.9788E-02  0.2567E-01
  0.1785E-01  0.7973E-02  0.6616E-03  0.6616E-03  0.7973E-02  0.1785E-01
  0.7973E-02  0.6616E-03  0.6616E-03  0.7973E-02  0.1785E-01  0.7973E-02
  0.6616E-03  0.6616E-03  0.7973E-02  0.1785E-01  0.7973E-02  0.6616E-03
  0.6616E-03  0.7973E-02  0.1785E-01  0.7973E-02  0.6616E-03  0.6616E-03
  0.7973E-02  0.1785E-01  0.7973E-02  0.6616E-03  0.6616E-03  0.7973E-02
  0.1785E-01  0.7973E-02  0.6616E-03  0.6616E-03  0.7973E-02  0.1785E-01
  0.4859E-02  0.2727E-02  0.4040E-03  0.4040E-03  0.2727E-02  0.4859E-02
  0.2727E-02  0.4040E-03  0.4040E-03  0.2727E-02  0.4859E-02  0.2727E-02
  0.4040E-03  0.4040E-03  0.2727E-02  0.4859E-02  0.2727E-02  0.4040E-03
  0.4040E-03  0.2727E-02  0.4859E-02  0.2727E-02  0.4040E-03  0.4040E-03
  0.2727E-02  0.4859E-02  0.2727E-02  0.4040E-03  0.4040E-03  0.2727E-02
  0.4859E-02  0.2727E-02  0.4040E-03  0.4040E-03  0.2727E-02  0.4859E-02
  0.1203E-02  0.1063E-02  0.4511E-03  0.4511E-03  0.1063E-02  0.1203E-02
  0.1063E-02  0.4511E-03  0.4511E-03  0.1063E-02  0.1203E-02  0.1063E-02
  0.4511E-03  0.4511E-03  0.1063E-02  0.1203E-02  0.1063E-02  0.4511E-03
  0.4511E-03  0.1063E-02  0.1203E-02  0.1063E-02  0.4511E-03  0.4511E-03
  0.1063E-02  0.1203E-02  0.1063E-02  0.4511E-03  0.4511E-03  0.1063E-02
  0.1203E-02  0.1063E-02  0.4511E-03  0.4511E-03  0.1063E-02  0.1203E-02
  0.6472E-03  0.6528E-03  0.3796E-03  0.3796E-03  0.6528E-03  0.6472E-03
  0.6528E-03  0.3796E-03  0.3796E-03  0.6528E-03  0.6472E-03  0.6528E-03
  0.3796E-03  0.3796E-03  0.6528E-03  0.6472E-03  0.6528E-03  0.3796E-03
  0.3796E-03  0.6528E-03  0.6472E-03  0.6528E-03  0.3796E-03  0.3796E-03
  0.6528E-03  0.6472E-03  0.6528E-03  0.3796E-03  0.3796E-03  0.6528E-03
  0.6472E-03  0.6528E-03  0.3796E-03  0.3796E-03  0.6528E-03  0.6472E-03
  0.3233E-03  0.3066E-03  0.1936E-03  0.1936E-03  0.3066E-03  0.3233E-03
  0.3066E-03  0.1936E-03  0.1936E-03  0.3066E-03  0.3233E-03  0.3066E-03
  0.1936E-03  0.1936E-03  0.3066E-03  0.3233E-03  0.3066E-03  0.1936E-03
  0.1936E-03  0.3066E-03  0.3233E-03  0.3066E-03  0.1936E-03  0.1936E-03
  0.3066E-03  0.3233E-03  0.3066E-03  0.1936E-03  0.1936E-03  0.3066E-03
  0.3233E-03  0.3066E-03  0.1936E-03  0.1936E-03  0.3066E-03  0.3233E-03
  0.1607E-03  0.1406E-03  0.9991E-04  0.9991E-04  0.1406E-03  0.1607E-03
  0.1406E-03  0.9991E-04  0.9991E-04  0.1406E-03  0.1607E-03  0.1406E-03
  0.9991E-04  0.9991E-04  0.1406E-03  0.1607E-03  0.1406E-03  0.9991E-04
  0.9991E-04  0.1406E-03  0.1607E-03  0.1406E-03  0.9991E-04  0.9991E-04
  0.1406E-03  0.1607E-03  0.1406E-03  0.9991E-04  0.9991E-04  0.1406E-03
  0.1607E-03  0.1406E-03  0.9991E-04  0.9991E-04  0.1406E-03  0.1607E-03
  0.2575E-03  0.1922E-03  0.9926E-04  0.9926E-04  0.1922E-03  0.2575E-03
  0.1922E-03  0.9926E-04  0.9926E-04  0.1922E-03  0.2575E-03  0.1922E-03
  0.9926E-04  0.9926E-04  0.1922E-03  0.2575E-03  0.1922E-03  0.9926E-04
  0.9926E-04  0.1922E-03  0.2575E-03  0.1922E-03  0.9926E-04  0.9926E-04
  0.1922E-03  0.2575E-03  0.1922E-03  0.9926E-04  0.9926E-04  0.1922E-03
  0.2575E-03  0.1922E-03  0.9926E-04  0.9926E-04  0.1922E-03  0.2575E-03
  0.8802E-03  0.5309E-03  0.1854E-03  0.1854E-03  0.5309E-03  0.8802E-03
  0.5309E-03  0.1854E-03  0.1854E-03  0.5309E-03  0.8802E-03  0.5309E-03
  0.1854E-03  0.1854E-03  0.5309E-03  0.8802E-03  0.5309E-03  0.1854E-03
  0.1854E-03  0.5309E-03  0.8802E-03  0.5309E-03  0.1854E-03  0.1854E-03
  0.5309E-03  0.8802E-03  0.5309E-03  0.1854E-03  0.1854E-03  0.5309E-03
  0.8802E-03  0.5309E-03  0.1854E-03  0.1854E-03  0.5309E-03  0.8802E-03
  0.3389E-02  0.1852E-02  0.3918E-03  0.3918E-03  0.1852E-02  0.3389E-02
  0.1852E-02  0.3918E-03  0.3918E-03  0.1852E-02  0.3389E-02  0.1852E-02
  0.3918E-03  0.3918E-03  0.1852E-02  0.3389E-02  0.1852E-02  0.3918E-03
  0.3918E-03  0.1852E-02  0.3389E-02  0.1852E-02  0.3918E-03  0.3918E-03
  0.1852E-02  0.3389E-02  0.1852E-02  0.3918E-03  0.3918E-03  0.1852E-02
  0.3389E-02  0.1852E-02  0.3918E-03  0.3918E-03  0.1852E-02  0.3389E-02
  0.1223E-01  0.5025E-02  0.7667E-03  0.7667E-03  0.5025E-02  0.1223E-01
  0.5025E-02  0.7667E-03  0.7667E-03  0.5025E-02  0.1223E-01  0.5025E-02
  0.7667E-03  0.7667E-03  0.5025E-02  0.1223E-01  0.5025E-02  0.7667E-03
  0.7667E-03  0.5025E-02  0.1223E-01  0.5025E-02  0.7667E-03  0.7667E-03
  0.5025E-02  0.1223E-01  0.5025E-02  0.7667E-03  0.7667E-03  0.5025E-02
  0.1223E-01  0.5025E-02  0.7667E-03  0.7667E-03  0.5025E-02  0.1223E-01
  0.2567E-01  0.9788E-02  0.9432E-03  0.9432E-03  0.9788E-02  0.2567E-01
  0.9788E-02  0.9432E-03  0.9432E-03  0.9788E-02  0.2567E-01  0.9788E-02
  0.9432E-03  0.9432E-03  0.9788E-02  0.2567E-01  0.9788E-02  0.9432E-03
  0.9432E-03  0.9788E-02  0.2567E-01  0.9788E-02  0.9432E-03  0.9432E-03
  0.9788E-02  0.2567E-01  0.9788E-02  0.9432E-03  0.9432E-03  0.9788E-02
  0.2567E-01  0.9788E-02  0.9432E-03  0.9432E-03  0.9788E-02  0.2567E-01
  0.1785E-01  0.7973E-02  0.6616E-03  0.6616E-03  0.7973E-02  0.1785E-01
  0.7973E-02  0.6616E-03  0.6616E-03  0.7973E-02  0.1785E-01  0.7973E-02
  0.6616E-03  0.6616E-03  0.7973E-02  0.1785E-01  0.7973E-02  0.6616E-03
  0.6616E-03  0.7973E-02  0.1785E-01  0.7973E-02  0.6616E-03  0.6616E-03
  0.7973E-02  0.1785E-01  0.7973E-02  0.6616E-03  0.6616E-03  0.7973E-02
  0.1785E-01  0.7973E-02  0.6616E-03  0.6616E-03  0.7973E-02  0.1785E-01
  0.4859E-02  0.2727E-02  0.4040E-03  0.4040E-03  0.2727E-02  0.4859E-02
  0.2727E-02  0.4040E-03  0.4040E-03  0.2727E-02  0.4859E-02  0.2727E-02
  0.4040E-03  0.4040E-03  0.2727E-02  0.4859E-02  0.2727E-02  0.4040E-03
  0.4040E-03  0.2727E-02  0.4859E-02  0.2727E-02  0.4040E-03  0.4040E-03
  0.2727E-02  0.4859E-02  0.2727E-02  0.4040E-03  0.4040E-03  0.2727E-02
  0.4859E-02  0.2727E-02  0.4040E-03  0.4040E-03  0.2727E-02  0.4859E-02
  0.1203E-02  0.1063E-02  0.4511E-03  0.4511E-03  0.1063E-02  0.1203E-02
  0.1063E-02  0.4511E-03  0.4511E-03  0.1063E-02  0.1203E-02  0.1063E-02
  0.4511E-03  0.4511E-03  0.1063E-02  0.1203E-02  0.1063E-02  0.4511E-03
  0.4511E-03  0.1063E-02  0.1203E-02  0.1063E-02  0.4511E-03  0.4511E-03
  0.1063E-02  0.1203E-02  0.1063E-02  0.4511E-03  0.4511E-03  0.1063E-02
  0.1203E-02  0.1063E-02  0.4511E-03  0.4511E-03  0.1063E-02  0.1203E-02
  0.6472E-03  0.6528E-03  0.3796E-03  0.3796E-03  0.6528E-03  0.6472E-03
  0.6528E-03  0.3796E-03  0.3796E-03  0.6528E-03  0.6472E-03  0.6528E-03
  0.3796E-03  0.3796E-03  0.6528E-03  0.6472E-03  0.6528E-03  0.3796E-03
  0.3796E-03  0.6528E-03  0.6472E-03  0.6528E-03  0.3796E-03  0.3796E-03
  0.6528E-03  0.6472E-03  0.6528E-03  0.3796E-03  0.3796E-03  0.6528E-03
  0.6472E-03  0.6528E-03  0.3796E-03  0.3796E-03  0.6528E-03  0.6472E-03
  0.3233E-03  0.3066E-03  0.1936E-03  0.1936E-03  0.3066E-03  0.3233E-03
  0.3066E-03  0.1936E-03  0.1936E-03  0.3066E-03  0.3233E-03  0.3066E-03
  0.1936E-03  0.1936E-03  0.3066E-03  0.3233E-03  0.3066E-03  0.1936E-03
  0.1936E-03  0.3066E-03  0.3233E-03  0.3066E-03  0.1936E-03  0.1936E-03
  0.3066E-03  0.3233E-03  0.3066E-03  0.1936E-03  0.1936E-03  0.3066E-03
  0.3233E-03  0.3066E-03  0.1936E-03  0.1936E-03  0.3066E-03  0.3233E-03
  0.1607E-03  0.1406E-03  0.9991E-04  0.9991E-04  0.1406E-03  0.1607E-03
  0.1406E-03  0.9991E-04  0.9991E-04  0.1406E-03  0.1607E-03  0.1406E-03
  0.9991E-04  0.9991E-04  0.1406E-03  0.1607E-03  0.1406E-03  0.9991E-04
  0.9991E-04  0.1406E-03  0.1607E-03  0.1406E-03  0.9991E-04  0.9991E-04
  0.1406E-03  0.1607E-03  0.1406E-03  0.9991E-04  0.9991E-04  0.1406E-03
  0.1607E-03  0.1406E-03  0.9991E-04  0.9991E-04  0.1406E-03  0.1607E-03
  0.2575E-03  0.1922E-03  0.9926E-04  0.9926E-04  0.1922E-03  0.2575E-03
  0.1922E-03  0.9926E-04  0.9926E-04  0.1922E-03  0.2575E-03  0.1922E-03
  0.9926E-04  0.9926E-04  0.1922E-03  0.2575E-03  0.1922E-03  0.9926E-04
  0.9926E-04  0.1922E-03  0.2575E-03  0.1922E-03  0.9926E-04  0.9926E-04
  0.1922E-03  0.2575E-03  0.1922E-03  0.9926E-04  0.9926E-04  0.1922E-03
  0.2575E-03  0.1922E-03  0.9926E-04  0.9926E-04  0.1922E-03  0.2575E-03
  0.8802E-03  0.5309E-03  0.1854E-03  0.1854E-03  0.5309E-03  0.8802E-03
  0.5309E-03  0.1854E-03  0.1854E-03  0.5309E-03  0.8802E-03  0.5309E-03
  0.1854E-03  0.1854E-03  0.5309E-03  0.8802E-03  0.5309E-03  0.1854E-03
  0.1854E-03  0.5309E-03  0.8802E-03  0.5309E-03  0.1854E-03  0.1854E-03
  0.5309E-03  0.8802E-03  0.5309E-03  0.1854E-03  0.1854E-03  0.5309E-03
  0.8802E-03  0.5309E-03  0.1854E-03  0.1854E-03  0.5309E-03  0.8802E-03
  0.3389E-02  0.1852E-02  0.3918E-03  0.3918E-03  0.1852E-02  0.3389E-02
  0.1852E-02  0.3918E-03  0.3918E-03  0.1852E-02  0.3389E-02  0.1852E-02
  0.3918E-03  0.3918E-03  0.1852E-02  0.3389E-02  0.1852E-02  0.3918E-03
  0.3918E-03  0.1852E-02  0.3389E-02  0.1852E-02  0.3918E-03  0.3918E-03
  0.1852E-02  0.3389E-02  0.1852E-02  0.3918E-03  0.3918E-03  0.1852E-02
  0.3389E-02  0.1852E-02  0.3918E-03  0.3918E-03  0.1852E-02  0.3389E-02
  0.1223E-01  0.5025E-02  0.7667E-03  0.7667E-03  0.5025E-02  0.1223E-01
  0.5025E-02  0.7667E-03  0.7667E-03  0.5025E-02  0.1223E-01  0.5025E-02
  0.7667E-03  0.7667E-03  0.5025E-02  0.1223E-01  0.5025E-02  0.7667E-03
  0.7667E-03  0.5025E-02  0.1223E-01  0.5025E-02  0.7667E-03  0.7667E-03
  0.5025E-02  0.1223E-01  0.5025E-02  0.7667E-03  0.7667E-03  0.5025E-02
  0.1223E-01  0.5025E-02  0.7667E-03  0.7667E-03  0.5025E-02  0.1223E-01
  0.2567E-01  0.9788E-02  0.9432E-03  0.9432E-03  0.9788E-02  0.2567E-01
  0.9788E-02  0.9432E-03  0.9432E-03  0.9788E-02  0.2567E-01  0.9788E-02
  0.9432E-03  0.9432E-03  0.9788E-02  0.2567E-01  0.9788E-02  0.9432E-03
  0.9432E-03  0.9788E-02  0.2567E-01  0.9788E-02  0.9432E-03  0.9432E-03
  0.9788E-02  0.2567E-01  0.9788E-02  0.9432E-03  0.9432E-03  0.9788E-02
  0.2567E-01  0.9788E-02  0.9432E-03  0.9432E-03  0.9788E-02  0.2567E-01
  0.0000 -0.1800  3.2500
  7.0000  0.0000  0.0000
  0.0000  7.0711  0.0000
  14
  0.0000 -0.0448 -0.0582  1
  0.5000  0.2515  0.1135  1
  0.5000  0.7123  0.5042  1
  0.0000  1.0676  0.4805  1
  0.0000 -0.0039  0.9958  1
  0.5000  0.3514  1.0042  1
  0.0000 -0.0039  2.0042  1
  0.5000  0.3514  1.9958  1
  0.5000  0.7123  2.4958  1
  0.0000  1.0676  2.5195  1
  0.0000 -0.0448  3.0582  1
  0.5000  0.2515  2.8865  1
  0.5000  0.7071  1.5000  1
  0.0000  1.0607  1.5000  1
  7.424621
    1.000000    0.000000    0.000000
    0.000000    1.414214    0.000000
    0.000000    0.000000    6.000000

