 Sum of diagonal terms per q-point:  0.582038879    
 Error and loop index:   1.8403220092610872E-002        4815
    Temperature is:   0.00 K
 Atomic positions         128
   Si   -0.04004995  -0.01445026   0.01214195
   Si    1.29338714   1.39522204   1.31970384
   Si   -2.64804685  -0.00516248   2.68303392
   Si   -1.32178688   1.35028686   4.03302622
   Si   -5.43637002   0.03967106   5.35080288
   Si   -3.99122405   1.37404071   6.74064393
   Si   -8.08612172   0.08115203   8.17507563
   Si   -6.77754872   1.37918729   9.49227486
   Si   -0.07441186   2.65576603   2.67750522
   Si    1.19950514   4.03019979   4.08270614
   Si   -2.61591842   2.79683228   5.42553821
   Si   -1.42564348   4.13834725   6.71671257
   Si   -5.33638013   2.77084010   8.07203998
   Si   -4.08203841   4.11790464   9.43394957
   Si   -8.04875600   2.68389596  10.78437309
   Si   -6.80769731   4.01712328  12.18544272
   Si    0.05376858   5.47917792   5.46946075
   Si    1.41990930   6.76309541   6.76036301
   Si   -2.74242680   5.47095101   8.07981113
   Si   -1.39685219   6.83349323   9.51867838
   Si   -5.42194457   5.32189327  10.85928106
   Si   -4.04251052   6.82733626  12.13994916
   Si   -8.17530300   5.35918165  13.50521552
   Si   -6.77287184   6.63359084  14.90301608
   Si    0.01818459   8.07938709   8.07383102
   Si    1.40419750   9.49116878   9.41253747
   Si   -2.71128660   8.07270199  10.82546789
   Si   -1.34166868   9.42648245  12.13014494
   Si   -5.43690978   8.11290141  13.55933831
   Si   -4.10548843   9.39143785  14.84529000
   Si   -8.07840606   8.08645306  16.18560939
   Si   -6.71288729   9.44983984  17.55691231
   Si   -2.70658855   2.63404642  -0.05035654
   Si   -1.41791651   4.00090073   1.34863058
   Si   -5.36642713   2.69344714   2.76051841
   Si   -4.03719041   4.08224935   4.08947113
   Si   -8.01527050   2.68773846   5.39192581
   Si   -6.64229581   4.08500952   6.78652531
   Si  -10.80572261   2.68800081   8.01483165
   Si   -9.46455462   4.00525287   9.35332968
   Si   -2.72037640   5.46290366   2.73336143
   Si   -1.35820333   6.74515067   4.11510845
   Si   -5.40803507   5.42332080   5.37962957
   Si   -4.10020724   6.77556275   6.78896567
   Si   -8.04303843   5.31706657   8.10931204
   Si   -6.68931568   6.70250449   9.51330395
   Si  -10.72630852   5.38996215  10.80408300
   Si   -9.49674929   6.79563791  12.22225454
   Si   -2.75205750   8.17390991   5.29959085
   Si   -1.36576677   9.39794702   6.74213203
   Si   -5.44321975   8.04907774   8.13884310
   Si   -3.97086029   9.49844106   9.43567697
   Si   -8.10458209   8.05254628  10.88111112
   Si   -6.70395467   9.46087065  12.03064274
   Si  -10.77414869   8.12417511  13.52162299
   Si   -9.44110145   9.41992524  14.90315589
   Si   -2.68769921  10.76434882   8.04083606
   Si   -1.34263201  12.10503514   9.36246237
   Si   -5.41994370  10.79572512  10.74718288
   Si   -4.05220298  12.13011741  12.09880430
   Si   -8.15121494  10.78394711  13.47841747
   Si   -6.74727507  12.12064773  14.74303784
   Si  -10.88899060  10.73262261  16.20670538
   Si   -9.41006070  12.15710223  17.50586001
   Si   -5.37063920   5.42839200   0.01273551
   Si   -4.05268258   6.78709246   1.35797882
   Si   -8.04773176   5.37674124   2.76963687
   Si   -6.77033266   6.77100690   3.99815787
   Si  -10.77230312   5.45896908   5.38748561
   Si   -9.43041664   6.72460110   6.71673458
   Si  -13.53133041   5.32762187   8.03089835
   Si  -12.10738395   6.73037366   9.35883474
   Si   -5.45934732   8.13310018   2.75728861
   Si   -4.00568863   9.48855091   4.07726032
   Si   -8.08479995   8.10782822   5.41167456
   Si   -6.74334104   9.41425282   6.75829861
   Si  -10.78287370   8.08566569   8.08298693
   Si   -9.38221686   9.35590949   9.42680345
   Si  -13.51056710   8.04229800  10.72751785
   Si  -12.10819923   9.43190925  12.10011154
   Si   -5.37063886  10.70835833   5.40527003
   Si   -4.10170593  12.09895625   6.83524411
   Si   -8.06162771  10.77370381   8.12874338
   Si   -6.68873141  12.13370106   9.45182521
   Si  -10.84187528  10.77804100  10.70287463
   Si   -9.49479522  12.02972212  12.12944890
   Si  -13.50749038  10.81586329  13.42766382
   Si  -12.16455704  12.16842652  14.84427919
   Si   -5.42095725  13.49760836   8.12722979
   Si   -4.05872003  14.93874389   9.47437671
   Si   -8.19556933  13.54915154  10.86026284
   Si   -6.70511120  14.88159923  12.21160371
   Si  -10.70735697  13.46480976  13.44985878
   Si   -9.36958875  14.78617721  14.84716890
   Si  -13.55477517  13.46091759  16.17966100
   Si  -12.15551647  14.84053844  17.54089236
   Si   -8.04146744   8.12700343   0.04878706
   Si   -6.81206814   9.50502651   1.45624118
   Si  -10.82116465   8.12760022   2.67996318
   Si   -9.44589795   9.49378545   4.05205226
   Si  -13.51364906   8.14759191   5.45586150
   Si  -12.13542522   9.47648277   6.74265829
   Si  -16.20866122   8.09842535   8.04487961
   Si  -14.87555966   9.42921713   9.42960263
   Si   -8.16850186  10.88189588   2.70890190
   Si   -6.71821123  12.09208769   4.03749588
   Si  -10.78387424  10.82192474   5.43095684
   Si   -9.41925778  12.10174363   6.77259966
   Si  -13.42596048  10.81575823   8.09162593
   Si  -12.20063605  12.17060822   9.52174372
   Si  -16.21273374  10.78916802  10.76814153
   Si  -14.88621415  12.16204799  12.14907791
   Si   -8.11322254  13.48920102   5.35501376
   Si   -6.79089081  14.86563150   6.74051079
   Si  -10.76511107  13.49568165   8.08765955
   Si   -9.51962533  14.85199527   9.44093935
   Si  -13.55324097  13.48804119  10.81811886
   Si  -12.13174676  14.80822387  12.15272543
   Si  -16.21564971  13.52367061  13.55176014
   Si  -14.84530120  14.81922619  14.89586464
   Si   -8.03698741  16.17811545   8.10520087
   Si   -6.75793119  17.64000325   9.43622990
   Si  -10.77961712  16.24602999  10.81416080
   Si   -9.41017828  17.60200376  12.11921792
   Si  -13.56629989  16.19606912  13.53242293
   Si  -12.18586016  17.62408159  14.87071046
   Si  -16.18060185  16.20135141  16.24924483
   Si  -14.82522049  17.47590309  17.54333876
 Anisotropic displacement tensor vs exact values:
Atom: 1
   Si    0.166903   0.152085   0.156403
Exact va
   Si    0.167308   0.167308   0.167308
Atom: 2
   Si    0.173557   0.189228   0.165686
Exact va
   Si    0.167312   0.167312   0.167312
 off-diagonal terms
   Si    0.010075   0.011057   0.027094
   Si   -0.013368  -0.038998   0.021264
