 Sum of diagonal terms per q-point:  0.58203885509759323     
 Error and loop index:   1.1139228787890738E-002        2646
    Temperature is:   0.00 K
 Atomic positions         128
   Si    0.02578269  -0.00574863  -0.04958419
   Si    1.32307728   1.31587230   1.39117492
   Si   -2.72452503   0.02990827   2.63181283
   Si   -1.36403154   1.32064002   4.08434787
   Si   -5.50415688  -0.01660303   5.39678809
   Si   -4.14545004   1.25625767   6.80973568
   Si   -8.09370247   0.08011574   8.00609997
   Si   -6.79356676   1.31423021   9.38172661
   Si   -0.10587162   2.75265385   2.75473330
   Si    1.34745555   4.10185713   3.99984727
   Si   -2.69108387   2.59630767   5.43538471
   Si   -1.36970377   3.98869715   6.74703688
   Si   -5.46879922   2.65294141   8.08350802
   Si   -4.07151675   4.09884441   9.42342146
   Si   -8.08826340   2.76744197  10.76355579
   Si   -6.85270898   4.10018336  12.17986703
   Si    0.03479800   5.35843119   5.48849851
   Si    1.27051731   6.79107868   6.78232362
   Si   -2.70996792   5.33998296   8.12086689
   Si   -1.37801657   6.75587737   9.50324619
   Si   -5.40605111   5.38760378  10.80759673
   Si   -4.01840563   6.71287890  12.19545619
   Si   -8.12808867   5.41667392  13.49176259
   Si   -6.70051354   6.73678243  14.82017370
   Si    0.04622367   8.09253946   8.11786458
   Si    1.40529094   9.40218588   9.41564636
   Si   -2.73113343   8.15952785  10.82614334
   Si   -1.33958118   9.47705725  12.10100153
   Si   -5.35315289   8.14431048  13.52826108
   Si   -4.06333254   9.45038510  14.91051230
   Si   -8.07345760   8.03423537  16.16271519
   Si   -6.75831427   9.40234854  17.51212542
   Si   -2.72402191   2.67174240   0.03832468
   Si   -1.41267051   4.01909852   1.31928834
   Si   -5.36338333   2.71530170   2.77010614
   Si   -3.98130929   4.07412083   4.08177250
   Si   -8.06286876   2.70019280   5.36786535
   Si   -6.71470970   4.09597289   6.71347879
   Si  -10.80275715   2.73092280   8.05444039
   Si   -9.43586080   4.06713580   9.43036552
   Si   -2.71313741   5.45693178   2.64484764
   Si   -1.31802854   6.74923476   4.06567645
   Si   -5.33439838   5.44916649   5.38077910
   Si   -4.01910749   6.74908694   6.77941173
   Si   -8.09421025   5.37906689   8.06258413
   Si   -6.66651381   6.70454448   9.47855594
   Si  -10.79773957   5.38913847  10.86294596
   Si   -9.37532759   6.78016546  12.15501232
   Si   -2.66702546   8.12262435   5.38716163
   Si   -1.31421857   9.48026766   6.76471039
   Si   -5.37823152   8.11383427   8.12720143
   Si   -4.04751212   9.51352150   9.36943922
   Si   -8.04233936   8.07733191  10.77004916
   Si   -6.69661387   9.43714964  12.17408881
   Si  -10.79244718   8.02984138  13.58252778
   Si   -9.47566222   9.43381383  14.84902928
   Si   -2.70518410  10.75577600   8.13505706
   Si   -1.39906124  12.21559526   9.38698936
   Si   -5.46412584  10.77205007  10.76471004
   Si   -4.04969288  12.17676560  12.14040968
   Si   -8.04428340  10.78881125  13.52737536
   Si   -6.77981107  12.14283689  14.92163686
   Si  -10.78506798  10.79521938  16.22034805
   Si   -9.46979987  12.12475422  17.50821886
   Si   -5.42912133   5.41380566   0.00064338
   Si   -4.11703047   6.89700091   1.26016501
   Si   -8.12955988   5.42588452   2.74793971
   Si   -6.72495068   6.83653748   3.98879219
   Si  -10.73664494   5.43389593   5.41674690
   Si   -9.36505792   6.73068701   6.72095465
   Si  -13.53811652   5.36961028   8.16882521
   Si  -12.14089645   6.76569965   9.46518645
   Si   -5.46780540   8.20430901   2.67277911
   Si   -4.04393182   9.52125719   4.07987575
   Si   -8.09067537   8.13781649   5.42753925
   Si   -6.72403005   9.46064633   6.79642663
   Si  -10.76650713   8.05076422   8.03752449
   Si   -9.43283376   9.40032198   9.42411207
   Si  -13.48710652   8.05949261  10.75741738
   Si  -12.11429447   9.39282171  12.10431894
   Si   -5.38292396  10.86971262   5.35528301
   Si   -3.96203890  12.21506570   6.82148784
   Si   -8.04766963  10.76179862   8.12228843
   Si   -6.69259467  12.13696041   9.42667531
   Si  -10.80173488  10.75895490  10.78407998
   Si   -9.38565012  12.08122517  12.01876844
   Si  -13.42844852  10.77607810  13.51048300
   Si  -12.20549450  12.13333878  14.92994423
   Si   -5.32140517  13.53321561   8.10726140
   Si   -4.04042294  14.82811769   9.52178332
   Si   -8.10959166  13.48756567  10.86248048
   Si   -6.74092466  14.87551801  12.23988174
   Si  -10.76273466  13.36934459  13.49814665
   Si   -9.50074717  14.79712318  14.82489403
   Si  -13.52876677  13.55769100  16.16486870
   Si  -12.10050731  14.90282020  17.51946060
   Si   -8.16295179   8.06738328   0.00520414
   Si   -6.78424540   9.43743293   1.36213390
   Si  -10.90058679   8.09019350   2.70568587
   Si   -9.40514342   9.42154262   4.09620252
   Si  -13.50415008   8.16845651   5.46009883
   Si  -12.09172823   9.49018768   6.73877415
   Si  -16.25766956   8.10107605   8.04763665
   Si  -14.96936444   9.44051175   9.45228863
   Si   -8.09956943  10.79890624   2.74961373
   Si   -6.74569202  12.15311719   3.97379623
   Si  -10.74532345  10.82707279   5.30711201
   Si   -9.47813176  12.12204802   6.77693412
   Si  -13.53410076  10.76567440   7.97819547
   Si  -12.19755546  12.10114103   9.46396582
   Si  -16.27775866  10.82759204  10.77195442
   Si  -14.80065767  12.15481084  12.14587912
   Si   -8.07868332  13.47300140   5.43274193
   Si   -6.76253802  14.84874183   6.73830951
   Si  -10.71117755  13.47262100   8.05309946
   Si   -9.45818126  14.83561894   9.47012631
   Si  -13.55803794  13.51934597  10.73860670
   Si  -12.22334040  14.79124142  12.18928247
   Si  -16.19385176  13.54628793  13.45938090
   Si  -14.82705736  14.81382728  14.85086859
   Si   -8.07592960  16.20279743   8.19134911
   Si   -6.74526780  17.59328426   9.44158208
   Si  -10.88048509  16.17288733  10.89698377
   Si   -9.53855462  17.56606168  12.15797315
   Si  -13.53366370  16.25214085  13.51105612
   Si  -12.14813475  17.54036491  14.86788981
   Si  -16.11520586  16.16697827  16.19527150
   Si  -14.86881903  17.52642602  17.53627979
 Anisotropic displacement tensor vs exact values:
Atom: 1
   Si    0.174242   0.157173   0.180345
        Exact values
   Si    0.167308   0.167308   0.167308
Atom: 2
   Si    0.184110   0.148554   0.159437
        Exact values
   Si    0.167312   0.167312   0.167312
 off-diagonal terms
   Si   -0.019930  -0.003856  -0.031986
   Si    0.007462  -0.016356  -0.024702
