 ZG-Velocities (Ang/ps)
   Si     -2.25598213    -0.43604422     2.50653557
   Si     -1.87437250     1.34599956    -0.14942532
   Si      4.19576607     0.95552283    -1.27609317
   Si      2.30756317     0.36003069    -2.21987185
   Si     -2.90934153     1.12638885    -2.26264873
   Si      1.69403417     0.55589453     0.86729769
   Si     -0.46518910     3.66028167     5.55520250
   Si     -4.74005883    -0.23128107     3.33500382
   Si     -1.97347446    -3.09492677    -0.24584291
   Si     -5.77242887     0.15183325     1.65892065
   Si      4.02347843     4.85148468     2.44595736
   Si     -6.43567534     2.49708046    -4.55296196
   Si      1.93663370     5.04216217    -2.46807077
   Si     -2.86041579     2.72090066    -1.66143531
   Si      4.84252410    -1.58293993    -0.23397419
   Si     -1.61439019    -0.95935780    -0.09235788
   Si      3.45767555     2.82425222     1.89357297
   Si      1.29277024     0.26874878    -1.31455560
   Si     -2.13107238     1.03268629    -2.59218496
   Si     -3.30276729     4.44583337     4.04474233
   Si     -1.44428389    -4.03770970     0.00282609
   Si      2.45603309     5.29902342    -2.44349734
   Si     -1.01234312    -0.48456388    -1.68731481
   Si     -0.50336459    -4.69693059     3.28392681
   Si      0.05582993    -1.39047051    -2.56298977
   Si      2.83505261     2.11759956    -2.96100318
   Si      0.31556616    -3.65540132     0.75120981
   Si      0.70235975    -1.27677739    -1.06904361
   Si      0.71609421     2.25756210     3.37431306
   Si     -3.37808642    -4.55113195    -0.53892805
   Si     -0.61966013    -0.79234583    -1.60233473
   Si      2.63297555    -2.39131750     0.60787340
   Si      0.06048166    -3.05409344    -0.02036578
   Si     -2.09153166    -3.65053069     1.38795234
   Si     -0.54399360    -0.60205330     4.34599847
   Si     -0.09893982     0.87745065     1.61944622
   Si      1.12969218    -0.36685886    -0.58016937
   Si      4.63374321     2.37496497     3.44870640
   Si     -0.43866962     0.61718636    -2.31976990
   Si     -1.32202447    -0.93644589    -5.01714694
   Si     -1.11758960     3.08381441     2.03247934
   Si     -1.17323413    -1.35897327     3.36786993
   Si     -0.59357448    -0.74942429    -0.72238366
   Si     -2.04557564    -0.87752458     4.00448338
   Si      2.04925901    -5.06979446     0.72667683
   Si      4.58969899    -0.18766768     1.19443821
   Si      4.53125484     0.81595218     0.65977959
   Si     -1.90261927     3.44631168     2.70291201
   Si     -1.93488494     5.17687762    -6.90088150
   Si     -0.47763358    -0.59078304     0.36401756
   Si     -2.63978661    -3.50438957    -0.46441072
   Si      4.70347175     3.84897318    -0.19664106
   Si     -0.79446219    -0.20993953     4.03650730
   Si      2.83079881     0.91938262    -7.73967146
   Si      3.33492637     0.67989180    -0.58339759
   Si      0.41613687    -1.63522796     2.39924742
   Si     -0.25191739    -0.94089859    -2.02276906
   Si     -0.16006847    -1.87548163    -2.83799157
   Si     -3.02904958    -0.34088219    -1.69721045
   Si     -0.22544015    -0.33906546    -3.09931486
   Si     -3.14437084     2.04439472     0.61805100
   Si      0.81368088    -1.23696069    -4.21301180
   Si     -5.01444332    -4.04018557     0.39838729
   Si      1.85648057     1.64958536    -0.03829848
   Si      2.70099460    -0.72182573     0.08757934
   Si      0.60311882    -0.19616640    -0.47078780
   Si      3.40575408    -2.00136116     4.85968635
   Si     -1.01532625     0.46735413    -4.33475648
   Si      1.48471339     4.43025161     1.54973407
   Si     -1.05416416    -0.15729308    -2.44063646
   Si     -3.05286751    -3.09940493    -3.68817065
   Si      1.99338084     1.72999453    -3.73993709
   Si     -4.03851825    -0.26667053     2.97175983
   Si      2.52238040     0.50423331     4.62006843
   Si      1.25144208     0.20538417     1.40618804
   Si      0.15276639    -0.57372978    -0.54934717
   Si     -0.45818589     0.03401657     1.20737183
   Si      2.85159084    -3.55272088    -1.32035984
   Si     -1.67309724    -2.31111974    -2.34287718
   Si      3.08505746     0.36766691    -0.68507645
   Si      1.88969938    -4.56211493    -1.12651055
   Si     -1.62684881    -2.57105568     4.93177199
   Si      0.60619653    -0.60706359     0.83446668
   Si      6.20549155    -3.33707841    -1.79235257
   Si     -2.92347538     1.37680191    -2.65108876
   Si     -1.49057084    -4.54515113     1.01983285
   Si     -1.54624459     0.54390278    -2.00559194
   Si     -0.94491861     1.26207735     1.42324503
   Si     -0.73547953    -1.92222998     0.68371367
   Si     -0.09755685     5.78203157     1.20921756
   Si     -5.73373922     3.20561666     2.31130522
   Si      1.68943889     2.13722055     3.19397289
   Si      4.49710029    -0.65944306    -2.96025493
   Si      3.89946408    -3.17274552    -1.00648026
   Si     -2.40651418     0.07932131    -2.73547433
   Si     -0.21253251     0.19921455     3.14694078
   Si      2.92813084    -1.11860705     2.59983967
   Si     -3.12544887     0.41506186     4.79385674
   Si     -2.12057634     1.17828435    -1.35308541
   Si      0.79942289     2.17170423    -0.36035975
   Si      0.05909807     2.05518171     2.24617874
   Si     -0.50630347     1.11626246    -1.07295702
   Si     -1.82555943     0.36180560    -1.82011037
   Si     -2.03680309    -1.31569076     0.49067238
   Si     -1.31936430     2.14434477     0.30844411
   Si      1.51858848    -2.56547700    -2.16928753
   Si      0.59926459     0.73695613     1.68054810
   Si      0.36242379    -2.71403246     0.13799210
   Si      4.53662288     0.63619340    -1.19749964
   Si     -2.69487842    -0.78786531     4.93149762
   Si      0.26251821     0.12972592    -2.46926893
   Si      0.19110070     0.19446563     0.27041952
   Si      0.18734079     0.12338529    -1.90198334
   Si     -2.19183273     2.51457215    -0.17363949
   Si      4.47392447    -0.59012119     0.14600540
   Si     -3.71554489    -1.15689934    -0.62218752
   Si     -1.63539640    -2.60594573     0.52087429
   Si      0.92820829    -3.09893033    -1.00826509
   Si     -0.24026524     1.85939595     2.04877013
   Si      1.25428077    -1.85386410     1.68696925
   Si      3.57297310    -1.40082558    -1.95043894
   Si     -1.61954614     4.55520988    -1.45387407
   Si      2.26644539     1.48552854     0.10630577
   Si      0.79313592     3.27305384    -3.43575719
   Si     -4.32561285    -0.49722866     1.48505636
   Si     -1.27424119     3.45721572     1.18035922
   Si      0.97758434     1.96232928     2.04384230
   Si      0.97049407    -4.63279401    -0.54243647
 ZG-velocities vs exact velocities from momentum operator in second quantization:
   Si   2.55936837  2.30348980  2.27309636
   Si   2.46995879  2.46995879  2.46995879
   Si   2.50725257  2.48082960  2.67206590
   Si   2.46995793  2.46995793  2.46995793
