 ZG-Velocities (Ang/ps)
   Si      3.82984543    -4.55457436    -3.37647109
   Si      2.47266125     0.91472676    -0.72072106
   Si      0.68434567    -1.46111433    -4.05827514
   Si     -0.60019158     0.10503232     0.99663014
   Si     -3.28778783    -5.07558422    -1.14720165
   Si      2.11129868     6.79249105     1.33472705
   Si      1.33199986     3.02638963     0.65271041
   Si     -1.32662214    -2.43223738     4.28477840
   Si      2.82731496    -0.55702451     5.96943735
   Si      0.66353914     2.15400164    -3.22899962
   Si     -0.39234070     3.68095564     6.68326798
   Si      2.63841441     1.62225791    -4.04402373
   Si     -1.26923149     0.27371137     5.82128990
   Si      2.29908995    -3.69913498    -5.94205768
   Si     -0.67177799    -0.94746504     1.61019000
   Si     -0.22239781    -2.13704743    -0.02153172
   Si     -4.14685796     1.10887376    -3.96633040
   Si      1.57017090    -0.79741193    -0.47344190
   Si      0.08397527    -0.06009344     2.83532571
   Si     -6.67558711     2.83145597     5.03852206
   Si     -0.01683475     0.43517086    -5.04052384
   Si      2.53603150    -3.03564191    -5.08345749
   Si      1.38617512    -2.42300348     1.39985592
   Si     -2.88319094     3.65470381    -0.86069857
   Si     -0.21342825    -2.60659242     1.71807297
   Si      2.36386478     1.46909313     5.06612125
   Si     -5.88760867    -3.02393948    -0.07971989
   Si      0.94715319     4.57939509    -0.94374192
   Si      0.13630968     4.97395625     2.22396691
   Si     -4.47320424     1.91649660    -2.46753077
   Si     -0.71354003     0.12201391    -3.95001043
   Si      7.89851003    -4.21735366     1.27071654
   Si     -2.04132888     6.30216724    -0.06971893
   Si     -1.99153219    -3.69029005     3.34646127
   Si      1.76820064    -5.54711167    -1.07559017
   Si      7.63091180    -2.48366449     1.00465130
   Si      2.21239096     3.42534419     8.87951993
   Si     -1.84018529    -4.06956912    -2.75550408
   Si      4.35063881    -2.34514397    -0.54705177
   Si     -0.55172397    -1.68112563     1.05137834
   Si      0.13144899     0.48032631     1.05264482
   Si      2.90925454    -1.11179024     1.39742255
   Si     -0.51422689    -1.13574671    -2.65951040
   Si      1.03855022    -1.46948552    -0.53291331
   Si     -4.43082092    -1.16205453     1.40817586
   Si      1.99085949     3.89396477    -0.63864833
   Si     -3.63843776     2.49032271    -1.74773609
   Si     -0.55118467     1.62709637     1.48984776
   Si     -2.35449677    -2.71167103    -1.70461548
   Si     -2.14708208    -1.71021659    -1.10062559
   Si      0.88427889     4.90313614     1.27812982
   Si      0.17469358    -2.49124872    -7.13760498
   Si      2.84322045    -0.30063064    -1.12974727
   Si     -1.81828258     3.38854398     0.47338081
   Si     -1.37553697     1.87668056    -0.98800939
   Si     -3.32279128    -3.87933827    -2.62936152
   Si      2.59311981     1.85782037     4.35647157
   Si     -1.13956525    -2.95893710    -3.49164543
   Si     -5.40518811    -5.13323116    -0.65933905
   Si      1.62611885    -3.32758680     2.28207985
   Si     -0.04421459     1.32106836     0.19591577
   Si     -0.36212851     1.82960569     3.46759935
   Si     -0.55658522    -2.11535188    -6.27276663
   Si      1.86633337    -0.29397083     5.04261310
   Si     -0.97634764    -1.10376598     4.50825311
   Si     -1.60152597     1.51680105    -3.00239436
   Si     -4.44342035    -1.72285686     0.44999345
   Si      1.42153756     4.05815903    -0.84739541
   Si      2.00545041    -2.10106107    -0.62487682
   Si      3.34894571    -0.73024679     4.13117831
   Si      6.02533425     0.87034409     0.90949312
   Si     -1.60536830    -2.65453285    -2.37133828
   Si     -1.87381475     6.56371065     1.07127852
   Si     -0.44956659     0.17761097     1.27468889
   Si      0.56170512     4.80165418     0.97941218
   Si     -3.73120215    -4.87605221     3.20052768
   Si      2.70629418    -1.00978363     3.46758980
   Si      0.23803875    -5.81195445    -1.81164448
   Si      1.57930228     5.28031743    -3.25907541
   Si      3.35600096    -3.77476520    -3.61779567
   Si      0.87825337     0.29266005     3.64950297
   Si     -6.06689429    -0.40804309     3.99866495
   Si      1.94137860     1.04328111    -4.20174713
   Si      2.75692727     1.02257400    -3.08305975
   Si      1.49765490    -1.57783769     2.61905198
   Si     -4.80569894     5.01187594    -1.91314156
   Si     -0.13511516     5.18522934     3.27337250
   Si     -2.13235071    -2.72265073    -5.04432212
   Si     -2.39881402     0.47345613    -2.28882134
   Si     -0.20755725     0.16049715    -0.69293495
   Si      1.35576743    -2.45840596    -4.82686079
   Si      4.79505291     0.71522013     0.75282512
   Si     -1.74695484    -2.14999926     1.34226644
   Si      2.22689088    -4.52685842    -1.60634446
   Si     -1.73747948     3.65350433     2.57905860
   Si      1.63764921    -3.17234985    -1.73499372
   Si      2.82896627    -0.29074278    -0.43684773
   Si     -4.57763293    -3.47207795    -1.77818862
   Si      0.30726345    -0.92185519     3.59505018
   Si      0.25847773    -2.19488552    -5.54611366
   Si      1.35643454     0.34045545    -1.79909430
   Si      1.92133207    -5.29376528    -0.74626823
   Si      1.19160797    -1.82469554     3.26429129
   Si     -1.84304104    -3.16618296     6.76306185
   Si     -1.40402600     0.70662365    -0.21575960
   Si      3.01418576    -4.02138409     0.96427703
   Si      0.76559314     7.32047532    -4.99291114
   Si      4.23202885     1.01439589     1.09529313
   Si     -0.21030921     3.87060013     7.12795810
   Si     -3.42243663    -3.03376309    -3.44122673
   Si      3.51633244     6.91189446    -1.76131597
   Si     -2.32038756    -2.66135072    -1.90353797
   Si     -4.07128743    -0.77940247     5.93264805
   Si     -2.30039511     4.57488001     0.27082315
   Si      2.28055365     0.80541768     0.72214288
   Si     -3.67544382     3.57019506     2.10056157
   Si     -2.06063125     6.41910097    -3.06056995
   Si     -0.07619706    -1.20151855     3.95154073
   Si     -0.18940929    -1.69541743    -5.07441947
   Si      1.08648467     5.91012488     2.60770065
   Si     -4.43796793    -1.86011803    -0.89533354
   Si      4.89281624    -1.50393613     5.53918269
   Si     -2.81469595    -1.83966444     1.63200825
   Si      6.37134443    -0.77011032    -4.88226425
   Si     -5.19504163    -1.15402372    -1.56798334
   Si      2.53600051     0.53946843     0.39580770
   Si      2.98616777    -0.42103273     3.97241732
   Si     -2.51157996     0.05195667    -4.78436148
   Si     -1.41006284     1.88183592     1.30633271
   Si      0.77641218    -2.31955198    -0.78766394
   Si     -3.46930740     2.12290063    -5.14554599
   Si     -6.18792031    -1.52257315     4.90195852
   Si     -0.99487613     0.66787759     1.65847742
   Si      2.77081874    -0.97647705    -0.01812820
   Si     -1.23129520    -4.75260348    -0.60803951
   Si     -0.12290055     1.68295153    -4.13002677
   Si     -0.35005657    -2.56479158    -1.30317060
   Si      0.86699300     2.52969707    -2.35716660
   Si     -1.98991278    -0.54364138    -2.27958155
   Si      2.75598212     0.75797398     2.57820649
   Si     -0.02699545    -0.01733297    -1.06994840
   Si      2.50067376    -1.98913417     0.26912674
   Si      2.16463708    -1.93156315     2.68508907
   Si      1.94216591    -1.52150285     0.88842350
   Si      0.19341839     1.70905062    -2.75461590
   Si     -0.45179775    -2.48094510    -0.38477526
   Si     -2.28013508    -5.72156035    -1.04877758
   Si      0.37561729     2.28096012     2.40244458
   Si      1.69143628    -0.00958736    -2.94463284
   Si      1.11734144    -1.82509633    -1.68753330
   Si     -1.18672898     1.19719478    -0.50392112
   Si      3.32258288    -2.53321638    -1.34313566
   Si     -0.02482106     3.12400845     0.88432729
   Si     -3.35604809     1.44487157     1.63125503
   Si      1.62906382     1.62680507     0.40106672
   Si     -0.81926155     2.36620531     1.67435613
   Si      4.83109592    -1.70032651     5.15060410
   Si      1.31212768     1.45213628    -1.90528164
   Si     -0.68526810    -0.11415959     1.96043045
   Si      3.65854655    -1.57468082     0.66187364
   Si      0.98653235     0.55577899    -2.67330127
   Si     -0.63911642     0.79708914     0.22845636
   Si      0.69658062    -4.08826167     3.04392587
   Si     -5.13710286     0.71058108     3.26660737
   Si     -3.00797411    -2.36137418    -0.38309658
   Si      3.56560045     1.06041940     0.71532807
   Si     -2.29171731     3.38577537     1.82658372
   Si      2.32564164     0.49978508     1.07236044
   Si      2.20352446     0.41070508    -2.60444415
   Si     -1.43459610    -1.03867722    -1.73374101
   Si     -1.43012134    -0.88899985    -3.69162844
   Si     -3.89858488    -1.90353434     2.17789528
   Si      0.75862737     5.65298144     2.07945784
   Si      0.75365473    -2.95372394     0.49511027
   Si      2.53858452     5.64790866    -0.76407609
   Si     -1.68924156    -0.35986810     2.15539689
   Si      3.89654773     1.52586390     0.36521627
   Si     -0.74390313     3.99206976    -3.80259044
   Si     -0.95597013    -0.24304895     1.39054630
   Si      1.27444415    -0.64229275     3.76142933
   Si      0.10015430    -6.31373152     6.19939532
   Si     -0.35552759    -3.31989121     2.76446311
   Si     -1.90263309     2.78730839     1.04364903
   Si     -5.24131574     0.76622380    -0.48410917
   Si      1.36845331     2.12935951    -3.17833476
   Si     -1.55140122    -5.28398770    -2.24397693
   Si     -0.00269748    -2.09812552    -1.44188297
   Si      0.64362347    -5.89451069     0.11952331
   Si      0.74651367     1.03268634     2.57465443
   Si     -3.27050715     7.48718330    -2.86825914
   Si     -1.41641873    -2.25980061     1.32709956
   Si      3.04759234     1.75356334     3.11226178
   Si     -2.47807944    -4.17138245    -6.51682383
   Si     -1.11203780     5.25930969     0.18093793
   Si     -1.99178547    -3.88576440    -0.85516153
   Si      4.71507210     0.25020660    -3.88019161
   Si     -3.68190793    -2.44716866     1.67713143
   Si     -4.89624797     5.32959427    -0.48600543
   Si     -1.28864137     0.62317965    -1.71441231
   Si      1.03356638    -0.37365307    -0.67169853
   Si      0.04431524    -1.61254977    -2.37583891
   Si     -1.18385370    -1.21631488    -1.08563156
   Si     -4.79399717    -0.30517305     3.43025145
   Si      1.16246080    -0.99243891     1.66476738
   Si      0.47977984    -2.91797757    -1.52151840
   Si      1.27990780     3.80939546    -2.06999252
   Si      2.15595396    -3.21950964    -0.68457252
   Si      0.39384266     2.84302994    -2.38713496
   Si      1.78498318    -0.49120860    -1.43775145
   Si     -3.87222060     2.36562103     3.14580365
   Si      1.14202926    -0.05231268     2.43332085
   Si      4.76956237    -0.54620400    -3.48380307
   Si      0.34475379    -4.65931217    -1.21297535
   Si     -1.53884446    -0.40993589     0.48896582
   Si     -1.09156334    -1.14700187    -5.27216437
   Si     -0.58429857     0.27944018    -1.58437901
   Si     -1.36301444     0.71035814    -3.49080654
   Si      2.60054653     3.44933189     0.26084663
   Si      0.40239053     0.22078517     1.03878260
   Si     -3.60025649    -5.03068961     2.50216405
   Si     -0.91569664    -1.94408229     2.20253932
   Si     -1.27946551    -2.39738405    -2.29096404
   Si     -2.61879080    -2.12232675     1.30450888
   Si      1.92075258    -3.32581890     2.10849174
   Si      2.36500049    -5.02052881    -5.87148820
   Si      1.67764947     1.25739093     3.66627764
   Si     -1.57437182     1.91140265     5.85718666
   Si      3.07699598    -0.19572955    -1.69368650
   Si     -0.11861615     2.65431648     0.63991783
   Si     -2.11432845    -3.67028408     3.37074579
   Si      2.07657177     0.90690557     4.98124860
   Si      1.87304876    -0.05630299    -0.92123717
   Si      0.39496679     0.90284776    -1.37873974
   Si      0.05082586    -3.71020998    -0.73399553
   Si      0.90530892     0.77575123    -3.52877925
   Si     -2.11828039     3.51415524     1.37206383
   Si      1.14930429     5.70002763     2.89568929
   Si     -3.45940245    -2.39248651    -0.07867573
   Si     -0.68519731     1.27519107     2.13100414
   Si      3.22273011    -0.82842776     0.35264186
   Si      0.62159873     1.13976301    -0.53356463
   Si     -2.49340084     1.46738703    -3.36618448
   Si      1.52605003     1.47693378     2.49412745
   Si      5.94435676     2.41285315     2.04874209
   Si      3.48846160    -1.84088700    -0.09559103
   Si      1.92057618     0.27964684    -1.39008930
   Si     -3.44944915     1.96987670     0.23219484
   Si     -3.33926247     7.27272953     1.50395597
   Si     -3.29451883     7.11310719     2.70381797
   Si      1.48000475     1.83789914    -3.83078012
   Si      4.46657022     0.34779756    -2.16057061
   Si     -0.66776978    -6.79865309    -2.64373487
   Si     -0.87119275    -0.27281064    -1.68679236
   Si      1.79441281     2.75808679     3.19624777
   Si     -0.08339874     3.27200353     0.25473081
   Si      0.26337804    -2.06133690    -1.49392699
   Si     -0.29164225     0.01239457    -1.20021460
   Si     -4.64924755    -0.81806181     1.55496841
   Si      1.99932212    -0.34772097    -0.99298003
   Si     -3.69405143     2.16353927    -2.34964571
   Si     -4.21850825     1.78585265    -1.32484905
   Si      0.59874210    -1.94026468     1.55843507
   Si      1.22422802    -1.58501678     0.14778942
   Si      2.73147399    -0.48786276    -0.12733693
   Si      5.51820610     3.32692152     0.94662115
   Si     -1.43832305    -2.49174740    -4.03139688
   Si      0.02234851    -1.76036175     5.16448151
   Si     -3.96072876     6.59179917     2.20527243
   Si      2.28313730    -0.58644863     0.10950777
   Si     -0.45196072     1.88021444     1.91892509
   Si      1.49710935    -2.87933550     3.08324705
   Si      1.24116760     3.27071249    -4.30849076
   Si      3.77745681    -3.09317266     1.62675448
   Si      1.00362686    -3.86877526     1.04915378
   Si     -0.72525428    -0.15925314    -0.21226859
   Si      1.98088934     2.97301406    -2.29272571
   Si      4.02961949    -2.54000211    -3.13943123
   Si      2.97508783     3.30111009    -3.08529469
   Si     -4.25828841    -2.95363645     1.36276662
   Si      3.01854364    -3.24214343     3.52598756
   Si     -1.66069888    -4.30665834    -1.62614870
   Si      0.48328957     1.32634876     2.98527913
   Si      2.38259141    -1.19615853     0.65738772
   Si      1.22272593    -3.77113350     0.95934107
   Si     -1.47459259    -0.83615867    -3.70122344
   Si      0.99119274    -2.14683113    -0.56304955
   Si     -0.61682748     1.11323960    -0.18822302
   Si      0.63864125    -3.42070584    -0.55812736
   Si      1.37620653    -0.97543404     4.37954697
   Si     -1.62020708     1.92770326    -0.25882785
   Si     -0.30082939    -0.17628064     1.26628468
   Si      2.40733778     0.08685611    -0.47226366
   Si     -0.67483874     0.50713733    -1.05764725
   Si     -0.85493255     3.96319257    -0.09722463
   Si      1.21629178     1.64378552     0.34228850
   Si     -0.01209297     2.28508339     3.56058875
   Si      2.20302813     2.14875343    -0.62112491
   Si      2.28130250    -3.00327252     3.85891568
   Si      2.18633818     4.40027872     0.39167207
   Si     -0.33468516     0.12605110    -3.17624690
   Si     -2.62348952    -0.73273355    -0.08762377
   Si     -0.02326270     3.80855765    -1.06408982
   Si     -0.62674951     0.49434212    -2.31259652
   Si      3.77316594     3.06803239    -2.62743527
   Si      2.44153925    -4.43112598     0.53892192
   Si     -1.02959668     1.69548755     4.96558033
   Si      1.32962081    -0.97837155    -1.00907037
   Si      3.18226059     1.40640304     1.73345156
   Si     -1.58091173    -1.41505268     4.11985954
   Si      1.13351140    -1.04996614    -4.38905949
   Si      1.37322933     3.61020150    -0.98374019
   Si     -1.37498628    -1.77061036    -0.85487345
   Si     -0.09069473     2.66932933    -3.03171026
   Si     -2.67690062     6.54664450     6.29004124
   Si      2.06787145    -1.54759515     1.92342570
   Si     -1.01241473    -0.18901486    -0.65792163
   Si     -0.66926323    -2.84893149    -4.87746547
   Si      4.72101116     0.09042811     1.43623698
   Si      2.41885144    -1.41762754     2.62295585
   Si     -5.60479887     2.99429347     1.70643853
   Si     -1.93870648    -2.41914881    -1.06977870
   Si     -0.09236993     3.52473184    -2.16281884
   Si     -2.94322089    -5.20497538    -6.05994185
   Si      4.00058879     2.71359592     3.01403463
   Si     -1.15650070     3.28353519     1.78169277
   Si      2.84311131    -0.07075768    -5.10111003
   Si     -0.96043513     1.11990505     2.98084212
   Si      1.19625979    -0.03541200     0.93416983
   Si      1.73235406    -3.46259996    -1.84737332
   Si     -1.07954476    -3.93489863    -0.49848959
   Si      0.40040337    -1.89209465    -1.34281583
   Si     -1.49185249    -0.39420298     0.37130537
   Si      2.24730343     1.52155936    -2.52837857
   Si      5.38401927     0.47249987    -0.26927297
   Si     -0.69633220     0.34903646    -1.88360050
   Si     -0.53147478    -1.16930641     2.16712523
   Si      5.77913897     1.72876344     3.24153954
   Si     -4.22085368    -2.16121087    -0.16285593
   Si     -2.16672578    -5.13973861     1.92290579
   Si     -0.06307054     1.84663660     2.95700998
   Si      0.67601719     0.02504677     0.23561174
   Si      1.73209633     1.69199356     0.57199712
   Si      1.43893081     1.28604172    -0.79315937
   Si      0.66238122     3.87971766    -1.06329038
   Si      1.27124990    -3.66194162     2.45659822
   Si      0.75447171     1.82409073     2.27024118
   Si     -0.92171027    -3.19141427    -0.66681449
   Si     -0.20611164     0.88452701    -1.54187477
   Si      0.17906415     4.33829975     1.21144219
   Si     -5.44465621    -4.06034695    -3.23386950
   Si     -0.90848828    -2.24265904    -0.68080423
   Si      5.11626380     4.17536534    -0.20020521
   Si      5.83960731    -2.32573557    -1.85577370
   Si      1.58169976     0.27665165     0.93161907
   Si      0.83957679     1.44824826    -1.18942894
   Si     -1.63465932     2.73325577    -1.43521108
   Si     -3.79617600     0.11121489     2.77256594
   Si     -1.22216059     2.73297313     0.67273725
   Si     -2.58974835    -0.61628515    -1.65328507
   Si      0.06124803     1.03600110     2.31225740
   Si     -0.88442927    -2.03325682    -4.14348770
   Si      5.91564025    -0.42342054     2.48251257
   Si      5.46737720     1.60300138    -3.00429618
   Si     -0.76654774    -1.62331972     1.84656554
   Si     -3.15183726    -6.64497892     1.30594899
   Si     -4.32083307    -2.72294042     1.11733337
   Si     -2.57793150    -1.51834962     2.50692257
   Si     -0.77623561     1.63719554    -4.66629124
   Si     -2.44977255     3.92661162     2.34146503
   Si      3.15769094    -2.20482515     1.02913359
   Si      4.30613704    -0.12957340    -0.28596781
   Si     -2.75372143    -0.67310809     3.28578996
   Si      3.83501494     0.71298512     1.60022511
   Si     -0.11659105    -2.09399404    -0.12432311
   Si     -5.58823691    -5.17852479     3.35555973
   Si      3.56034888    -3.57661409    -3.04181115
   Si     -0.76622653     3.45038797    -0.36707777
   Si     -1.70476715     0.00837866    -2.94835460
   Si     -0.32438743    -0.40076663    -0.47977969
   Si      1.32724856     2.23747071     1.66058640
   Si      4.07906109     0.12791319     1.00065795
   Si     -4.45950870     2.37275375     0.15321162
   Si      2.28932944    -2.14513622     0.14108522
   Si      0.85627680     1.94702969     2.96439237
   Si     -1.26258464     0.42246744     0.23875138
   Si     -3.87095445    -0.96353634     2.78339912
   Si     -0.99016847     2.00160535     2.46775125
   Si      3.09457523    -2.05960492    -1.84229879
   Si     -1.46539803     3.27698586    -0.78920619
   Si     -3.36206298    -1.07105272     4.81529836
   Si     -2.56949526     0.99683738    -0.50891145
   Si     -3.00430469     3.43081955    -0.19314223
   Si      0.40911810    -1.05444841    -1.73278444
   Si     -4.07389794    -4.09801066     1.16254704
   Si      2.00904175    -3.32982337     2.28034865
   Si      1.20937322    -1.25284292     0.14353472
   Si     -0.29949610    -3.33853062    -2.37069523
   Si     -1.98041844     1.79026123    -2.02214638
   Si      3.34410538     3.53060965     4.04035780
   Si      3.95043317    -4.93917416    -0.92511350
   Si     -5.36471900     0.12637833     2.66898538
   Si     -2.79540109     0.88966130    -1.43536042
   Si      1.06941122     4.89572429    -1.32880195
   Si     -0.55905776     2.55020796     1.15461266
   Si     -1.21772375    -0.78900564    -1.48761325
   Si     -2.63934098    -1.73665411    -1.67141684
   Si     -1.43776624    -0.81261759     0.17033332
   Si      2.97704161     0.62080880    -2.62858118
   Si     -0.52509028    -1.34936332    -2.77537556
   Si      0.89582778     0.28636633    -0.17892111
   Si      5.50370850    -5.44634236     1.16182279
   Si     -4.48139632    -0.65478216    -3.13468664
   Si      0.34145983     5.41336778    -4.27965359
   Si      1.19847504     3.48797986    -1.37348323
   Si      1.69646153     1.07618388     0.88841740
   Si     -0.05567578     0.65864453     2.86223649
   Si      0.97262202     2.82109277    -5.44663852
   Si     -2.02116247     1.67578104     4.98119914
   Si      0.10799240     2.32178462     0.44714583
   Si      1.20059146    -3.77836826    -3.34749417
   Si      1.68765385     2.09214268     1.01317424
   Si     -1.15144329     1.46602165     0.13668064
   Si     -1.01972387    -0.52227765     1.50594936
   Si     -0.75439621    -0.67602965    -0.18902626
   Si      0.51081325     3.86937225     6.39193031
   Si     -3.58038418     3.21818594     1.75691200
   Si     -0.71054255    -0.89601502    -1.40646730
   Si     -4.19546683     2.33157542     2.70593652
   Si     -3.48102204    -1.06489717    -0.74189979
   Si      0.43045011     0.40582069     2.71083191
   Si      5.16160247    -3.33369860    -0.03864744
   Si      0.91815277    -0.80799373    -2.93441540
   Si      1.59929625     0.19923970    -1.84775012
   Si     -0.35800802    -2.00781670     2.51100680
   Si      1.33969693     0.52642129     2.47883841
   Si      0.02766381     1.72051080    -0.78348550
   Si      3.58435425     0.35120600     2.30410151
   Si     -0.12839253    -0.79156699    -1.43260632
   Si      0.99224973    -0.39490672    -1.54008721
   Si      0.67418067     3.25024961    -1.32640471
   Si      0.18714566    -4.11396723    -3.62995303
   Si     -1.14130624    -2.13968613    -0.06718301
   Si     -0.70465942    -4.56194221     2.85211438
   Si      2.23628849     0.88815057     2.28585642
   Si      2.62486467    -0.38942540    -0.95043934
   Si      0.75684304    -5.56558261    -4.10102450
   Si      1.81597438     0.53654808    -2.42069759
   Si      4.19239103    -4.66869121    -2.99355638
   Si     -3.09108508    -2.49407104    -1.01843971
   Si      3.52566341    -2.18232000    -3.30191224
   Si     -0.09947299    -0.32420224    -1.74771031
   Si      0.34676503    -2.02897688    -1.05946246
   Si     -0.87354091    -4.69491058     0.10934034
   Si     -1.95158027     2.40122672    -0.84605612
   Si      0.69765401     1.70453752     1.18127467
   Si      3.21208373     0.50588635    -0.37873962
   Si     -1.01791954     0.07279399     0.66743611
   Si     -3.14764173     1.79632610    -1.68848411
   Si     -1.72807284     2.88746157    -1.71708792
   Si     -0.20716316     3.75964853    -1.43842387
   Si      3.24468386     1.01167876     4.66512086
   Si     -1.49525695     2.14448215    -0.32628835
   Si     -1.23491271     1.11088252    -0.03928367
   Si     -0.29953149     0.73362379     0.78990487
   Si     -3.52255919    -0.64536191     1.95337783
   Si      0.20374004     4.63076287     4.01046549
   Si      6.97324434    -0.48199402    -0.98081490
   Si     -2.54216615     2.65821235     3.56555754
   Si     -4.41529511    -1.13650254    -0.13488753
   Si      0.81082643    -0.24510744     5.00362090
   Si     -2.01210204    -0.29324421     0.03263616
   Si     -2.62444025     2.52276773    -1.41492957
   Si      1.48988252    -2.71843000     0.45821149
   Si      0.39244631     2.16613779     1.46766833
   Si     -1.83052307    -3.06383678     0.67247033
   Si     -1.58706161     3.68513828     1.00366430
   Si      2.00734345     2.43217678     3.17651475
   Si      0.10730270    -2.29157111    -3.97818920
   Si      1.21932833     3.22224949     0.74994065
   Si     -2.01340532     0.31279400     3.95976183
   Si     -0.93571136    -0.28779376    -3.00275377
   Si      2.20190254    -3.77760008     2.75894948
   Si      0.14299291     2.42106335    -5.02076941
   Si     -3.25020646     1.82639421     1.04045633
   Si     -0.89285147    -0.11420298     0.07826130
   Si      2.24073729     5.62324134     1.02097091
   Si      4.17918953     1.37184323    -3.69019817
   Si      1.98829032    -2.03109134     1.64745228
   Si      1.65960592    -0.17178644     0.61429164
   Si     -1.67711285     2.92178817    -0.53185632
   Si     -3.54200354     1.11204394    -1.99508699
   Si     -5.95419024     0.27305330    -0.56488055
   Si     -1.78106901    -0.37370567    -4.78183836
   Si     -3.60942276     1.50448616     3.24375212
   Si      1.64781365    -0.15604665     1.05542877
   Si     -4.15494813    -2.35401885    -3.99524633
   Si      3.67694266    -3.30581965     1.07864253
   Si     -3.91071374     2.49152531    -2.27884159
   Si     -5.43137799     3.25578774    -2.16578009
   Si      7.53019385    -0.80518375    -0.19556615
   Si     -1.12288957     2.48366038    -2.09036280
   Si      3.71547139    -4.38304034    -0.82930783
   Si     -0.24449000     0.08801886    -0.56876644
   Si     -0.27145337    -0.14908857     2.00202217
   Si      3.93666945     2.07823761    -1.65419970
   Si     -2.00309973     1.03272291    -5.63750796
   Si      4.04165385     1.93703348     1.98359461
   Si     -2.10383862     1.35552258    -4.83288035
   Si     -0.71343369     2.71472795    -2.51655381
   Si     -0.18048985     0.10075584    -1.46150569
   Si     -0.79288613     4.04361115    -1.54947256
   Si      0.20799199     1.63224625    -4.63848265
   Si      4.69664364     1.13705413    -2.24504699
   Si      2.26692997    -6.33234637     1.85630595
   Si      2.14613749     1.59518096     3.47923799
   Si     -0.49579283    -0.24812794    -1.43937061
   Si     -6.16380922    -0.39939589    -3.34905148
   Si      4.13350420     0.04948301     3.14660381
   Si     -2.23942458    -0.24736193     1.67806307
   Si     -2.24969432    -5.55999671     0.50851571
   Si     -1.04351398     5.12977355    -2.24433843
   Si     -0.91135561     0.39025196     0.95007045
   Si     -3.97408739    -1.73864236     2.48133505
   Si     -1.94797149    -0.30618208    -1.97242740
   Si      4.12578101    -1.85167931    -1.42231071
   Si     -0.85712608     1.58416036     1.02791779
   Si     -2.23476176     1.31598769    -0.24364607
   Si     -3.67454751    -0.89829197     1.33428148
   Si     -1.86792154     1.15594242    -1.57541882
   Si      1.88583901     0.79879144     4.37555818
   Si     -0.27633538     1.67397653    -0.44600043
   Si      3.50747442    -2.97788515     1.03295332
   Si      0.30404562    -1.34632291     0.94890499
   Si     -0.73715149     1.49166145     4.18594847
   Si      3.17792421     3.40242621     0.73276702
   Si     -3.62054390    -1.07926683     1.73696690
   Si     -0.49602674     0.09683516     1.04153440
   Si     -0.55042696    -2.23985323     2.37717653
   Si      0.79525478     1.99858078     0.26928079
   Si      0.79181634    -1.47722300     1.27270014
   Si     -0.12260660    -3.70320341    -0.23173708
   Si     -2.56247824     1.13405541     1.31256391
   Si      2.37596368     5.61153673    -3.29628492
   Si     -1.62858942    -0.81718238     2.90612050
   Si     -0.93483674    -1.24195820     1.72682707
   Si     -1.03370542    -1.43972221     0.76158229
   Si      2.83659567     4.88755100    -3.19730457
   Si     -2.17998769    -2.59302355     0.33767300
   Si      2.12229636    -0.29825927    -3.38915366
   Si     -1.67828904     0.80072723    -2.88295433
   Si      0.33273355     0.16659501    -3.76323863
   Si      0.91604882     1.94634161    -2.78596254
   Si      5.63223461    -0.88310210     1.64271976
   Si     -5.45532504    -1.57221284     0.66884336
   Si      4.93263332    -2.77535906    -6.26644329
   Si     -4.58729183     3.64567156     2.27900531
   Si     -0.71868570    -1.14790667    -0.30501078
   Si     -0.53488664     0.99980398     2.33348045
   Si     -4.22653859    -5.55280515    -3.93875742
   Si      1.13270685     6.96535598     2.74903483
   Si      2.73693695     2.19134502    -2.39039600
   Si      1.49433427    -1.54585263    -4.20865183
   Si     -0.52450986     5.11502094    -1.96622633
   Si     -3.33631606    -3.52778814     1.30046238
   Si     -2.32922090    -3.54459789    -1.09378997
   Si      3.36220381     4.54386306    -1.29381754
   Si     -1.87683563     1.81624713     0.29356942
   Si      0.47053870     0.24521328    -3.86171481
   Si      0.28241170     2.14262432    -3.03343397
   Si     -3.09045053     4.29453866     4.13539002
   Si      2.15519006     0.13093714     1.80896017
   Si      1.87825712    -1.49276395    -1.56751612
   Si      4.07240761    -2.29742049    -2.42503199
   Si     -4.05843746     5.06543761    -6.05314164
   Si     -2.35111939    -0.28782625    -2.87981341
   Si     -2.77697422     1.19670704    -0.56605418
   Si     -2.67596174     3.85259164    -0.10292579
   Si     -5.70109330     5.42768064    -0.83897805
   Si     -3.95019040    -1.55594262     2.22681923
   Si      0.83784011     3.29643993    -2.88233881
   Si     -0.31352991    -1.71959644    -4.94179260
   Si      3.04191949    -1.00389412     4.62044054
   Si     -2.28739923     1.33788334     3.59787105
   Si      0.45785489    -1.74159078     3.35611212
   Si      0.58297034    -0.76357471    -0.89500052
   Si     -5.05837624    -4.85638736     0.04884408
   Si     -3.25142910     2.46011954    -0.30010521
   Si      1.16518029    -4.10027201    -1.23265896
   Si     -0.98602659    -1.71862501    -4.17179475
   Si     -0.23444011     5.66501133     4.87490747
   Si      1.64523262     0.46996507    -2.09502388
   Si     -1.44166282     6.24553976    -2.68785221
   Si     -0.69309460    -1.09751202    -2.39751607
   Si     -0.81118867     0.77961986    -1.42369996
   Si      4.02020862    -1.36741018     4.48683910
   Si     -1.79221669     0.68116432    -2.06505484
   Si     -0.09968764    -1.52587307     0.24914909
   Si     -0.33559179    -0.39038497    -5.48270119
   Si      1.39148951     4.85581838    -2.02865459
   Si     -2.35792241    -1.99421441    -0.23391453
   Si      1.60417117     2.06245875     1.26867626
   Si      0.77352501    -2.87866409    -3.35008401
   Si     -0.69355858    -0.18440099     3.05221977
   Si      2.11024465     0.89989358    -3.69791327
   Si      2.78293026    -4.46368206     3.23047550
   Si      4.12911385     0.40689003    -0.69079274
   Si     -3.34839662    -2.31162970     1.38241390
   Si      0.24866508     0.70677169    -0.91159898
   Si     -0.22097991     2.36366375    -1.05189059
   Si     -0.80990848     4.61758525    -0.49243125
   Si     -1.06691282     0.94507253     3.17175854
   Si      4.51905834    -2.69143504    -0.20850338
   Si     -1.91663434    -1.32328594     1.14266879
   Si     -4.76003810    -1.82607798     0.71883239
   Si      0.48288414     2.63727373     1.48264868
   Si      3.26517493    -0.62041035     1.33796093
   Si     -7.88883161    -1.76291985     4.19695650
   Si     -1.19814471    -0.83062076     0.40535445
   Si      1.64122878    -3.50706325    -1.58328811
   Si      3.69426263    -0.09334584    -0.23245718
   Si      2.13840769    -2.66771460    -0.55647719
   Si      1.21212622     0.46712718     6.70452920
   Si     -3.87400264    -0.83378600     1.10104798
   Si     -3.97043887    -0.15580144     1.01555743
   Si      1.51683306    -1.15045135     2.75006714
   Si     -0.13341085    -0.54207861     0.01441446
   Si     -0.41745676    -1.77913959     1.78332529
   Si      2.12386453     0.19850595    -2.66467940
   Si     -1.01120200    -1.49374921     1.75839912
   Si      0.57158901     1.93737984    -0.23458504
   Si      1.04720500    -1.58602686    -4.50552292
   Si      0.76661432    -0.62565466     2.87654206
   Si     -6.30929962    -2.13155494     1.25024177
   Si      4.55231083    -2.13749395    -2.36635573
   Si      3.60119336     3.21486982    -2.21017644
   Si     -2.30554381     2.06026185     1.77642423
   Si     -0.45398081     0.85700554    -4.08988258
   Si     -0.41217311     2.87798718    -1.59003924
   Si     -1.28588169    -2.37574835     0.14595211
   Si     -3.07452666    -1.79962781     1.55988657
   Si      0.26757688     0.33997714    -1.47181696
   Si      2.72094824    -0.85068492    -2.20367202
   Si      0.13616998     0.27780399     3.51464660
   Si      0.54916387     3.15356089     0.10123769
   Si      6.00914165    -2.36625839    -1.21552567
   Si     -1.47476730    -0.06680263    -5.66347892
   Si     -4.23494560     0.16203267    -1.74789442
   Si     -1.27649837    -3.49562106    -1.19602094
   Si      2.71359096    -1.44846444    -0.26383348
   Si      1.67799612     4.10229489    -0.51719229
   Si      2.00638187     3.85538932    -2.40121768
   Si     -1.46339129    -0.23627236     2.60542537
   Si     -0.52978553     3.10679591     4.25623551
   Si      2.22338736     2.16968116    -3.54868904
   Si      1.97402037    -4.18234233     1.53954312
   Si      0.72564461     0.10975242    -2.77807535
   Si      0.43544296     0.23843363     0.89447123
   Si      0.06265202    -0.76780519    -1.81490570
   Si     -3.10027182    -2.74144395     1.08568225
   Si      2.49008703    -2.13521994    -3.20026688
   Si      1.66475294     2.74057063     0.26488532
   Si     -2.26722707    -1.45011163    -1.99634069
   Si     -3.57602912     3.81382359     4.09686011
   Si      3.81726730    -5.31351763    -1.98175306
   Si      0.86277144     2.42052590     1.62614573
   Si      1.46979845    -1.15333093    -1.84876907
   Si      1.24131826     0.19055095    -3.49954112
   Si     -2.59321387     1.21573966    -1.28158491
   Si      1.27964083     1.89096122     2.17394603
   Si      3.73029802    -1.16239623    -4.82787083
   Si      0.34049677    -1.85875753     0.06006199
   Si     -0.72689858     2.46771644     1.09827260
   Si     -0.45358566    -0.17350869     3.40995171
   Si      2.92861894    -0.51878271     0.70254344
   Si     -4.98198688    -2.07712192    -0.59706777
   Si      7.60680083     1.12563836     3.84742347
   Si     -1.66893819    -0.55797944     0.98033209
   Si     -1.82691359     2.19888256    -0.41289364
   Si     -2.27489907     0.31264977    -0.14964019
   Si     -0.61499932     0.99976206     1.31547480
   Si     -0.81559039     3.01389244    -0.56967942
   Si     -2.18625171    -4.24171623     1.02996020
   Si     -4.05108798     3.27225054     4.71498958
   Si     -0.01545749    -0.34856581    -0.81325948
   Si      3.41090846    -3.03601993     3.03994484
   Si      1.21435031    -4.55891031    -0.59818412
   Si      2.21795896     2.00315115     1.43938431
   Si     -3.35863052     5.09862288    -3.76135502
   Si      0.55152085    -0.88351561    -3.06630033
   Si     -0.26223831     3.90507121    -0.68068246
   Si      1.83991411    -1.66550670     1.96435478
   Si     -0.87990379    -4.13561304     4.07102706
   Si     -1.06548342    -0.45300978    -2.36637546
   Si      0.43229463     0.58496265     5.47894783
   Si      1.58651709     0.31412910     2.92827586
   Si     -3.13381151     1.54673869    -0.91420000
   Si     -1.54909286    -1.39266907     3.41008833
   Si      3.19027569     3.20857221     3.19072003
   Si      2.29081468    -1.48692601    -1.22590600
   Si      5.38078747     2.63172746    -0.90506906
   Si      0.73155750     0.73489293     0.42984212
   Si     -3.64451103    -2.00562590     0.97531656
   Si      2.26192438     0.63661916     3.94320328
   Si     -0.76447782    -0.17468271    -1.07439610
   Si      4.82484137    -2.49795001     1.83524479
   Si      3.42706135    -3.97210341    -0.75479729
   Si      0.34109607     0.43303989    -3.71178863
   Si     -0.97637164     0.81704978    -0.31305494
   Si     -3.17198081     0.38650285    -3.00618463
   Si      7.13592517     4.29120805    -2.74395062
   Si      0.76375572    -5.67803003    -0.60729747
   Si      2.75781291     0.20941157     1.82319067
   Si      0.05412917    -4.65874799     1.77930857
   Si      1.40512951    -4.79309079     0.00911083
   Si      2.22596008    -0.11522300     0.52071141
   Si      3.70120423    -0.27078559    -0.66750620
   Si      0.78300607     2.93960799     2.95750797
   Si     -2.13236658    -0.63626919     0.28367943
   Si     -0.02105300    -7.31717008     3.33879529
   Si     -2.20890357     0.86154901    -1.51403236
   Si     -1.16153381    -4.86225483     0.26031218
   Si     -1.63647986     3.83975728     1.04424472
   Si     -1.00699396    -5.23285161     0.66264748
   Si      3.68126904     3.55266209    -3.58315364
   Si     -3.93485209    -0.56215702    -1.39777914
   Si      0.79218004    -1.62547988     1.21308727
   Si      0.09632275     0.61090490    -1.19212984
   Si      0.30786288     2.14829534    -5.86332037
   Si     -1.06697449     2.07802467     2.58304926
   Si     -1.19840627    -1.47649571     3.17787475
   Si      3.57808782    -0.24740268    -1.92569258
   Si     -3.38403540    -1.80064148     2.20269757
   Si      0.13607423    -3.04863853     4.06061414
   Si      4.16891795     0.39238514    -0.78538876
   Si      2.34628223    -1.62263452     0.20269540
   Si     -4.81923229     0.23971433     2.41837038
   Si      0.12765530     0.59401669     2.44828054
   Si     -1.42942405    -1.40533415     1.38213226
   Si     -0.07725788     3.60820127    -3.99816163
   Si      1.34375094     1.61951977    -1.42971877
   Si     -0.80986308     0.12583599    -2.89899566
   Si      2.12868795    -0.73634637     0.27061235
   Si      2.33691608     1.43143097    -0.63546885
   Si     -0.60701923     0.52821767    -0.94658957
   Si     -0.39807469     1.01825305    -3.19915810
   Si      3.75562249    -0.91176098    -1.07741513
   Si      3.84591943     2.12402839     1.07823534
   Si      0.72504395     5.82572227    -0.53090702
   Si     -3.17496370     4.49914408     4.42096781
   Si      2.63706616    -1.98581329     0.74462255
   Si      3.70669781    -1.64541513    -1.42739359
   Si      1.73755260     1.73819459    -1.15583719
   Si      1.12026322     1.44342961     0.88253722
   Si     -4.25826942     1.22984072     3.88068370
   Si     -0.38178219    -0.72851154    -2.64381815
   Si      2.53083344     1.84127489     0.95634153
   Si     -0.64322388     1.54744171     3.09265864
   Si     -0.27032491    -1.22708516     4.49940176
   Si     -0.15197791     2.27388479     0.89909248
   Si      1.36732211    -3.23897235     2.32126095
   Si     -4.21721224     1.13596875    -1.65217619
   Si      2.73523694    -3.17570764     2.57527615
   Si     -1.21471259    -1.64143963     0.95948394
   Si     -2.13972950    -1.31646975     2.34494926
   Si     -0.95718635    -6.32910318    -1.47691976
   Si      3.22882016     2.20503669    -1.35216859
   Si     -1.97903009    -1.80663046    -0.52498887
   Si      0.28282040     0.70901673     2.06068338
   Si     -3.90722278     3.07355579    -1.26520489
   Si     -0.99138876     0.30377666    -1.37451394
   Si     -1.63425986     2.43927362    -0.99704925
   Si      1.69828647     5.45730626     0.94032898
   Si      1.51441389     1.40995301    -0.94706656
   Si      1.37563252     2.63811219     0.56956651
   Si      2.21611342     2.80213765     2.81691890
   Si      0.73875034     0.39904359    -2.16190284
   Si     -2.12177273     0.25831336    -0.01575513
   Si      1.96761552     0.11192887     0.14657206
   Si      0.02883983    -0.74793946     0.31687761
   Si      2.05235731     0.03909430     3.03604525
   Si      1.33974778    -3.10429344    -5.20453924
   Si     -2.76331334     0.43742087    -1.44291513
   Si      1.21470429     2.38338723    -1.31842572
   Si      0.25875636    -1.15369699     1.60222209
   Si     -1.66627449     1.83484356     2.99005970
   Si      3.71103200    -1.18743690    -1.15568969
   Si     -1.99721272     0.32678728     6.01992474
   Si      0.25609365    -2.28625981     0.79549636
   Si     -2.36896287    -2.21927207    -2.20864426
   Si     -1.69516184    -1.08350634    -6.91139449
   Si     -0.24762159     4.42627356    -4.44986317
   Si     -0.45399878    -1.87323949    -2.76404611
   Si      1.45370981    -1.97736454     4.48258144
   Si      3.42613441    -1.35256426    -1.48721244
   Si      6.68486249    -1.28997410     1.12350057
   Si      1.24160926     1.66043864    -1.21152424
   Si      3.22118710     2.81178068     3.05748696
   Si     -4.84441281    -2.17642666     2.77860819
   Si      0.80039775     5.11435862     1.25146151
   Si      0.46333091     0.77476548    -0.96855870
   Si     -4.08644071     0.79210543    -1.45507717
   Si      2.21133229     0.22717983     4.18396446
   Si     -1.97967171     0.40659771     1.16872728
   Si      0.19582585     0.26074099    -0.06160575
   Si      2.56144962     0.16208849     3.01513009
   Si     -0.07328578     1.57427865    -4.02430094
   Si     -3.98478148     1.00872321     2.06375568
   Si     -2.10929524    -2.45018379    -4.35198879
   Si      1.91946395     0.50934505    -3.32938645
   Si     -3.13751810     3.83976850    -2.99173977
   Si      0.70745107    -0.18323203     5.01080825
   Si     -1.27205359     3.21476088     0.79483902
   Si      3.44569260     2.24159566     2.91294577
   Si     -0.14512036    -0.68158024    -0.76263905
   Si     -3.37052937    -3.89361491    -1.98485831
   Si     -0.26993944    -0.15594997     4.34829729
   Si     -2.64531145    -4.19530771     0.15651871
   Si      2.89429292     1.33505044    -4.33986376
   Si     -1.52956680    -3.88344130     2.12290106
   Si     -2.19371099     2.09077408     1.06579460
   Si      5.45713789     3.00259173     3.43147037
   Si     -0.56925603    -5.09578815     2.10648510
   Si     -3.93900943     2.21582398     1.05454016
   Si     -0.73741120    -0.07552464     0.36393593
   Si     -0.79393627    -4.87865730     1.69479738
   Si     -1.41843403     0.97995112    -0.71209454
   Si      0.23176974    -0.80911076    -0.84086391
   Si     -4.64063450     0.17524706    -0.93128920
   Si      1.28506153     6.64422483    -2.02451683
   Si      1.60548093    -2.01298112    -4.98123882
   Si      2.18502900     2.54044875    -5.40669289
   Si     -1.37779886    -0.60870076    -0.36723652
   Si      0.53847157    -0.36425617    -0.83653097
   Si     -1.91837175     3.94844566     3.41467808
   Si      2.78637869    -3.80373482    -6.02362231
   Si     -1.18113507    -2.78942137    -2.16980330
   Si     -3.60294376    -1.24923177    -1.22749502
   Si      0.58326579     0.96959298     1.38306896
   Si     -0.92241778     0.14943946    -1.62810137
   Si      2.90986758    -3.42413707    -0.66100160
   Si      4.90607143     0.68015632    -2.75492206
   Si      2.50143186    -0.12037371    -2.57852658
   Si      1.77710002    -3.25069079     4.58564991
   Si     -5.46988748    -2.79029023    -0.86122965
   Si     -1.64993451    -2.07635003     4.18636064
   Si     -0.93681427     3.30359720    -1.83761974
   Si      1.14200835    -4.76603026     2.82128474
   Si     -1.89907571    -2.18907122     4.80750297
   Si      5.17602205     3.14646637    -5.48257912
   Si     -1.00044153    -3.54043646    -0.02885111
   Si     -4.16891855    -1.45681343     0.27746988
   Si      0.59325408     1.79498750     4.40715991
   Si      1.44771436     0.92570578    -2.19740798
   Si     -2.81563147     0.94441873     2.59970808
   Si     -2.94696957    -2.06333251     5.47589575
   Si     -0.17235875     0.56505563     5.07543832
   Si     -3.82004374     2.96691919    -0.97422022
   Si      3.25221361     4.89753831     7.60366065
   Si     -0.18610940     2.24457820     4.39769576
   Si      1.17326421     3.29583107    -3.65606919
   Si      3.53393509    -0.02906864    -4.88340909
   Si      0.25957778     0.96102903     2.11641923
   Si      0.37332540    -3.44280661    -1.71759304
   Si      1.62118314    -2.36875724     0.63779180
   Si     -4.69255817     4.12474091     0.50976527
   Si      1.66000708     1.12188533    -3.82799684
   Si     -1.79117142    -3.42277731     0.29702411
   Si      1.33574682    -3.11139387    -3.31903080
   Si      3.08387844    -2.64188579    -3.08078593
   Si      3.68284509    -2.69665630    -2.34162018
   Si      0.31723497    -0.95801374    -4.28661321
   Si     -1.46083927     1.00347270     1.39289178
   Si      1.34348146    -2.21736854     3.09907758
   Si     -0.09109948    -2.31663478     0.46041995
   Si      1.72664341    -3.51554187     1.01173568
   Si      3.14836487     1.58406957     0.95814519
   Si     -1.89551541     2.07108606    -4.83670390
   Si      3.71499164     1.50190803    -1.87506426
   Si     -1.72620977     2.19280655     2.82738808
   Si     -4.14918530     2.11715508    -2.02019607
   Si     -2.41837378    -1.12903998     1.66748553
   Si      3.17333659    -4.40810987     3.37605984
   Si      1.66554703    -2.85530390    -1.92406170
   Si     -1.17797031     1.05572463    -1.27428783
   Si      0.97871713     6.32758101     4.20479564
   Si     -1.53464923     2.59271070    -3.74796570
   Si     -2.36774825     0.99514636    -0.98552871
   Si     -1.07025557     3.32171471    -0.71346253
   Si     -4.68196904     1.55541062    -0.89149613
   Si      0.29322721    -4.85601926    -0.10540992
   Si      2.01398604    -0.40539192    -3.55396939
   Si     -0.61833943    -3.57771159     3.60937018
   Si     -2.71333960     1.87321750    -2.29715422
   Si      1.15721081    -3.61250979     0.60353014
   Si      1.43812283     2.66737549     2.20683776
   Si     -2.42089907    -1.30340051     0.46109890
   Si      0.04209659    -4.14964555     5.36854708
   Si     -3.51043414     4.30308911    -1.18411752
   Si      2.84285746    -1.12660500     2.94037040
   Si      1.63514436     0.63052811     4.63036216
   Si      0.00038500    -3.22723956    -0.74217029
   Si      5.55761197    -1.81977152    -0.75484035
   Si     -3.56137428    -1.92962094     2.13053809
   Si      0.38649521    -1.68964439    -0.92053513
   Si     -0.98372279     5.53403019     0.39652739
   Si      0.50399085    -0.40934187    -4.47496481
   Si     -2.02844384    -0.25299079    -3.03191155
   Si     -3.06235180     0.44549401     3.95464400
   Si      2.47757145     2.32169650    -0.12925053
   Si     -1.12094071     0.74484347    -0.72875076
   Si      0.74356083     3.66314966    -2.94270721
   Si      1.08824361    -4.35817517    -3.33280572
   Si      0.46156447     1.70523518     3.71631878
   Si      0.43362908    -2.78191134    -0.98845414
   Si     -4.81173137    -2.59368384    -1.07816564
   Si      2.99726920     5.65582298     0.45319416
   Si     -2.76153479    -2.73684390    -1.82793238
   Si     -3.49209333     2.66289618    -3.68922381
   Si     -2.36076816    -1.39569767     0.80822104
   Si     -1.39548477     0.44251488     3.50453497
   Si     -1.24812242     0.90639086     0.90964042
   Si      2.63427947    -0.48001843    -3.43347490
   Si     -4.24408962    -1.45009949    -1.61972520
   Si     -3.23505482     0.06709455    -1.23782123
   Si     -1.79414241     4.32829519    -1.11692574
   Si     -1.87318535    -2.01645935     2.77701032
   Si      0.52148807     4.03631289     1.81790597
   Si      4.04967577     0.36632411    -3.07584043
   Si     -1.83900047    -0.28112698     2.03009199
   Si     -1.44262979    -1.15164667     0.32821248
   Si     -0.90982705    -3.05764149     0.70638824
   Si     -2.68713355     2.81102185    -1.13621698
   Si      0.34528628    -0.18294287     0.94287126
   Si     -1.77466776    -2.43860978     2.25571952
   Si     -3.11971674    -1.22594361     1.62638982
   Si      1.38815078    -3.65946025    -2.83170174
   Si     -0.56339265     2.03887966    -0.39327675
   Si     -1.15411141     2.85983318     2.57324925
   Si      4.30207128     2.14731561    -2.16299172
   Si     -8.38053238    -4.58961555     2.07405566
   Si      3.08255385    -0.03151975     3.07747546
   Si     -0.49705581    -5.55779908    -4.28841734
   Si     -5.81341271    -3.42809878    -1.14348206
   Si     -0.52969980    -1.53894577     2.89505183
   Si     -0.07126200     3.02048879    -1.99617545
   Si      3.56412424    -3.48718129     2.09414762
   Si     -1.39452627     5.59217181    -0.63970088
   Si     -3.68745172    -0.68193808    -2.11734308
   Si      1.12602692     2.03503545     0.06810627
   Si     -0.89415254    -3.63700304     0.88837581
   Si      2.72133989     2.86323743    -0.46497883
   Si     -2.46741146    -2.49623677    -5.88103496
   Si     -1.85529643    -1.75485583    -5.18165878
   Si      5.69210778     2.18491189     3.97416815
   Si      2.18690915     1.45525695    -1.63048082
   Si     -4.09066744    -0.68127766     2.62012583
   Si      1.04064772     0.46052405     6.31870657
   Si      2.48451778     2.16696055    -3.34318492
   Si      3.00772404     0.86574098     2.74104294
   Si     -4.73492540     1.91879222     0.15259304
   Si      0.45839023     2.27374817     0.96518883
   Si      2.28217257    -1.42591816     0.74806367
   Si      1.38872065     0.17521969    -1.14985051
   Si      2.16479411    -1.17240996     0.50376518
   Si      1.21989598    -2.47171772    -3.31342627
   Si      1.57916194     2.53610517    -0.32521424
   Si     -2.18796179     1.68546591    -0.49067388
   Si      0.71275617     1.66900776     0.11875523
   Si     -3.60755738     1.41810504     0.69596283
   Si      2.59634792     3.70957449     0.63511659
   Si      1.77178880    -3.21122600     1.53864526
   Si      1.17909772     0.53798842     0.56651825
   Si     -0.26710998    -1.82684694    -2.93207943
   Si     -0.27444856     5.52690880     1.85830940
   Si     -0.56654362     0.00488512    -7.40437184
   Si      3.98810766    -0.47340279     4.63067823
   Si      1.52405803    -1.15006887    -1.60986656
   Si      2.13033990    -0.19273811     3.38388123
   Si     -2.14855761     3.96089035     2.29046113
   Si      1.78392157    -0.27734250     0.42283882
   Si     -2.54656688    -2.48116306    -4.58549351
   Si      1.57544778     0.04831745     0.02099781
   Si     -1.03351525    -3.69796442    -1.00732400
   Si     -0.57800425    -2.61902969     4.41138031
   Si      1.94270817    -6.34757500    -2.00762113
   Si     -2.01751765     2.96316753     5.26228786
   Si      1.75535033     2.22761427    -1.30611772
   Si      1.94007212     0.03629479    -4.34665674
   Si     -0.63175135    -1.05112147    -1.05683050
   Si      4.85244501    -3.32421411     0.39186500
   Si     -1.70928347    -2.75974083    -1.44942377
   Si     -0.14438840    -1.41327981     4.14533186
   Si      1.27309353     1.99753911    -0.10194460
   Si     -0.12816980    -0.62158053    -1.10963251
   Si      2.84158114     1.62893578     0.41714695
   Si      0.14885963     3.55394987    -2.74253238
   Si      0.80270705    -1.51469469     2.94774704
   Si     -0.65580035    -2.53114725    -0.63278109
   Si      2.74751689    -1.77906308     1.81601832
   Si     -1.09731024    -0.87120738    -0.07629368
   Si     -2.36102339    -2.41729273    -1.04332698
   Si      2.16896302    -2.89867685     3.87940266
   Si     -0.79699964     1.65579665     2.16281937
   Si     -0.13767650    -2.71625379     2.54926354
   Si      3.05445789     1.94847891     1.27579642
   Si     -2.21542849    -1.54145171    -1.91052240
   Si      3.24524708     0.65564200     2.61971090
   Si     -2.87018115    -1.75218458    -1.67479112
   Si     -0.43869987    -1.96455287     3.83578016
   Si     -1.12447094    -2.04105819     2.35389449
   Si     -1.62205369    -0.49495431     0.45987585
   Si      0.82907273     1.71623040    -0.73534976
   Si     -0.94424564     1.42076550     0.68593256
   Si     -4.13233725     1.04550812     3.75795780
   Si      2.95751511     2.46190306    -0.24497566
   Si      0.37585723    -1.62222068    -4.15423843
   Si     -2.64020177     1.64968607    -1.13133165
   Si     -2.03785266    -0.03036392    -0.75607295
   Si     -2.48867192    -2.11054109    -4.53188197
   Si     -5.15276276     0.78814361     1.28445538
   Si      1.48593210     2.65748900     2.24181698
   Si     -0.30437195    -1.14428171    -1.68816325
   Si     -1.19898377    -1.43531698    -3.82390163
   Si     -0.48221259    -3.73974112     2.13667942
 ZG-velocities vs exact velocities from momentum operator in second quantization:
   Si   2.47158507  2.65438197  2.65056144
   Si   2.61800145  2.61800145  2.61800145
   Si   2.65705375  2.65710925  2.61227941
   Si   2.61803524  2.61803524  2.61803524
