&input
    asr='simple', amass(1)=28.0855,
    flfrc='si.10_10_10.fc', q_in_cryst_coord = .true., q_in_band_form = .true.
    ZG_conf = .true., dimx = 8, dimy=8, dimz = 8, atm_zg(1) = 'Si', synch =.true.,
    error_thresh = 0.02, T = 0.00, incl_qA = .false.
/
       260
  0.000000  0.000000  0.000000 1
  0.000000  0.000000  0.125000 1
  0.000000  0.000000  0.250000 1
  0.000000  0.000000  0.375000 1
  0.000000  0.000000  0.500000 1
  0.000000  0.125000  0.000000 1
  0.000000  0.125000  0.125000 1
  0.000000  0.125000  0.250000 1
  0.000000  0.125000  0.375000 1
  0.000000  0.125000  0.500000 1
  0.000000  0.125000  0.625000 1
  0.000000  0.125000  0.750000 1
  0.000000  0.125000  0.875000 1
  0.000000  0.250000  0.000000 1
  0.000000  0.250000  0.125000 1
  0.000000  0.250000  0.250000 1
  0.000000  0.250000  0.375000 1
  0.000000  0.250000  0.500000 1
  0.000000  0.250000  0.625000 1
  0.000000  0.250000  0.750000 1
  0.000000  0.250000  0.875000 1
  0.000000  0.375000  0.000000 1
  0.000000  0.375000  0.125000 1
  0.000000  0.375000  0.250000 1
  0.000000  0.375000  0.375000 1
  0.000000  0.375000  0.500000 1
  0.000000  0.375000  0.625000 1
  0.000000  0.375000  0.750000 1
  0.000000  0.375000  0.875000 1
  0.000000  0.500000  0.000000 1
  0.000000  0.500000  0.125000 1
  0.000000  0.500000  0.250000 1
  0.000000  0.500000  0.375000 1
  0.000000  0.500000  0.500000 1
  0.125000  0.000000  0.000000 1
  0.125000  0.000000  0.125000 1
  0.125000  0.000000  0.250000 1
  0.125000  0.000000  0.375000 1
  0.125000  0.000000  0.500000 1
  0.125000  0.000000  0.625000 1
  0.125000  0.000000  0.750000 1
  0.125000  0.000000  0.875000 1
  0.125000  0.125000  0.000000 1
  0.125000  0.125000  0.125000 1
  0.125000  0.125000  0.250000 1
  0.125000  0.125000  0.375000 1
  0.125000  0.125000  0.500000 1
  0.125000  0.125000  0.625000 1
  0.125000  0.125000  0.750000 1
  0.125000  0.125000  0.875000 1
  0.125000  0.250000  0.000000 1
  0.125000  0.250000  0.125000 1
  0.125000  0.250000  0.250000 1
  0.125000  0.250000  0.375000 1
  0.125000  0.250000  0.500000 1
  0.125000  0.250000  0.625000 1
  0.125000  0.250000  0.750000 1
  0.125000  0.250000  0.875000 1
  0.125000  0.375000  0.000000 1
  0.125000  0.375000  0.125000 1
  0.125000  0.375000  0.250000 1
  0.125000  0.375000  0.375000 1
  0.125000  0.375000  0.500000 1
  0.125000  0.375000  0.625000 1
  0.125000  0.375000  0.750000 1
  0.125000  0.375000  0.875000 1
  0.125000  0.500000  0.000000 1
  0.125000  0.500000  0.125000 1
  0.125000  0.500000  0.250000 1
  0.125000  0.500000  0.375000 1
  0.125000  0.500000  0.500000 1
  0.125000  0.500000  0.625000 1
  0.125000  0.500000  0.750000 1
  0.125000  0.500000  0.875000 1
  0.125000  0.625000  0.000000 1
  0.125000  0.625000  0.125000 1
  0.125000  0.625000  0.250000 1
  0.125000  0.625000  0.375000 1
  0.125000  0.625000  0.500000 1
  0.125000  0.625000  0.625000 1
  0.125000  0.625000  0.750000 1
  0.125000  0.625000  0.875000 1
  0.125000  0.750000  0.000000 1
  0.125000  0.750000  0.125000 1
  0.125000  0.750000  0.250000 1
  0.125000  0.750000  0.375000 1
  0.125000  0.750000  0.500000 1
  0.125000  0.750000  0.625000 1
  0.125000  0.750000  0.750000 1
  0.125000  0.750000  0.875000 1
  0.125000  0.875000  0.000000 1
  0.125000  0.875000  0.125000 1
  0.125000  0.875000  0.250000 1
  0.125000  0.875000  0.375000 1
  0.125000  0.875000  0.500000 1
  0.125000  0.875000  0.625000 1
  0.125000  0.875000  0.750000 1
  0.125000  0.875000  0.875000 1
  0.250000  0.000000  0.000000 1
  0.250000  0.000000  0.125000 1
  0.250000  0.000000  0.250000 1
  0.250000  0.000000  0.375000 1
  0.250000  0.000000  0.500000 1
  0.250000  0.000000  0.625000 1
  0.250000  0.000000  0.750000 1
  0.250000  0.000000  0.875000 1
  0.250000  0.125000  0.000000 1
  0.250000  0.125000  0.125000 1
  0.250000  0.125000  0.250000 1
  0.250000  0.125000  0.375000 1
  0.250000  0.125000  0.500000 1
  0.250000  0.125000  0.625000 1
  0.250000  0.125000  0.750000 1
  0.250000  0.125000  0.875000 1
  0.250000  0.250000  0.000000 1
  0.250000  0.250000  0.125000 1
  0.250000  0.250000  0.250000 1
  0.250000  0.250000  0.375000 1
  0.250000  0.250000  0.500000 1
  0.250000  0.250000  0.625000 1
  0.250000  0.250000  0.750000 1
  0.250000  0.250000  0.875000 1
  0.250000  0.375000  0.000000 1
  0.250000  0.375000  0.125000 1
  0.250000  0.375000  0.250000 1
  0.250000  0.375000  0.375000 1
  0.250000  0.375000  0.500000 1
  0.250000  0.375000  0.625000 1
  0.250000  0.375000  0.750000 1
  0.250000  0.375000  0.875000 1
  0.250000  0.500000  0.000000 1
  0.250000  0.500000  0.125000 1
  0.250000  0.500000  0.250000 1
  0.250000  0.500000  0.375000 1
  0.250000  0.500000  0.500000 1
  0.250000  0.500000  0.625000 1
  0.250000  0.500000  0.750000 1
  0.250000  0.500000  0.875000 1
  0.250000  0.625000  0.000000 1
  0.250000  0.625000  0.125000 1
  0.250000  0.625000  0.250000 1
  0.250000  0.625000  0.375000 1
  0.250000  0.625000  0.500000 1
  0.250000  0.625000  0.625000 1
  0.250000  0.625000  0.750000 1
  0.250000  0.625000  0.875000 1
  0.250000  0.750000  0.000000 1
  0.250000  0.750000  0.125000 1
  0.250000  0.750000  0.250000 1
  0.250000  0.750000  0.375000 1
  0.250000  0.750000  0.500000 1
  0.250000  0.750000  0.625000 1
  0.250000  0.750000  0.750000 1
  0.250000  0.750000  0.875000 1
  0.250000  0.875000  0.000000 1
  0.250000  0.875000  0.125000 1
  0.250000  0.875000  0.250000 1
  0.250000  0.875000  0.375000 1
  0.250000  0.875000  0.500000 1
  0.250000  0.875000  0.625000 1
  0.250000  0.875000  0.750000 1
  0.250000  0.875000  0.875000 1
  0.375000  0.000000  0.000000 1
  0.375000  0.000000  0.125000 1
  0.375000  0.000000  0.250000 1
  0.375000  0.000000  0.375000 1
  0.375000  0.000000  0.500000 1
  0.375000  0.000000  0.625000 1
  0.375000  0.000000  0.750000 1
  0.375000  0.000000  0.875000 1
  0.375000  0.125000  0.000000 1
  0.375000  0.125000  0.125000 1
  0.375000  0.125000  0.250000 1
  0.375000  0.125000  0.375000 1
  0.375000  0.125000  0.500000 1
  0.375000  0.125000  0.625000 1
  0.375000  0.125000  0.750000 1
  0.375000  0.125000  0.875000 1
  0.375000  0.250000  0.000000 1
  0.375000  0.250000  0.125000 1
  0.375000  0.250000  0.250000 1
  0.375000  0.250000  0.375000 1
  0.375000  0.250000  0.500000 1
  0.375000  0.250000  0.625000 1
  0.375000  0.250000  0.750000 1
  0.375000  0.250000  0.875000 1
  0.375000  0.375000  0.000000 1
  0.375000  0.375000  0.125000 1
  0.375000  0.375000  0.250000 1
  0.375000  0.375000  0.375000 1
  0.375000  0.375000  0.500000 1
  0.375000  0.375000  0.625000 1
  0.375000  0.375000  0.750000 1
  0.375000  0.375000  0.875000 1
  0.375000  0.500000  0.000000 1
  0.375000  0.500000  0.125000 1
  0.375000  0.500000  0.250000 1
  0.375000  0.500000  0.375000 1
  0.375000  0.500000  0.500000 1
  0.375000  0.500000  0.625000 1
  0.375000  0.500000  0.750000 1
  0.375000  0.500000  0.875000 1
  0.375000  0.625000  0.000000 1
  0.375000  0.625000  0.125000 1
  0.375000  0.625000  0.250000 1
  0.375000  0.625000  0.375000 1
  0.375000  0.625000  0.500000 1
  0.375000  0.625000  0.625000 1
  0.375000  0.625000  0.750000 1
  0.375000  0.625000  0.875000 1
  0.375000  0.750000  0.000000 1
  0.375000  0.750000  0.125000 1
  0.375000  0.750000  0.250000 1
  0.375000  0.750000  0.375000 1
  0.375000  0.750000  0.500000 1
  0.375000  0.750000  0.625000 1
  0.375000  0.750000  0.750000 1
  0.375000  0.750000  0.875000 1
  0.375000  0.875000  0.000000 1
  0.375000  0.875000  0.125000 1
  0.375000  0.875000  0.250000 1
  0.375000  0.875000  0.375000 1
  0.375000  0.875000  0.500000 1
  0.375000  0.875000  0.625000 1
  0.375000  0.875000  0.750000 1
  0.375000  0.875000  0.875000 1
  0.500000  0.000000  0.000000 1
  0.500000  0.000000  0.125000 1
  0.500000  0.000000  0.250000 1
  0.500000  0.000000  0.375000 1
  0.500000  0.000000  0.500000 1
  0.500000  0.125000  0.000000 1
  0.500000  0.125000  0.125000 1
  0.500000  0.125000  0.250000 1
  0.500000  0.125000  0.375000 1
  0.500000  0.125000  0.500000 1
  0.500000  0.125000  0.625000 1
  0.500000  0.125000  0.750000 1
  0.500000  0.125000  0.875000 1
  0.500000  0.250000  0.000000 1
  0.500000  0.250000  0.125000 1
  0.500000  0.250000  0.250000 1
  0.500000  0.250000  0.375000 1
  0.500000  0.250000  0.500000 1
  0.500000  0.250000  0.625000 1
  0.500000  0.250000  0.750000 1
  0.500000  0.250000  0.875000 1
  0.500000  0.375000  0.000000 1
  0.500000  0.375000  0.125000 1
  0.500000  0.375000  0.250000 1
  0.500000  0.375000  0.375000 1
  0.500000  0.375000  0.500000 1
  0.500000  0.375000  0.625000 1
  0.500000  0.375000  0.750000 1
  0.500000  0.375000  0.875000 1
  0.500000  0.500000  0.000000 1
  0.500000  0.500000  0.125000 1
  0.500000  0.500000  0.250000 1
  0.500000  0.500000  0.375000 1
  0.500000  0.500000  0.500000 1
