    0.0000  -41.2494
    0.0408  -41.2495
    0.0816  -41.2500
    0.1225  -41.2507
    0.1633  -41.2518
    0.2041  -41.2531
    0.2449  -41.2547
    0.2858  -41.2564
    0.3266  -41.2581
    0.3674  -41.2599
    0.4082  -41.2615
    0.4491  -41.2629
    0.4899  -41.2641
    0.5307  -41.2650
    0.5715  -41.2656
    0.6124  -41.2657
    0.6595  -41.2655
    0.7067  -41.2647
    0.7538  -41.2635
    0.8009  -41.2620
    0.8481  -41.2604
    0.8952  -41.2589
    0.9424  -41.2576
    0.9895  -41.2567
    1.0366  -41.2561
    1.0838  -41.2558
    1.1309  -41.2558
    1.1781  -41.2560
    1.2252  -41.2562
    1.2723  -41.2564
    1.3195  -41.2565
    1.3567  -41.2564
    1.3940  -41.2561
    1.4313  -41.2556
    1.4686  -41.2550
    1.5058  -41.2543
    1.5431  -41.2537
    1.5804  -41.2531
    1.6176  -41.2526
    1.6549  -41.2523
    1.6922  -41.2521
    1.7294  -41.2521
    1.7667  -41.2521
    1.8040  -41.2523
    1.8412  -41.2525
    1.8785  -41.2528
    1.9285  -41.2522
    1.9785  -41.2518
    2.0285  -41.2517
    2.0785  -41.2520
    2.1285  -41.2526
    2.1785  -41.2536
    2.2285  -41.2550
    2.2785  -41.2566
    2.3285  -41.2584
    2.3785  -41.2603
    2.4285  -41.2620
    2.4785  -41.2636
    2.5285  -41.2647
    2.5785  -41.2655
    2.6285  -41.2657
 
    0.0000  -41.2494
    0.0408  -41.2495
    0.0816  -41.2500
    0.1225  -41.2507
    0.1633  -41.2518
    0.2041  -41.2531
    0.2449  -41.2547
    0.2858  -41.2564
    0.3266  -41.2581
    0.3674  -41.2599
    0.4082  -41.2615
    0.4491  -41.2629
    0.4899  -41.2641
    0.5307  -41.2650
    0.5715  -41.2656
    0.6124  -41.2657
    0.6595  -41.2655
    0.7067  -41.2646
    0.7538  -41.2633
    0.8009  -41.2618
    0.8481  -41.2601
    0.8952  -41.2585
    0.9424  -41.2570
    0.9895  -41.2559
    1.0366  -41.2552
    1.0838  -41.2548
    1.1309  -41.2547
    1.1781  -41.2548
    1.2252  -41.2549
    1.2723  -41.2551
    1.3195  -41.2551
    1.3567  -41.2550
    1.3940  -41.2548
    1.4313  -41.2543
    1.4686  -41.2538
    1.5058  -41.2532
    1.5431  -41.2526
    1.5804  -41.2521
    1.6176  -41.2517
    1.6549  -41.2514
    1.6922  -41.2512
    1.7294  -41.2513
    1.7667  -41.2515
    1.8040  -41.2517
    1.8412  -41.2521
    1.8785  -41.2525
    1.9285  -41.2514
    1.9785  -41.2507
    2.0285  -41.2502
    2.0785  -41.2501
    2.1285  -41.2506
    2.1785  -41.2515
    2.2285  -41.2528
    2.2785  -41.2546
    2.3285  -41.2567
    2.3785  -41.2589
    2.4285  -41.2611
    2.4785  -41.2630
    2.5285  -41.2645
    2.5785  -41.2654
    2.6285  -41.2657
 
    0.0000  -41.2449
    0.0408  -41.2449
    0.0816  -41.2452
    0.1225  -41.2456
    0.1633  -41.2460
    0.2041  -41.2473
    0.2449  -41.2496
    0.2858  -41.2521
    0.3266  -41.2547
    0.3674  -41.2572
    0.4082  -41.2596
    0.4491  -41.2617
    0.4899  -41.2634
    0.5307  -41.2647
    0.5715  -41.2655
    0.6124  -41.2657
    0.6595  -41.2655
    0.7067  -41.2646
    0.7538  -41.2633
    0.8009  -41.2618
    0.8481  -41.2601
    0.8952  -41.2585
    0.9424  -41.2570
    0.9895  -41.2559
    1.0366  -41.2552
    1.0838  -41.2548
    1.1309  -41.2547
    1.1781  -41.2548
    1.2252  -41.2549
    1.2723  -41.2551
    1.3195  -41.2551
    1.3567  -41.2550
    1.3940  -41.2547
    1.4313  -41.2543
    1.4686  -41.2536
    1.5058  -41.2529
    1.5431  -41.2521
    1.5804  -41.2513
    1.6176  -41.2505
    1.6549  -41.2499
    1.6922  -41.2495
    1.7294  -41.2493
    1.7667  -41.2493
    1.8040  -41.2495
    1.8412  -41.2498
    1.8785  -41.2503
    1.9285  -41.2489
    1.9785  -41.2479
    2.0285  -41.2472
    2.0785  -41.2471
    2.1285  -41.2476
    2.1785  -41.2488
    2.2285  -41.2505
    2.2785  -41.2527
    2.3285  -41.2552
    2.3785  -41.2578
    2.4285  -41.2603
    2.4785  -41.2625
    2.5285  -41.2643
    2.5785  -41.2654
    2.6285  -41.2657
 
    0.0000  -41.2449
    0.0408  -41.2449
    0.0816  -41.2452
    0.1225  -41.2456
    0.1633  -41.2460
    0.2041  -41.2466
    0.2449  -41.2471
    0.2858  -41.2477
    0.3266  -41.2482
    0.3674  -41.2487
    0.4082  -41.2492
    0.4491  -41.2496
    0.4899  -41.2499
    0.5307  -41.2502
    0.5715  -41.2503
    0.6124  -41.2504
    0.6595  -41.2504
    0.7067  -41.2503
    0.7538  -41.2502
    0.8009  -41.2502
    0.8481  -41.2501
    0.8952  -41.2501
    0.9424  -41.2502
    0.9895  -41.2503
    1.0366  -41.2504
    1.0838  -41.2506
    1.1309  -41.2508
    1.1781  -41.2510
    1.2252  -41.2512
    1.2723  -41.2513
    1.3195  -41.2513
    1.3567  -41.2513
    1.3940  -41.2511
    1.4313  -41.2508
    1.4686  -41.2504
    1.5058  -41.2500
    1.5431  -41.2495
    1.5804  -41.2490
    1.6176  -41.2485
    1.6549  -41.2481
    1.6922  -41.2479
    1.7294  -41.2478
    1.7667  -41.2479
    1.8040  -41.2482
    1.8412  -41.2485
    1.8785  -41.2488
    1.9285  -41.2479
    1.9785  -41.2471
    2.0285  -41.2464
    2.0785  -41.2460
    2.1285  -41.2463
    2.1785  -41.2469
    2.2285  -41.2476
    2.2785  -41.2482
    2.3285  -41.2487
    2.3785  -41.2492
    2.4285  -41.2496
    2.4785  -41.2499
    2.5285  -41.2502
    2.5785  -41.2503
    2.6285  -41.2504
 
    0.0000  -41.2411
    0.0408  -41.2414
    0.0816  -41.2422
    0.1225  -41.2435
    0.1633  -41.2452
    0.2041  -41.2466
    0.2449  -41.2471
    0.2858  -41.2477
    0.3266  -41.2482
    0.3674  -41.2487
    0.4082  -41.2492
    0.4491  -41.2496
    0.4899  -41.2499
    0.5307  -41.2502
    0.5715  -41.2503
    0.6124  -41.2504
    0.6595  -41.2503
    0.7067  -41.2499
    0.7538  -41.2493
    0.8009  -41.2486
    0.8481  -41.2478
    0.8952  -41.2469
    0.9424  -41.2460
    0.9895  -41.2451
    1.0366  -41.2443
    1.0838  -41.2436
    1.1309  -41.2430
    1.1781  -41.2425
    1.2252  -41.2422
    1.2723  -41.2420
    1.3195  -41.2420
    1.3567  -41.2420
    1.3940  -41.2421
    1.4313  -41.2422
    1.4686  -41.2424
    1.5058  -41.2427
    1.5431  -41.2430
    1.5804  -41.2433
    1.6176  -41.2436
    1.6549  -41.2438
    1.6922  -41.2439
    1.7294  -41.2439
    1.7667  -41.2438
    1.8040  -41.2436
    1.8412  -41.2434
    1.8785  -41.2432
    1.9285  -41.2438
    1.9785  -41.2443
    2.0285  -41.2450
    2.0785  -41.2456
    2.1285  -41.2458
    2.1785  -41.2460
    2.2285  -41.2463
    2.2785  -41.2468
    2.3285  -41.2475
    2.3785  -41.2482
    2.4285  -41.2489
    2.4785  -41.2495
    2.5285  -41.2500
    2.5785  -41.2503
    2.6285  -41.2504
 
    0.0000  -19.2535
    0.0408  -19.2535
    0.0816  -19.2533
    0.1225  -19.2530
    0.1633  -19.2526
    0.2041  -19.2522
    0.2449  -19.2517
    0.2858  -19.2513
    0.3266  -19.2508
    0.3674  -19.2504
    0.4082  -19.2501
    0.4491  -19.2499
    0.4899  -19.2497
    0.5307  -19.2495
    0.5715  -19.2494
    0.6124  -19.2494
    0.6595  -19.2497
    0.7067  -19.2504
    0.7538  -19.2516
    0.8009  -19.2533
    0.8481  -19.2553
    0.8952  -19.2576
    0.9424  -19.2602
    0.9895  -19.2628
    1.0366  -19.2655
    1.0838  -19.2680
    1.1309  -19.2703
    1.1781  -19.2722
    1.2252  -19.2736
    1.2723  -19.2745
    1.3195  -19.2748
    1.3567  -19.2746
    1.3940  -19.2739
    1.4313  -19.2729
    1.4686  -19.2715
    1.5058  -19.2699
    1.5431  -19.2681
    1.5804  -19.2664
    1.6176  -19.2647
    1.6549  -19.2635
    1.6922  -19.2629
    1.7294  -19.2629
    1.7667  -19.2636
    1.8040  -19.2646
    1.8412  -19.2657
    1.8785  -19.2667
    1.9285  -19.2639
    1.9785  -19.2611
    2.0285  -19.2584
    2.0785  -19.2559
    2.1285  -19.2537
    2.1785  -19.2532
    2.2285  -19.2536
    2.2785  -19.2535
    2.3285  -19.2531
    2.3785  -19.2524
    2.4285  -19.2515
    2.4785  -19.2507
    2.5285  -19.2500
    2.5785  -19.2496
    2.6285  -19.2494
 
    0.0000  -19.2535
    0.0408  -19.2535
    0.0816  -19.2533
    0.1225  -19.2530
    0.1633  -19.2526
    0.2041  -19.2522
    0.2449  -19.2517
    0.2858  -19.2513
    0.3266  -19.2508
    0.3674  -19.2504
    0.4082  -19.2501
    0.4491  -19.2499
    0.4899  -19.2497
    0.5307  -19.2495
    0.5715  -19.2494
    0.6124  -19.2494
    0.6595  -19.2492
    0.7067  -19.2487
    0.7538  -19.2478
    0.8009  -19.2467
    0.8481  -19.2454
    0.8952  -19.2439
    0.9424  -19.2424
    0.9895  -19.2408
    1.0366  -19.2394
    1.0838  -19.2381
    1.1309  -19.2370
    1.1781  -19.2361
    1.2252  -19.2355
    1.2723  -19.2351
    1.3195  -19.2350
    1.3567  -19.2351
    1.3940  -19.2357
    1.4313  -19.2365
    1.4686  -19.2377
    1.5058  -19.2390
    1.5431  -19.2406
    1.5804  -19.2422
    1.6176  -19.2437
    1.6549  -19.2448
    1.6922  -19.2454
    1.7294  -19.2454
    1.7667  -19.2448
    1.8040  -19.2440
    1.8412  -19.2430
    1.8785  -19.2421
    1.9285  -19.2446
    1.9785  -19.2469
    2.0285  -19.2491
    2.0785  -19.2509
    2.1285  -19.2523
    2.1785  -19.2519
    2.2285  -19.2504
    2.2785  -19.2494
    2.3285  -19.2488
    2.3785  -19.2486
    2.4285  -19.2486
    2.4785  -19.2488
    2.5285  -19.2491
    2.5785  -19.2493
    2.6285  -19.2494
 
    0.0000  -19.1348
    0.0408  -19.1340
    0.0816  -19.1319
    0.1225  -19.1284
    0.1633  -19.1237
    0.2041  -19.1180
    0.2449  -19.1116
    0.2858  -19.1048
    0.3266  -19.0978
    0.3674  -19.0909
    0.4082  -19.0846
    0.4491  -19.0789
    0.4899  -19.0742
    0.5307  -19.0707
    0.5715  -19.0685
    0.6124  -19.0678
    0.6595  -19.0689
    0.7067  -19.0723
    0.7538  -19.0777
    0.8009  -19.0849
    0.8481  -19.0937
    0.8952  -19.1035
    0.9424  -19.1140
    0.9895  -19.1247
    1.0366  -19.1352
    1.0838  -19.1450
    1.1309  -19.1536
    1.1781  -19.1607
    1.2252  -19.1661
    1.2723  -19.1693
    1.3195  -19.1704
    1.3567  -19.1694
    1.3940  -19.1664
    1.4313  -19.1615
    1.4686  -19.1549
    1.5058  -19.1468
    1.5431  -19.1374
    1.5804  -19.1272
    1.6176  -19.1163
    1.6549  -19.1051
    1.6922  -19.0941
    1.7294  -19.0998
    1.7667  -19.1090
    1.8040  -19.1172
    1.8412  -19.1241
    1.8785  -19.1295
    1.9285  -19.1152
    1.9785  -19.1010
    2.0285  -19.0877
    2.0785  -19.0959
    2.1285  -19.1014
    2.1785  -19.1039
    2.2285  -19.1037
    2.2785  -19.1008
    2.3285  -19.0960
    2.3785  -19.0899
    2.4285  -19.0834
    2.4785  -19.0772
    2.5285  -19.0722
    2.5785  -19.0689
    2.6285  -19.0678
 
    0.0000  -19.0335
    0.0408  -19.0339
    0.0816  -19.0350
    0.1225  -19.0369
    0.1633  -19.0394
    0.2041  -19.0424
    0.2449  -19.0457
    0.2858  -19.0493
    0.3266  -19.0529
    0.3674  -19.0563
    0.4082  -19.0596
    0.4491  -19.0624
    0.4899  -19.0647
    0.5307  -19.0664
    0.5715  -19.0675
    0.6124  -19.0678
    0.6595  -19.0673
    0.7067  -19.0656
    0.7538  -19.0630
    0.8009  -19.0594
    0.8481  -19.0551
    0.8952  -19.0502
    0.9424  -19.0450
    0.9895  -19.0396
    1.0366  -19.0343
    1.0838  -19.0294
    1.1309  -19.0250
    1.1781  -19.0213
    1.2252  -19.0186
    1.2723  -19.0169
    1.3195  -19.0163
    1.3567  -19.0173
    1.3940  -19.0202
    1.4313  -19.0250
    1.4686  -19.0315
    1.5058  -19.0393
    1.5431  -19.0484
    1.5804  -19.0583
    1.6176  -19.0688
    1.6549  -19.0794
    1.6922  -19.0899
    1.7294  -19.0836
    1.7667  -19.0740
    1.8040  -19.0655
    1.8412  -19.0586
    1.8785  -19.0535
    1.9285  -19.0657
    1.9785  -19.0775
    2.0285  -19.0877
    2.0785  -19.0761
    2.1285  -19.0668
    2.1785  -19.0601
    2.2285  -19.0561
    2.2785  -19.0546
    2.3285  -19.0551
    2.3785  -19.0570
    2.4285  -19.0605
    2.4785  -19.0636
    2.5285  -19.0659
    2.5785  -19.0673
    2.6285  -19.0678
 
    0.0000  -19.0335
    0.0408  -19.0339
    0.0816  -19.0350
    0.1225  -19.0369
    0.1633  -19.0394
    0.2041  -19.0424
    0.2449  -19.0457
    0.2858  -19.0493
    0.3266  -19.0529
    0.3674  -19.0563
    0.4082  -19.0596
    0.4491  -19.0624
    0.4899  -19.0647
    0.5307  -19.0664
    0.5715  -19.0675
    0.6124  -19.0678
    0.6595  -19.0673
    0.7067  -19.0656
    0.7538  -19.0630
    0.8009  -19.0594
    0.8481  -19.0551
    0.8952  -19.0502
    0.9424  -19.0450
    0.9895  -19.0396
    1.0366  -19.0343
    1.0838  -19.0294
    1.1309  -19.0250
    1.1781  -19.0213
    1.2252  -19.0186
    1.2723  -19.0169
    1.3195  -19.0163
    1.3567  -19.0163
    1.3940  -19.0165
    1.4313  -19.0167
    1.4686  -19.0170
    1.5058  -19.0173
    1.5431  -19.0177
    1.5804  -19.0181
    1.6176  -19.0186
    1.6549  -19.0191
    1.6922  -19.0196
    1.7294  -19.0201
    1.7667  -19.0205
    1.8040  -19.0207
    1.8412  -19.0207
    1.8785  -19.0203
    1.9285  -19.0223
    1.9785  -19.0248
    2.0285  -19.0278
    2.0785  -19.0312
    2.1285  -19.0351
    2.1785  -19.0393
    2.2285  -19.0437
    2.2785  -19.0482
    2.3285  -19.0526
    2.3785  -19.0568
    2.4285  -19.0599
    2.4785  -19.0628
    2.5285  -19.0654
    2.5785  -19.0672
    2.6285  -19.0678
 
    0.0000   -7.5468
    0.0408   -7.5919
    0.0816   -7.7147
    0.1225   -7.8878
    0.1633   -8.0835
    0.2041   -8.2824
    0.2449   -8.4723
    0.2858   -8.6466
    0.3266   -8.8020
    0.3674   -8.9370
    0.4082   -9.0510
    0.4491   -9.1440
    0.4899   -9.2161
    0.5307   -9.2674
    0.5715   -9.2982
    0.6124   -9.3084
    0.6595   -9.2948
    0.7067   -9.2537
    0.7538   -9.1853
    0.8009   -9.0890
    0.8481   -8.9648
    0.8952   -8.8121
    0.9424   -8.6308
    0.9895   -8.4208
    1.0366   -8.1830
    1.0838   -7.9202
    1.1309   -7.6386
    1.1781   -7.3514
    1.2252   -7.0847
    1.2723   -6.8839
    1.3195   -6.8069
    1.3567   -6.8120
    1.3940   -6.8263
    1.4313   -6.8471
    1.4686   -6.8711
    1.5058   -6.8950
    1.5431   -6.9160
    1.5804   -6.9325
    1.6176   -6.9434
    1.6549   -6.9486
    1.6922   -6.9483
    1.7294   -6.9430
    1.7667   -6.9333
    1.8040   -6.9198
    1.8412   -6.9032
    1.8785   -6.8843
    1.9285   -6.9628
    1.9785   -7.0890
    2.0285   -7.2699
    2.0785   -7.5001
    2.1285   -7.7622
    2.1785   -8.0341
    2.2285   -8.2963
    2.2785   -8.5353
    2.3285   -8.7438
    2.3785   -8.9190
    2.4285   -9.0606
    2.4785   -9.1696
    2.5285   -9.2469
    2.5785   -9.2930
    2.6285   -9.3084
 
    0.0000   -3.2289
    0.0408   -3.1297
    0.0816   -2.8465
    0.1225   -2.4142
    0.1633   -1.8715
    0.2041   -1.2531
    0.2449   -0.5895
    0.2858    0.0920
    0.3266    0.7660
    0.3674    1.4082
    0.4082    1.9959
    0.4491    2.5084
    0.4899    2.9275
    0.5307    3.2381
    0.5715    3.4291
    0.6124    3.4936
    0.6595    3.4324
    0.7067    3.2509
    0.7538    2.9547
    0.8009    2.5533
    0.8481    2.0593
    0.8952    1.4880
    0.9424    0.8573
    0.9895    0.1865
    1.0366   -0.5032
    1.0838   -1.1893
    1.1309   -1.8468
    1.1781   -2.4454
    1.2252   -2.9452
    1.2723   -3.2902
    1.3195   -3.4160
    1.3567   -3.4000
    1.3940   -3.3544
    1.4313   -3.2861
    1.4686   -3.2051
    1.5058   -3.1224
    1.5431   -3.0484
    1.5804   -2.9908
    1.6176   -2.9541
    1.6549   -2.9391
    1.6922   -2.9436
    1.7294   -2.9635
    1.7667   -2.9940
    1.8040   -3.0301
    1.8412   -3.0676
    1.8785   -3.1025
    1.9285   -2.9962
    1.9785   -2.8522
    2.0285   -2.6320
    2.0785   -2.3032
    2.1285   -1.8534
    2.1785   -1.2906
    2.2285   -0.6375
    2.2785    0.0738
    2.3285    0.8056
    2.3785    1.5174
    2.4285    2.1685
    2.4785    2.7207
    2.5285    3.1411
    2.5785    3.4041
    2.6285    3.4936
 
    0.0000    2.3419
    0.0408    2.3545
    0.0816    2.3917
    0.1225    2.4518
    0.1633    2.5324
    0.2041    2.6298
    0.2449    2.7398
    0.2858    2.8575
    0.3266    2.9779
    0.3674    3.0957
    0.4082    3.2056
    0.4491    3.3030
    0.4899    3.3836
    0.5307    3.4438
    0.5715    3.4810
    0.6124    3.4936
    0.6595    3.4644
    0.7067    3.3781
    0.7538    3.2384
    0.8009    3.0512
    0.8481    2.8244
    0.8952    2.5678
    0.9424    2.2924
    0.9895    2.0102
    1.0366    1.7336
    1.0838    1.4746
    1.1309    1.2449
    1.1781    1.0545
    1.2252    0.9120
    1.2723    0.8239
    1.3195    0.7941
    1.3567    0.7882
    1.3940    0.7708
    1.4313    0.7431
    1.4686    0.7065
    1.5058    0.6628
    1.5431    0.6142
    1.5804    0.5624
    1.6176    0.5097
    1.6549    0.4579
    1.6922    0.4095
    1.7294    0.3668
    1.7667    0.3325
    1.8040    0.3095
    1.8412    0.3005
    1.8785    0.3080
    1.9285    0.3054
    1.9785    0.4032
    2.0285    0.5936
    2.0785    0.8539
    2.1285    1.1590
    2.1785    1.4872
    2.2285    1.8219
    2.2785    2.1504
    2.3285    2.4624
    2.3785    2.7487
    2.4285    3.0003
    2.4785    3.2082
    2.5285    3.3641
    2.5785    3.4608
    2.6285    3.4936
 
    0.0000    2.3419
    0.0408    2.3545
    0.0816    2.3917
    0.1225    2.4518
    0.1633    2.5324
    0.2041    2.6298
    0.2449    2.7398
    0.2858    2.8575
    0.3266    2.9779
    0.3674    3.0957
    0.4082    3.2056
    0.4491    3.3030
    0.4899    3.3836
    0.5307    3.4438
    0.5715    3.4810
    0.6124    3.4936
    0.6595    3.4644
    0.7067    3.3781
    0.7538    3.2384
    0.8009    3.0512
    0.8481    2.8244
    0.8952    2.5678
    0.9424    2.2924
    0.9895    2.0102
    1.0366    1.7336
    1.0838    1.4746
    1.1309    1.2449
    1.1781    1.0545
    1.2252    0.9120
    1.2723    0.8239
    1.3195    0.7941
    1.3567    0.7965
    1.3940    0.8044
    1.4313    0.8194
    1.4686    0.8436
    1.5058    0.8796
    1.5431    0.9287
    1.5804    0.9907
    1.6176    1.0629
    1.6549    1.1398
    1.6922    1.2140
    1.7294    1.2772
    1.7667    1.3215
    1.8040    1.3401
    1.8412    1.3285
    1.8785    1.2846
    1.9285    1.4751
    1.9785    1.6822
    2.0285    1.8990
    2.0785    2.1185
    2.1285    2.3343
    2.1785    2.5408
    2.2285    2.7332
    2.2785    2.9078
    2.3285    3.0618
    2.3785    3.1935
    2.4285    3.3016
    2.4785    3.3857
    2.5285    3.4457
    2.5785    3.4816
    2.6285    3.4936
 
