# final state angular momentum:   1
# broadening parameter (in eV):   0.800000000000    
# absorbing atom type:   1
# Energy (eV)   sigma
  -10.00000000    0.02260301
   -9.86622074    0.02293596
   -9.73244147    0.02308971
   -9.59866221    0.02307273
   -9.46488294    0.02302227
   -9.33110368    0.02313082
   -9.19732441    0.02356614
   -9.06354515    0.02443457
   -8.92976589    0.02577526
   -8.79598662    0.02755572
   -8.66220736    0.02966159
   -8.52842809    0.03190411
   -8.39464883    0.03408134
   -8.26086957    0.03608175
   -8.12709030    0.03793209
   -7.99331104    0.03971407
   -7.85953177    0.04142609
   -7.72575251    0.04293795
   -7.59197324    0.04408009
   -7.45819398    0.04477525
   -7.32441472    0.04511190
   -7.19063545    0.04533954
   -7.05685619    0.04579884
   -6.92307692    0.04680309
   -6.78929766    0.04851335
   -6.65551839    0.05084906
   -6.52173913    0.05345740
   -6.38795987    0.05578910
   -6.25418060    0.05731885
   -6.12040134    0.05781521
   -5.98662207    0.05744379
   -5.85284281    0.05663788
   -5.71906355    0.05589360
   -5.58528428    0.05561220
   -5.45150502    0.05599748
   -5.31772575    0.05701789
   -5.18394649    0.05846357
   -5.05016722    0.06008580
   -4.91638796    0.06173923
   -4.78260870    0.06342968
   -4.64882943    0.06522980
   -4.51505017    0.06710389
   -4.38127090    0.06876096
   -4.24749164    0.06968564
   -4.11371237    0.06939022
   -3.97993311    0.06772766
   -3.84615385    0.06499614
   -3.71237458    0.06173687
   -3.57859532    0.05844187
   -3.44481605    0.05543043
   -3.31103679    0.05289304
   -3.17725753    0.05093312
   -3.04347826    0.04954134
   -2.90969900    0.04858218
   -2.77591973    0.04785685
   -2.64214047    0.04719437
   -2.50836120    0.04649281
   -2.37458194    0.04570017
   -2.24080268    0.04476303
   -2.10702341    0.04357184
   -1.97324415    0.04196212
   -1.83946488    0.03981376
   -1.70568562    0.03717293
   -1.57190635    0.03427070
   -1.43812709    0.03141590
   -1.30434783    0.02886166
   -1.17056856    0.02673546
   -1.03678930    0.02503447
   -0.90301003    0.02364971
   -0.76923077    0.02240613
   -0.63545151    0.02112954
   -0.50167224    0.01972591
   -0.36789298    0.01821604
   -0.23411371    0.01669477
   -0.10033445    0.01526098
    0.03344482    0.01397663
    0.16722408    0.01286341
    0.30100334    0.01191663
    0.43478261    0.01111913
    0.56856187    0.01045017
    0.70234114    0.00988992
    0.83612040    0.00942110
    0.96989967    0.00902939
    1.10367893    0.00870318
    1.23745819    0.00843323
    1.37123746    0.00821218
    1.50501672    0.00803428
    1.63879599    0.00789503
    1.77257525    0.00779099
    1.90635452    0.00771959
    2.04013378    0.00767900
    2.17391304    0.00766806
    2.30769231    0.00768621
    2.44147157    0.00773346
    2.57525084    0.00781039
    2.70903010    0.00791818
    2.84280936    0.00805867
    2.97658863    0.00823444
    3.11036789    0.00844892
    3.24414716    0.00870656
    3.37792642    0.00901311
    3.51170569    0.00937584
    3.64548495    0.00980392
    3.77926421    0.01030890
    3.91304348    0.01090513
    4.04682274    0.01161017
    4.18060201    0.01244475
    4.31438127    0.01343193
    4.44816054    0.01459406
    4.58193980    0.01594625
    4.71571906    0.01748525
    4.84949833    0.01917576
    4.98327759    0.02094421
    5.11705686    0.02269547
    5.25083612    0.02435635
    5.38461538    0.02591801
    5.51839465    0.02743202
    5.65217391    0.02895362
    5.78595318    0.03048998
    5.91973244    0.03201473
    6.05351171    0.03353015
    6.18729097    0.03509296
    6.32107023    0.03676826
    6.45484950    0.03858003
    6.58862876    0.04051984
    6.72240803    0.04258166
    6.85618729    0.04476978
    6.98996656    0.04709987
    7.12374582    0.04962101
    7.25752508    0.05241073
    7.39130435    0.05549991
    7.52508361    0.05878659
    7.65886288    0.06203655
    7.79264214    0.06497212
    7.92642140    0.06734997
    8.06020067    0.06899228
    8.19397993    0.06984327
    8.32775920    0.07003874
    8.46153846    0.06987871
    8.59531773    0.06971373
    8.72909699    0.06986493
    8.86287625    0.07060381
    8.99665552    0.07211303
    9.13043478    0.07437597
    9.26421405    0.07706216
    9.39799331    0.07953636
    9.53177258    0.08105442
    9.66555184    0.08105498
    9.79933110    0.07938012
    9.93311037    0.07632773
   10.06688963    0.07251862
   10.20066890    0.06864167
   10.33444816    0.06522849
   10.46822742    0.06257069
   10.60200669    0.06074729
   10.73578595    0.05966638
   10.86956522    0.05911155
   11.00334448    0.05885131
   11.13712375    0.05879484
   11.27090301    0.05906225
   11.40468227    0.05988846
   11.53846154    0.06145609
   11.67224080    0.06379909
   11.80602007    0.06683188
   11.93979933    0.07045932
   12.07357860    0.07464644
   12.20735786    0.07934096
   12.34113712    0.08431510
   12.47491639    0.08911919
   12.60869565    0.09323204
   12.74247492    0.09626281
   12.87625418    0.09800747
   13.01003344    0.09838483
   13.14381271    0.09740443
   13.27759197    0.09516125
   13.41137124    0.09182397
   13.54515050    0.08769433
   13.67892977    0.08327897
   13.81270903    0.07919946
   13.94648829    0.07597976
   14.08026756    0.07391021
   14.21404682    0.07306959
   14.34782609    0.07342859
   14.48160535    0.07489961
   14.61538462    0.07726415
   14.74916388    0.08005612
   14.88294314    0.08257091
   15.01672241    0.08409460
   15.15050167    0.08423254
   15.28428094    0.08305719
   15.41806020    0.08094394
   15.55183946    0.07825817
   15.68561873    0.07513827
   15.81939799    0.07149694
   15.95317726    0.06719835
   16.08695652    0.06225330
   16.22073579    0.05689752
   16.35451505    0.05151948
   16.48829431    0.04650470
   16.62207358    0.04211600
   16.75585284    0.03846883
   16.88963211    0.03557133
   17.02341137    0.03337483
   17.15719064    0.03180658
   17.29096990    0.03078048
   17.42474916    0.03019077
   17.55852843    0.02990039
   17.69230769    0.02974477
   17.82608696    0.02957398
   17.95986622    0.02932175
   18.09364548    0.02904222
   18.22742475    0.02887431
   18.36120401    0.02897193
   18.49498328    0.02945975
   18.62876254    0.03042640
   18.76254181    0.03193243
   18.89632107    0.03401141
   19.03010033    0.03665217
   19.16387960    0.03976223
   19.29765886    0.04313099
   19.43143813    0.04644453
   19.56521739    0.04940519
   19.69899666    0.05191133
   19.83277592    0.05412009
   19.96655518    0.05629042
   20.10033445    0.05854019
   20.23411371    0.06073033
   20.36789298    0.06256242
   20.50167224    0.06380952
   20.63545151    0.06448255
   20.76923077    0.06480194
   20.90301003    0.06503857
   21.03678930    0.06535922
   21.17056856    0.06576710
   21.30434783    0.06616460
   21.43812709    0.06648052
   21.57190635    0.06675997
   21.70568562    0.06715007
   21.83946488    0.06779704
   21.97324415    0.06875971
   22.10702341    0.07001233
   22.24080268    0.07147393
   22.37458194    0.07299132
   22.50836120    0.07435199
   22.64214047    0.07541950
   22.77591973    0.07628409
   22.90969900    0.07722910
   23.04347826    0.07849058
   23.17725753    0.07999696
   23.31103679    0.08130565
   23.44481605    0.08181864
   23.57859532    0.08113548
   23.71237458    0.07925094
   23.84615385    0.07645354
   23.97993311    0.07307713
   24.11371237    0.06935031
   24.24749164    0.06543942
   24.38127090    0.06156835
   24.51505017    0.05803395
   24.64882943    0.05508435
   24.78260870    0.05278018
   24.91638796    0.05094874
   25.05016722    0.04926747
   25.18394649    0.04745083
   25.31772575    0.04543114
   25.45150502    0.04338881
   25.58528428    0.04162017
   25.71906355    0.04037386
   25.85284281    0.03975681
   25.98662207    0.03970535
   26.12040134    0.03998425
   26.25418060    0.04021555
   26.38795987    0.03997943
   26.52173913    0.03899049
   26.65551839    0.03723721
   26.78929766    0.03495668
   26.92307692    0.03247993
   27.05685619    0.03009669
   27.19063545    0.02800988
   27.32441472    0.02634307
   27.45819398    0.02515692
   27.59197324    0.02446104
   27.72575251    0.02421754
   27.85953177    0.02433113
   27.99331104    0.02463209
   28.12709030    0.02487882
   28.26086957    0.02481963
   28.39464883    0.02430986
   28.52842809    0.02339452
   28.66220736    0.02226806
   28.79598662    0.02115108
   28.92976589    0.02019309
   29.06354515    0.01944616
   29.19732441    0.01888811
   29.33110368    0.01846423
   29.46488294    0.01812306
   29.59866221    0.01782967
   29.73244147    0.01756345
   29.86622074    0.01731579
   30.00000000    0.01708476
