# final state angular momentum:   1
# broadening parameter (in eV):   0.800000000000    
# absorbing atom type:   1
# Energy (eV)   sigma
  -10.00000000    0.00120003
   -9.95995996    0.00120430
   -9.91991992    0.00120860
   -9.87987988    0.00121293
   -9.83983984    0.00121728
   -9.79979980    0.00122166
   -9.75975976    0.00122607
   -9.71971972    0.00123050
   -9.67967968    0.00123496
   -9.63963964    0.00123945
   -9.59959960    0.00124397
   -9.55955956    0.00124851
   -9.51951952    0.00125308
   -9.47947948    0.00125769
   -9.43943944    0.00126232
   -9.39939940    0.00126698
   -9.35935936    0.00127167
   -9.31931932    0.00127639
   -9.27927928    0.00128114
   -9.23923924    0.00128592
   -9.19919920    0.00129073
   -9.15915916    0.00129557
   -9.11911912    0.00130044
   -9.07907908    0.00130535
   -9.03903904    0.00131029
   -8.99899900    0.00131525
   -8.95895896    0.00132025
   -8.91891892    0.00132529
   -8.87887888    0.00133035
   -8.83883884    0.00133545
   -8.79879880    0.00134059
   -8.75875876    0.00134575
   -8.71871872    0.00135095
   -8.67867868    0.00135619
   -8.63863864    0.00136146
   -8.59859860    0.00136676
   -8.55855856    0.00137210
   -8.51851852    0.00137748
   -8.47847848    0.00138289
   -8.43843844    0.00138834
   -8.39839840    0.00139383
   -8.35835836    0.00139935
   -8.31831832    0.00140491
   -8.27827828    0.00141051
   -8.23823824    0.00141615
   -8.19819820    0.00142183
   -8.15815816    0.00142754
   -8.11811812    0.00143330
   -8.07807808    0.00143909
   -8.03803804    0.00144493
   -7.99799800    0.00145080
   -7.95795796    0.00145672
   -7.91791792    0.00146267
   -7.87787788    0.00146867
   -7.83783784    0.00147472
   -7.79779780    0.00148080
   -7.75775776    0.00148693
   -7.71771772    0.00149310
   -7.67767768    0.00149931
   -7.63763764    0.00150557
   -7.59759760    0.00151188
   -7.55755756    0.00151823
   -7.51751752    0.00152462
   -7.47747748    0.00153107
   -7.43743744    0.00153755
   -7.39739740    0.00154409
   -7.35735736    0.00155067
   -7.31731732    0.00155730
   -7.27727728    0.00156399
   -7.23723724    0.00157071
   -7.19719720    0.00157749
   -7.15715716    0.00158432
   -7.11711712    0.00159120
   -7.07707708    0.00159814
   -7.03703704    0.00160512
   -6.99699700    0.00161216
   -6.95695696    0.00161925
   -6.91691692    0.00162639
   -6.87687688    0.00163358
   -6.83683684    0.00164084
   -6.79679680    0.00164814
   -6.75675676    0.00165551
   -6.71671672    0.00166292
   -6.67667668    0.00167040
   -6.63663664    0.00167794
   -6.59659660    0.00168553
   -6.55655656    0.00169318
   -6.51651652    0.00170089
   -6.47647648    0.00170866
   -6.43643644    0.00171649
   -6.39639640    0.00172439
   -6.35635636    0.00173235
   -6.31631632    0.00174036
   -6.27627628    0.00174845
   -6.23623624    0.00175660
   -6.19619620    0.00176481
   -6.15615616    0.00177309
   -6.11611612    0.00178143
   -6.07607608    0.00178985
   -6.03603604    0.00179833
   -5.99599600    0.00180688
   -5.95595596    0.00181550
   -5.91591592    0.00182419
   -5.87587588    0.00183296
   -5.83583584    0.00184179
   -5.79579580    0.00185070
   -5.75575576    0.00185968
   -5.71571572    0.00186874
   -5.67567568    0.00187787
   -5.63563564    0.00188708
   -5.59559560    0.00189637
   -5.55555556    0.00190574
   -5.51551552    0.00191518
   -5.47547548    0.00192471
   -5.43543544    0.00193432
   -5.39539540    0.00194401
   -5.35535536    0.00195378
   -5.31531532    0.00196364
   -5.27527528    0.00197358
   -5.23523524    0.00198361
   -5.19519520    0.00199373
   -5.15515516    0.00200393
   -5.11511512    0.00201423
   -5.07507508    0.00202462
   -5.03503504    0.00203510
   -4.99499499    0.00204567
   -4.95495495    0.00205633
   -4.91491491    0.00206710
   -4.87487487    0.00207796
   -4.83483483    0.00208891
   -4.79479479    0.00209997
   -4.75475475    0.00211113
   -4.71471471    0.00212239
   -4.67467467    0.00213375
   -4.63463463    0.00214521
   -4.59459459    0.00215679
   -4.55455455    0.00216847
   -4.51451451    0.00218026
   -4.47447447    0.00219216
   -4.43443443    0.00220417
   -4.39439439    0.00221629
   -4.35435435    0.00222853
   -4.31431431    0.00224088
   -4.27427427    0.00225336
   -4.23423423    0.00226595
   -4.19419419    0.00227866
   -4.15415415    0.00229150
   -4.11411411    0.00230446
   -4.07407407    0.00231754
   -4.03403403    0.00233076
   -3.99399399    0.00234410
   -3.95395395    0.00235758
   -3.91391391    0.00237118
   -3.87387387    0.00238493
   -3.83383383    0.00239881
   -3.79379379    0.00241283
   -3.75375375    0.00242699
   -3.71371371    0.00244129
   -3.67367367    0.00245574
   -3.63363363    0.00247033
   -3.59359359    0.00248508
   -3.55355355    0.00249997
   -3.51351351    0.00251502
   -3.47347347    0.00253023
   -3.43343343    0.00254559
   -3.39339339    0.00256111
   -3.35335335    0.00257680
   -3.31331331    0.00259265
   -3.27327327    0.00260867
   -3.23323323    0.00262486
   -3.19319319    0.00264123
   -3.15315315    0.00265777
   -3.11311311    0.00267448
   -3.07307307    0.00269138
   -3.03303303    0.00270846
   -2.99299299    0.00272573
   -2.95295295    0.00274319
   -2.91291291    0.00276084
   -2.87287287    0.00277868
   -2.83283283    0.00279673
   -2.79279279    0.00281497
   -2.75275275    0.00283342
   -2.71271271    0.00285208
   -2.67267267    0.00287095
   -2.63263263    0.00289004
   -2.59259259    0.00290934
   -2.55255255    0.00292887
   -2.51251251    0.00294862
   -2.47247247    0.00296860
   -2.43243243    0.00298882
   -2.39239239    0.00300927
   -2.35235235    0.00302996
   -2.31231231    0.00305090
   -2.27227227    0.00307209
   -2.23223223    0.00309353
   -2.19219219    0.00311523
   -2.15215215    0.00313719
   -2.11211211    0.00315942
   -2.07207207    0.00318192
   -2.03203203    0.00320469
   -1.99199199    0.00322775
   -1.95195195    0.00325109
   -1.91191191    0.00327472
   -1.87187187    0.00329865
   -1.83183183    0.00332288
   -1.79179179    0.00334742
   -1.75175175    0.00337227
   -1.71171171    0.00339744
   -1.67167167    0.00342293
   -1.63163163    0.00344875
   -1.59159159    0.00347491
   -1.55155155    0.00350141
   -1.51151151    0.00352826
   -1.47147147    0.00355546
   -1.43143143    0.00358303
   -1.39139139    0.00361097
   -1.35135135    0.00363928
   -1.31131131    0.00366797
   -1.27127127    0.00369705
   -1.23123123    0.00372654
   -1.19119119    0.00375643
   -1.15115115    0.00378673
   -1.11111111    0.00381745
   -1.07107107    0.00384861
   -1.03103103    0.00388021
   -0.99099099    0.00391225
   -0.95095095    0.00394475
   -0.91091091    0.00397772
   -0.87087087    0.00401116
   -0.83083083    0.00404509
   -0.79079079    0.00407951
   -0.75075075    0.00411445
   -0.71071071    0.00414990
   -0.67067067    0.00418587
   -0.63063063    0.00422239
   -0.59059059    0.00425946
   -0.55055055    0.00429709
   -0.51051051    0.00433530
   -0.47047047    0.00437410
   -0.43043043    0.00441350
   -0.39039039    0.00445351
   -0.35035035    0.00449415
   -0.31031031    0.00453544
   -0.27027027    0.00457738
   -0.23023023    0.00462000
   -0.19019019    0.00466330
   -0.15015015    0.00470731
   -0.11011011    0.00475204
   -0.07007007    0.00479728
   -0.03003003    0.00484331
    0.01001001    0.00489027
    0.05005005    0.00493817
    0.09009009    0.00498705
    0.13013013    0.00503659
    0.17017017    0.00508688
    0.21021021    0.00513803
    0.25025025    0.00519010
    0.29029029    0.00524307
    0.33033033    0.00529699
    0.37037037    0.00535187
    0.41041041    0.00540773
    0.45045045    0.00546463
    0.49049049    0.00552256
    0.53053053    0.00558156
    0.57057057    0.00564166
    0.61061061    0.00570289
    0.65065065    0.00576527
    0.69069069    0.00582885
    0.73073073    0.00589365
    0.77077077    0.00595970
    0.81081081    0.00602705
    0.85085085    0.00609572
    0.89089089    0.00616577
    0.93093093    0.00623723
    0.97097097    0.00631013
    1.01101101    0.00638452
    1.05105105    0.00646045
    1.09109109    0.00653796
    1.13113113    0.00661709
    1.17117117    0.00669791
    1.21121121    0.00678045
    1.25125125    0.00686478
    1.29129129    0.00695095
    1.33133133    0.00703903
    1.37137137    0.00712906
    1.41141141    0.00722111
    1.45145145    0.00731526
    1.49149149    0.00741157
    1.53153153    0.00751011
    1.57157157    0.00761095
    1.61161161    0.00771418
    1.65165165    0.00781988
    1.69169169    0.00792813
    1.73173173    0.00803903
    1.77177177    0.00815267
    1.81181181    0.00826915
    1.85185185    0.00838856
    1.89189189    0.00851104
    1.93193193    0.00863667
    1.97197197    0.00876558
    2.01201201    0.00889791
    2.05205205    0.00903377
    2.09209209    0.00917332
    2.13213213    0.00931669
    2.17217217    0.00946404
    2.21221221    0.00961553
    2.25225225    0.00977133
    2.29229229    0.00993162
    2.33233233    0.01009660
    2.37237237    0.01026644
    2.41241241    0.01044138
    2.45245245    0.01062162
    2.49249249    0.01080741
    2.53253253    0.01099900
    2.57257257    0.01119664
    2.61261261    0.01140062
    2.65265265    0.01161123
    2.69269269    0.01182880
    2.73273273    0.01205363
    2.77277277    0.01228611
    2.81281281    0.01252658
    2.85285285    0.01277546
    2.89289289    0.01303315
    2.93293293    0.01330013
    2.97297297    0.01357687
    3.01301301    0.01386386
    3.05305305    0.01416165
    3.09309309    0.01447084
    3.13313313    0.01479202
    3.17317317    0.01512586
    3.21321321    0.01547306
    3.25325325    0.01583434
    3.29329329    0.01621052
    3.33333333    0.01660241
    3.37337337    0.01701093
    3.41341341    0.01743704
    3.45345345    0.01788173
    3.49349349    0.01834607
    3.53353353    0.01883122
    3.57357357    0.01933835
    3.61361361    0.01986873
    3.65365365    0.02042369
    3.69369369    0.02100457
    3.73373373    0.02161284
    3.77377377    0.02224995
    3.81381381    0.02291743
    3.85385385    0.02361683
    3.89389389    0.02434967
    3.93393393    0.02511749
    3.97397397    0.02592181
    4.01401401    0.02676404
    4.05405405    0.02764547
    4.09409409    0.02856733
    4.13413413    0.02953056
    4.17417417    0.03053596
    4.21421421    0.03158402
    4.25425425    0.03267500
    4.29429429    0.03380877
    4.33433433    0.03498485
    4.37437437    0.03620241
    4.41441441    0.03746033
    4.45445445    0.03875695
    4.49449449    0.04009030
    4.53453453    0.04145801
    4.57457457    0.04285711
    4.61461461    0.04428419
    4.65465465    0.04573514
    4.69469469    0.04720510
    4.73473473    0.04868836
    4.77477477    0.05017817
    4.81481481    0.05166694
    4.85485485    0.05314626
    4.89489489    0.05460696
    4.93493493    0.05603965
    4.97497497    0.05743528
    5.01501502    0.05878544
    5.05505506    0.06008331
    5.09509510    0.06132410
    5.13513514    0.06250563
    5.17517518    0.06362858
    5.21521522    0.06469656
    5.25525526    0.06571610
    5.29529530    0.06669613
    5.33533534    0.06764754
    5.37537538    0.06858235
    5.41541542    0.06951331
    5.45545546    0.07045297
    5.49549550    0.07141346
    5.53553554    0.07240586
    5.57557558    0.07344018
    5.61561562    0.07452509
    5.65565566    0.07566781
    5.69569570    0.07687449
    5.73573574    0.07814984
    5.77577578    0.07949766
    5.81581582    0.08092036
    5.85585586    0.08241941
    5.89589590    0.08399490
    5.93593594    0.08564587
    5.97597598    0.08736993
    6.01601602    0.08916343
    6.05605606    0.09102092
    6.09609610    0.09293498
    6.13613614    0.09489638
    6.17617618    0.09689344
    6.21621622    0.09891229
    6.25625626    0.10093633
    6.29629630    0.10294704
    6.33633634    0.10492380
    6.37637638    0.10684531
    6.41641642    0.10869018
    6.45645646    0.11043866
    6.49649650    0.11207360
    6.53653654    0.11358190
    6.57657658    0.11495634
    6.61661662    0.11619599
    6.65665666    0.11730716
    6.69669670    0.11830266
    6.73673674    0.11920222
    6.77677678    0.12003076
    6.81681682    0.12081762
    6.85685686    0.12159471
    6.89689690    0.12239516
    6.93693694    0.12325156
    6.97697698    0.12419426
    7.01701702    0.12525087
    7.05705706    0.12644446
    7.09709710    0.12779337
    7.13713714    0.12930957
    7.17717718    0.13099918
    7.21721722    0.13286140
    7.25725726    0.13488866
    7.29729730    0.13706625
    7.33733734    0.13937276
    7.37737738    0.14178007
    7.41741742    0.14425357
    7.45745746    0.14675392
    7.49749750    0.14923729
    7.53753754    0.15165766
    7.57757758    0.15396754
    7.61761762    0.15612086
    7.65765766    0.15807477
    7.69769770    0.15979162
    7.73773774    0.16124087
    7.77777778    0.16240071
    7.81781782    0.16325876
    7.85785786    0.16381237
    7.89789790    0.16406889
    7.93793794    0.16404406
    7.97797798    0.16376136
    8.01801802    0.16325013
    8.05805806    0.16254352
    8.09809810    0.16167712
    8.13813814    0.16068648
    8.17817818    0.15960603
    8.21821822    0.15846724
    8.25825826    0.15729746
    8.29829830    0.15611933
    8.33833834    0.15495010
    8.37837838    0.15380122
    8.41841842    0.15267890
    8.45845846    0.15158472
    8.49849850    0.15051591
    8.53853854    0.14946653
    8.57857858    0.14842809
    8.61861862    0.14739066
    8.65865866    0.14634311
    8.69869870    0.14527385
    8.73873874    0.14417116
    8.77877878    0.14302310
    8.81881882    0.14181749
    8.85885886    0.14054246
    8.89889890    0.13918637
    8.93893894    0.13773842
    8.97897898    0.13618915
    9.01901902    0.13453113
    9.05905906    0.13275978
    9.09909910    0.13087372
    9.13913914    0.12887582
    9.17917918    0.12677304
    9.21921922    0.12457609
    9.25925926    0.12229923
    9.29929930    0.11995968
    9.33933934    0.11757633
    9.37937938    0.11516931
    9.41941942    0.11275898
    9.45945946    0.11036488
    9.49949950    0.10800527
    9.53953954    0.10569626
    9.57957958    0.10345230
    9.61961962    0.10128530
    9.65965966    0.09920463
    9.69969970    0.09721747
    9.73973974    0.09532887
    9.77977978    0.09354177
    9.81981982    0.09185772
    9.85985986    0.09027707
    9.89989990    0.08879908
    9.93993994    0.08742245
    9.97997998    0.08614527
   10.02002002    0.08496578
   10.06006006    0.08388203
   10.10010010    0.08289205
   10.14014014    0.08199397
   10.18018018    0.08118600
   10.22022022    0.08046635
   10.26026026    0.07983325
   10.30030030    0.07928504
   10.34034034    0.07881985
   10.38038038    0.07843585
   10.42042042    0.07813095
   10.46046046    0.07790300
   10.50050050    0.07774956
   10.54054054    0.07766797
   10.58058058    0.07765525
   10.62062062    0.07770824
   10.66066066    0.07782369
   10.70070070    0.07799836
   10.74074074    0.07822939
   10.78078078    0.07851427
   10.82082082    0.07885143
   10.86086086    0.07924009
   10.90090090    0.07968050
   10.94094094    0.08017386
   10.98098098    0.08072222
   11.02102102    0.08132793
   11.06106106    0.08199339
   11.10110110    0.08272045
   11.14114114    0.08350961
   11.18118118    0.08435974
   11.22122122    0.08526713
   11.26126126    0.08622550
   11.30130130    0.08722534
   11.34134134    0.08825390
   11.38138138    0.08929538
   11.42142142    0.09033132
   11.46146146    0.09134095
   11.50150150    0.09230230
   11.54154154    0.09319323
   11.58158158    0.09399237
   11.62162162    0.09468062
   11.66166166    0.09524192
   11.70170170    0.09566471
   11.74174174    0.09594210
   11.78178178    0.09607236
   11.82182182    0.09605887
   11.86186186    0.09590960
   11.90190190    0.09563611
   11.94194194    0.09525276
   11.98198198    0.09477581
   12.02202202    0.09422202
   12.06206206    0.09360791
   12.10210210    0.09294898
   12.14214214    0.09225952
   12.18218218    0.09155183
   12.22222222    0.09083667
   12.26226226    0.09012320
   12.30230230    0.08941911
   12.34234234    0.08873088
   12.38238238    0.08806407
   12.42242242    0.08742358
   12.46246246    0.08681345
   12.50250250    0.08623686
   12.54254254    0.08569600
   12.58258258    0.08519202
   12.62262262    0.08472440
   12.66266266    0.08429118
   12.70270270    0.08388874
   12.74274274    0.08351168
   12.78278278    0.08315322
   12.82282282    0.08280556
   12.86286286    0.08246023
   12.90290290    0.08210876
   12.94294294    0.08174326
   12.98298298    0.08135702
   13.02302302    0.08094509
   13.06306306    0.08050447
   13.10310310    0.08003468
   13.14314314    0.07953760
   13.18318318    0.07901734
   13.22322322    0.07848017
   13.26326326    0.07793436
   13.30330330    0.07738939
   13.34334334    0.07685603
   13.38338338    0.07634580
   13.42342342    0.07587052
   13.46346346    0.07544207
   13.50350350    0.07507214
   13.54354354    0.07477214
   13.58358358    0.07455277
   13.62362362    0.07442391
   13.66366366    0.07439457
   13.70370370    0.07447294
   13.74374374    0.07466575
   13.78378378    0.07497870
   13.82382382    0.07541617
   13.86386386    0.07598080
   13.90390390    0.07667352
   13.94394394    0.07749348
   13.98398398    0.07843771
   14.02402402    0.07950085
   14.06406406    0.08067491
   14.10410410    0.08194916
   14.14414414    0.08331012
   14.18418418    0.08474085
   14.22422422    0.08622148
   14.26426426    0.08772893
   14.30430430    0.08923698
   14.34434434    0.09071661
   14.38438438    0.09213677
   14.42442442    0.09346497
   14.46446446    0.09466824
   14.50450450    0.09571429
   14.54454454    0.09657311
   14.58458458    0.09721832
   14.62462462    0.09762843
   14.66466466    0.09778804
   14.70470470    0.09768870
   14.74474474    0.09732911
   14.78478478    0.09671512
   14.82482482    0.09585876
   14.86486486    0.09477785
   14.90490490    0.09349417
   14.94494494    0.09203220
   14.98498498    0.09041782
   15.02502503    0.08867664
   15.06506507    0.08683362
   15.10510511    0.08491140
   15.14514515    0.08293036
   15.18518519    0.08090803
   15.22522523    0.07885927
   15.26526527    0.07679580
   15.30530531    0.07472736
   15.34534535    0.07266152
   15.38538539    0.07060433
   15.42542543    0.06856081
   15.46546547    0.06653514
   15.50550551    0.06453157
   15.54554555    0.06255414
   15.58558559    0.06060713
   15.62562563    0.05869502
   15.66566567    0.05682252
   15.70570571    0.05499420
   15.74574575    0.05321467
   15.78578579    0.05148817
   15.82582583    0.04981848
   15.86586587    0.04820883
   15.90590591    0.04666162
   15.94594595    0.04517871
   15.98598599    0.04376115
   16.02602603    0.04240931
   16.06606607    0.04112301
   16.10610611    0.03990152
   16.14614615    0.03874365
   16.18618619    0.03764788
   16.22622623    0.03661246
   16.26626627    0.03563542
   16.30630631    0.03471471
   16.34634635    0.03384812
   16.38638639    0.03303352
   16.42642643    0.03226874
   16.46646647    0.03155168
   16.50650651    0.03088027
   16.54654655    0.03025258
   16.58658659    0.02966671
   16.62662663    0.02912091
   16.66666667    0.02861353
   16.70670671    0.02814302
   16.74674675    0.02770795
   16.78678679    0.02730698
   16.82682683    0.02693893
   16.86686687    0.02660266
   16.90690691    0.02629718
   16.94694695    0.02602161
   16.98698699    0.02577515
   17.02702703    0.02555711
   17.06706707    0.02536690
   17.10710711    0.02520400
   17.14714715    0.02506802
   17.18718719    0.02495862
   17.22722723    0.02487551
   17.26726727    0.02481854
   17.30730731    0.02478754
   17.34734735    0.02478245
   17.38738739    0.02480320
   17.42742743    0.02484978
   17.46746747    0.02492217
   17.50750751    0.02502035
   17.54754755    0.02514421
   17.58758759    0.02529364
   17.62762763    0.02546835
   17.66766767    0.02566796
   17.70770771    0.02589190
   17.74774775    0.02613934
   17.78778779    0.02640918
   17.82782783    0.02670003
   17.86786787    0.02701011
   17.90790791    0.02733732
   17.94794795    0.02767914
   17.98798799    0.02803269
   18.02802803    0.02839482
   18.06806807    0.02876215
   18.10810811    0.02913122
   18.14814815    0.02949871
   18.18818819    0.02986155
   18.22822823    0.03021721
   18.26826827    0.03056386
   18.30830831    0.03090058
   18.34834835    0.03122752
   18.38838839    0.03154592
   18.42842843    0.03185806
   18.46846847    0.03216738
   18.50850851    0.03247810
   18.54854855    0.03279521
   18.58858859    0.03312423
   18.62862863    0.03347093
   18.66866867    0.03384123
   18.70870871    0.03424096
   18.74874875    0.03467584
   18.78878879    0.03515129
   18.82882883    0.03567240
   18.86886887    0.03624384
   18.90890891    0.03687004
   18.94894895    0.03755484
   18.98898899    0.03830186
   19.02902903    0.03911427
   19.06906907    0.03999473
   19.10910911    0.04094548
   19.14914915    0.04196815
   19.18918919    0.04306385
   19.22922923    0.04423293
   19.26926927    0.04547488
   19.30930931    0.04678808
   19.34934935    0.04816996
   19.38938939    0.04961639
   19.42942943    0.05112205
   19.46946947    0.05268002
   19.50950951    0.05428172
   19.54954955    0.05591715
   19.58958959    0.05757481
   19.62962963    0.05924218
   19.66966967    0.06090599
   19.70970971    0.06255256
   19.74974975    0.06416829
   19.78978979    0.06574043
   19.82982983    0.06725729
   19.86986987    0.06870878
   19.90990991    0.07008660
   19.94994995    0.07138417
   19.98998999    0.07259687
   20.03003003    0.07372156
   20.07007007    0.07475656
   20.11011011    0.07570142
   20.15015015    0.07655668
   20.19019019    0.07732375
   20.23023023    0.07800514
   20.27027027    0.07860458
   20.31031031    0.07912683
   20.35035035    0.07957806
   20.39039039    0.07996548
   20.43043043    0.08029741
   20.47047047    0.08058277
   20.51051051    0.08083069
   20.55055055    0.08104993
   20.59059059    0.08124861
   20.63063063    0.08143349
   20.67067067    0.08160983
   20.71071071    0.08178147
   20.75075075    0.08195048
   20.79079079    0.08211775
   20.83083083    0.08228302
   20.87087087    0.08244529
   20.91091091    0.08260330
   20.95095095    0.08275571
   20.99099099    0.08290120
   21.03103103    0.08303890
   21.07107107    0.08316803
   21.11111111    0.08328792
   21.15115115    0.08339789
   21.19119119    0.08349689
   21.23123123    0.08358350
   21.27127127    0.08365560
   21.31131131    0.08371034
   21.35135135    0.08374426
   21.39139139    0.08375313
   21.43143143    0.08373228
   21.47147147    0.08367688
   21.51151151    0.08358220
   21.55155155    0.08344384
   21.59159159    0.08325807
   21.63163163    0.08302215
   21.67167167    0.08273448
   21.71171171    0.08239469
   21.75175175    0.08200382
   21.79179179    0.08156430
   21.83183183    0.08107967
   21.87187187    0.08055482
   21.91191191    0.07999570
   21.95195195    0.07940943
   21.99199199    0.07880392
   22.03203203    0.07818771
   22.07207207    0.07757007
   22.11211211    0.07696053
   22.15215215    0.07636870
   22.19219219    0.07580405
   22.23223223    0.07527548
   22.27227227    0.07479102
   22.31231231    0.07435779
   22.35235235    0.07398144
   22.39239239    0.07366639
   22.43243243    0.07341535
   22.47247247    0.07322923
   22.51251251    0.07310758
   22.55255255    0.07304837
   22.59259259    0.07304818
   22.63263263    0.07310246
   22.67267267    0.07320570
   22.71271271    0.07335174
   22.75275275    0.07353430
   22.79279279    0.07374691
   22.83283283    0.07398360
   22.87287287    0.07423886
   22.91291291    0.07450776
   22.95295295    0.07478644
   22.99299299    0.07507181
   23.03303303    0.07536142
   23.07307307    0.07565327
   23.11311311    0.07594559
   23.15315315    0.07623641
   23.19319319    0.07652334
   23.23323323    0.07680308
   23.27327327    0.07707147
   23.31331331    0.07732323
   23.35335335    0.07755209
   23.39339339    0.07775127
   23.43343343    0.07791372
   23.47347347    0.07803257
   23.51351351    0.07810177
   23.55355355    0.07811667
   23.59359359    0.07807431
   23.63363363    0.07797360
   23.67367367    0.07781546
   23.71371371    0.07760270
   23.75375375    0.07733955
   23.79379379    0.07703140
   23.83383383    0.07668414
   23.87387387    0.07630361
   23.91391391    0.07589517
   23.95395395    0.07546326
   23.99399399    0.07501122
   24.03403403    0.07454113
   24.07407407    0.07405374
   24.11411411    0.07354873
   24.15415415    0.07302516
   24.19419419    0.07248158
   24.23423423    0.07191672
   24.27427427    0.07132948
   24.31431431    0.07071944
   24.35435435    0.07008690
   24.39439439    0.06943278
   24.43443443    0.06875863
   24.47447447    0.06806615
   24.51451451    0.06735706
   24.55455455    0.06663260
   24.59459459    0.06589340
   24.63463463    0.06513903
   24.67467467    0.06436817
   24.71471471    0.06357823
   24.75475475    0.06276589
   24.79479479    0.06192709
   24.83483483    0.06105745
   24.87487487    0.06015277
   24.91491491    0.05920927
   24.95495495    0.05822426
   24.99499499    0.05719638
   25.03503504    0.05612595
   25.07507508    0.05501494
   25.11511512    0.05386722
   25.15515516    0.05268817
   25.19519520    0.05148467
   25.23523524    0.05026461
   25.27527528    0.04903657
   25.31531532    0.04780946
   25.35535536    0.04659200
   25.39539540    0.04539261
   25.43543544    0.04421910
   25.47547548    0.04307847
   25.51551552    0.04197670
   25.55555556    0.04091891
   25.59559560    0.03990919
   25.63563564    0.03895068
   25.67567568    0.03804568
   25.71571572    0.03719568
   25.75575576    0.03640150
   25.79579580    0.03566326
   25.83583584    0.03498061
   25.87587588    0.03435278
   25.91591592    0.03377861
   25.95595596    0.03325658
   25.99599600    0.03278502
   26.03603604    0.03236199
   26.07607608    0.03198543
   26.11611612    0.03165313
   26.15615616    0.03136283
   26.19619620    0.03111219
   26.23623624    0.03089876
   26.27627628    0.03072007
   26.31631632    0.03057356
   26.35635636    0.03045661
   26.39639640    0.03036633
   26.43643644    0.03029975
   26.47647648    0.03025365
   26.51651652    0.03022447
   26.55655656    0.03020836
   26.59659660    0.03020115
   26.63663664    0.03019841
   26.67667668    0.03019540
   26.71671672    0.03018729
   26.75675676    0.03016926
   26.79679680    0.03013672
   26.83683684    0.03008531
   26.87687688    0.03001135
   26.91691692    0.02991182
   26.95695696    0.02978449
   26.99699700    0.02962805
   27.03703704    0.02944210
   27.07707708    0.02922713
   27.11711712    0.02898439
   27.15715716    0.02871575
   27.19719720    0.02842376
   27.23723724    0.02811134
   27.27727728    0.02778170
   27.31731732    0.02743835
   27.35735736    0.02708498
   27.39739740    0.02672529
   27.43743744    0.02636316
   27.47747748    0.02600241
   27.51751752    0.02564690
   27.55755756    0.02530035
   27.59759760    0.02496635
   27.63763764    0.02464840
   27.67767768    0.02434973
   27.71771772    0.02407328
   27.75775776    0.02382176
   27.79779780    0.02359756
   27.83783784    0.02340275
   27.87787788    0.02323908
   27.91791792    0.02310803
   27.95795796    0.02301075
   27.99799800    0.02294811
   28.03803804    0.02292063
   28.07807808    0.02292860
   28.11811812    0.02297198
   28.15815816    0.02305031
   28.19819820    0.02316278
   28.23823824    0.02330814
   28.27827828    0.02348462
   28.31831832    0.02368987
   28.35835836    0.02392088
   28.39839840    0.02417393
   28.43843844    0.02444451
   28.47847848    0.02472728
   28.51851852    0.02501614
   28.55855856    0.02530424
   28.59859860    0.02558404
   28.63863864    0.02584760
   28.67867868    0.02608681
   28.71871872    0.02629374
   28.75875876    0.02646095
   28.79879880    0.02658196
   28.83883884    0.02665157
   28.87887888    0.02666623
   28.91891892    0.02662422
   28.95895896    0.02652575
   28.99899900    0.02637298
   29.03903904    0.02616977
   29.07907908    0.02592152
   29.11911912    0.02563475
   29.15915916    0.02531673
   29.19919920    0.02497513
   29.23923924    0.02461762
   29.27927928    0.02425164
   29.31931932    0.02388406
   29.35935936    0.02352110
   29.39939940    0.02316810
   29.43943944    0.02282962
   29.47947948    0.02250929
   29.51951952    0.02220996
   29.55955956    0.02193359
   29.59959960    0.02168145
   29.63963964    0.02145409
   29.67967968    0.02125147
   29.71971972    0.02107305
   29.75975976    0.02091781
   29.79979980    0.02078438
   29.83983984    0.02067106
   29.87987988    0.02057597
   29.91991992    0.02049710
   29.95995996    0.02043242
   30.00000000    0.02037990
