# final state angular momentum:   1
# broadening parameter (in eV):    1.50000000000    
# absorbing atom type:   1
# Energy (eV)   sigmatot   sigmaup    sigmadown 
  -10.00000000    0.00002735    0.00001378    0.00001356
   -9.89966555    0.00002755    0.00001388    0.00001366
   -9.79933110    0.00002775    0.00001399    0.00001377
   -9.69899666    0.00002796    0.00001409    0.00001387
   -9.59866221    0.00002817    0.00001420    0.00001398
   -9.49832776    0.00002839    0.00001430    0.00001408
   -9.39799331    0.00002860    0.00001441    0.00001419
   -9.29765886    0.00002882    0.00001452    0.00001430
   -9.19732441    0.00002904    0.00001463    0.00001441
   -9.09698997    0.00002927    0.00001475    0.00001452
   -8.99665552    0.00002950    0.00001486    0.00001464
   -8.89632107    0.00002973    0.00001498    0.00001475
   -8.79598662    0.00002997    0.00001509    0.00001487
   -8.69565217    0.00003020    0.00001521    0.00001499
   -8.59531773    0.00003045    0.00001533    0.00001511
   -8.49498328    0.00003069    0.00001546    0.00001523
   -8.39464883    0.00003094    0.00001558    0.00001536
   -8.29431438    0.00003119    0.00001571    0.00001548
   -8.19397993    0.00003145    0.00001584    0.00001561
   -8.09364548    0.00003171    0.00001597    0.00001574
   -7.99331104    0.00003197    0.00001610    0.00001588
   -7.89297659    0.00003224    0.00001623    0.00001601
   -7.79264214    0.00003251    0.00001637    0.00001615
   -7.69230769    0.00003279    0.00001651    0.00001629
   -7.59197324    0.00003307    0.00001665    0.00001643
   -7.49163880    0.00003336    0.00001679    0.00001657
   -7.39130435    0.00003365    0.00001693    0.00001672
   -7.29096990    0.00003394    0.00001708    0.00001686
   -7.19063545    0.00003424    0.00001723    0.00001701
   -7.09030100    0.00003454    0.00001738    0.00001717
   -6.98996656    0.00003485    0.00001753    0.00001732
   -6.88963211    0.00003517    0.00001769    0.00001748
   -6.78929766    0.00003549    0.00001784    0.00001764
   -6.68896321    0.00003581    0.00001801    0.00001781
   -6.58862876    0.00003614    0.00001817    0.00001797
   -6.48829431    0.00003648    0.00001834    0.00001814
   -6.38795987    0.00003682    0.00001850    0.00001832
   -6.28762542    0.00003717    0.00001868    0.00001849
   -6.18729097    0.00003752    0.00001885    0.00001867
   -6.08695652    0.00003788    0.00001903    0.00001885
   -5.98662207    0.00003825    0.00001921    0.00001904
   -5.88628763    0.00003862    0.00001939    0.00001923
   -5.78595318    0.00003900    0.00001958    0.00001942
   -5.68561873    0.00003939    0.00001977    0.00001962
   -5.58528428    0.00003978    0.00001996    0.00001982
   -5.48494983    0.00004018    0.00002016    0.00002002
   -5.38461538    0.00004059    0.00002036    0.00002023
   -5.28428094    0.00004101    0.00002056    0.00002044
   -5.18394649    0.00004143    0.00002077    0.00002066
   -5.08361204    0.00004187    0.00002098    0.00002088
   -4.98327759    0.00004231    0.00002120    0.00002111
   -4.88294314    0.00004276    0.00002142    0.00002134
   -4.78260870    0.00004322    0.00002164    0.00002158
   -4.68227425    0.00004369    0.00002187    0.00002182
   -4.58193980    0.00004417    0.00002210    0.00002207
   -4.48160535    0.00004466    0.00002234    0.00002232
   -4.38127090    0.00004516    0.00002258    0.00002258
   -4.28093645    0.00004567    0.00002283    0.00002284
   -4.18060201    0.00004619    0.00002308    0.00002311
   -4.08026756    0.00004672    0.00002333    0.00002339
   -3.97993311    0.00004727    0.00002360    0.00002368
   -3.87959866    0.00004783    0.00002386    0.00002397
   -3.77926421    0.00004840    0.00002414    0.00002427
   -3.67892977    0.00004899    0.00002441    0.00002457
   -3.57859532    0.00004959    0.00002470    0.00002489
   -3.47826087    0.00005020    0.00002499    0.00002521
   -3.37792642    0.00005083    0.00002528    0.00002555
   -3.27759197    0.00005148    0.00002559    0.00002589
   -3.17725753    0.00005214    0.00002590    0.00002624
   -3.07692308    0.00005282    0.00002621    0.00002660
   -2.97658863    0.00005352    0.00002654    0.00002698
   -2.87625418    0.00005423    0.00002687    0.00002736
   -2.77591973    0.00005497    0.00002721    0.00002776
   -2.67558528    0.00005573    0.00002756    0.00002817
   -2.57525084    0.00005651    0.00002791    0.00002859
   -2.47491639    0.00005731    0.00002828    0.00002903
   -2.37458194    0.00005814    0.00002865    0.00002949
   -2.27424749    0.00005899    0.00002903    0.00002996
   -2.17391304    0.00005987    0.00002942    0.00003045
   -2.07357860    0.00006078    0.00002982    0.00003095
   -1.97324415    0.00006171    0.00003024    0.00003148
   -1.87290970    0.00006268    0.00003066    0.00003202
   -1.77257525    0.00006368    0.00003109    0.00003259
   -1.67224080    0.00006472    0.00003154    0.00003318
   -1.57190635    0.00006580    0.00003200    0.00003380
   -1.47157191    0.00006691    0.00003247    0.00003444
   -1.37123746    0.00006807    0.00003295    0.00003512
   -1.27090301    0.00006927    0.00003345    0.00003582
   -1.17056856    0.00007051    0.00003396    0.00003655
   -1.07023411    0.00007180    0.00003448    0.00003732
   -0.96989967    0.00007315    0.00003502    0.00003812
   -0.86956522    0.00007454    0.00003558    0.00003896
   -0.76923077    0.00007599    0.00003616    0.00003984
   -0.66889632    0.00007750    0.00003675    0.00004075
   -0.56856187    0.00007906    0.00003736    0.00004170
   -0.46822742    0.00008067    0.00003799    0.00004268
   -0.36789298    0.00008234    0.00003864    0.00004370
   -0.26755853    0.00008406    0.00003932    0.00004474
   -0.16722408    0.00008582    0.00004001    0.00004581
   -0.06688963    0.00008763    0.00004073    0.00004690
    0.03344482    0.00008947    0.00004147    0.00004800
    0.13377926    0.00009134    0.00004225    0.00004910
    0.23411371    0.00009323    0.00004304    0.00005019
    0.33444816    0.00009514    0.00004387    0.00005127
    0.43478261    0.00009705    0.00004473    0.00005232
    0.53511706    0.00009897    0.00004562    0.00005335
    0.63545151    0.00010089    0.00004655    0.00005434
    0.73578595    0.00010281    0.00004751    0.00005530
    0.83612040    0.00010473    0.00004851    0.00005622
    0.93645485    0.00010666    0.00004955    0.00005711
    1.03678930    0.00010861    0.00005064    0.00005797
    1.13712375    0.00011059    0.00005177    0.00005882
    1.23745819    0.00011261    0.00005295    0.00005966
    1.33779264    0.00011468    0.00005419    0.00006049
    1.43812709    0.00011683    0.00005548    0.00006134
    1.53846154    0.00011906    0.00005683    0.00006222
    1.63879599    0.00012139    0.00005825    0.00006314
    1.73913043    0.00012385    0.00005974    0.00006412
    1.83946488    0.00012645    0.00006130    0.00006516
    1.93979933    0.00012921    0.00006293    0.00006627
    2.04013378    0.00013213    0.00006466    0.00006748
    2.14046823    0.00013525    0.00006647    0.00006878
    2.24080268    0.00013858    0.00006839    0.00007019
    2.34113712    0.00014212    0.00007041    0.00007172
    2.44147157    0.00014591    0.00007254    0.00007337
    2.54180602    0.00014995    0.00007480    0.00007515
    2.64214047    0.00015427    0.00007719    0.00007708
    2.74247492    0.00015888    0.00007973    0.00007915
    2.84280936    0.00016381    0.00008242    0.00008139
    2.94314381    0.00016907    0.00008527    0.00008380
    3.04347826    0.00017470    0.00008831    0.00008639
    3.14381271    0.00018072    0.00009155    0.00008917
    3.24414716    0.00018716    0.00009499    0.00009217
    3.34448161    0.00019404    0.00009866    0.00009538
    3.44481605    0.00020139    0.00010257    0.00009883
    3.54515050    0.00020926    0.00010673    0.00010252
    3.64548495    0.00021766    0.00011117    0.00010649
    3.74581940    0.00022662    0.00011589    0.00011073
    3.84615385    0.00023617    0.00012091    0.00011526
    3.94648829    0.00024633    0.00012623    0.00012010
    4.04682274    0.00025711    0.00013187    0.00012525
    4.14715719    0.00026853    0.00013781    0.00013071
    4.24749164    0.00028056    0.00014406    0.00013650
    4.34782609    0.00029319    0.00015059    0.00014260
    4.44816054    0.00030638    0.00015738    0.00014900
    4.54849498    0.00032008    0.00016440    0.00015569
    4.64882943    0.00033423    0.00017161    0.00016262
    4.74916388    0.00034875    0.00017897    0.00016979
    4.84949833    0.00036358    0.00018643    0.00017715
    4.94983278    0.00037863    0.00019396    0.00018467
    5.05016722    0.00039386    0.00020152    0.00019234
    5.15050167    0.00040926    0.00020911    0.00020014
    5.25083612    0.00042481    0.00021673    0.00020808
    5.35117057    0.00044055    0.00022439    0.00021616
    5.45150502    0.00045654    0.00023213    0.00022441
    5.55183946    0.00047282    0.00023997    0.00023284
    5.65217391    0.00048943    0.00024796    0.00024147
    5.75250836    0.00050638    0.00025611    0.00025027
    5.85284281    0.00052363    0.00026441    0.00025922
    5.95317726    0.00054103    0.00027281    0.00026822
    6.05351171    0.00055838    0.00028123    0.00027716
    6.15384615    0.00057540    0.00028955    0.00028586
    6.25418060    0.00059173    0.00029762    0.00029411
    6.35451505    0.00060694    0.00030526    0.00030168
    6.45484950    0.00062060    0.00031229    0.00030832
    6.55518395    0.00063230    0.00031852    0.00031378
    6.65551839    0.00064165    0.00032379    0.00031787
    6.75585284    0.00064837    0.00032796    0.00032041
    6.85618729    0.00065224    0.00033093    0.00032132
    6.95652174    0.00065321    0.00033263    0.00032058
    7.05685619    0.00065131    0.00033305    0.00031825
    7.15719064    0.00064669    0.00033220    0.00031449
    7.25752508    0.00063960    0.00033012    0.00030948
    7.35785953    0.00063037    0.00032690    0.00030347
    7.45819398    0.00061939    0.00032267    0.00029672
    7.55852843    0.00060708    0.00031757    0.00028951
    7.65886288    0.00059389    0.00031180    0.00028209
    7.75919732    0.00058023    0.00030554    0.00027469
    7.85953177    0.00056652    0.00029901    0.00026751
    7.95986622    0.00055311    0.00029242    0.00026069
    8.06020067    0.00054033    0.00028595    0.00025438
    8.16053512    0.00052842    0.00027976    0.00024865
    8.26086957    0.00051758    0.00027401    0.00024358
    8.36120401    0.00050798    0.00026879    0.00023919
    8.46153846    0.00049972    0.00026419    0.00023553
    8.56187291    0.00049286    0.00026028    0.00023258
    8.66220736    0.00048746    0.00025710    0.00023036
    8.76254181    0.00048354    0.00025467    0.00022887
    8.86287625    0.00048110    0.00025302    0.00022808
    8.96321070    0.00048014    0.00025214    0.00022801
    9.06354515    0.00048066    0.00025204    0.00022862
    9.16387960    0.00048264    0.00025272    0.00022992
    9.26421405    0.00048608    0.00025417    0.00023191
    9.36454849    0.00049096    0.00025640    0.00023456
    9.46488294    0.00049728    0.00025941    0.00023787
    9.56521739    0.00050502    0.00026318    0.00024185
    9.66555184    0.00051419    0.00026772    0.00024648
    9.76588629    0.00052477    0.00027302    0.00025175
    9.86622074    0.00053677    0.00027909    0.00025767
    9.96655518    0.00055016    0.00028593    0.00026423
   10.06688963    0.00056495    0.00029354    0.00027142
   10.16722408    0.00058115    0.00030191    0.00027923
   10.26755853    0.00059875    0.00031107    0.00028768
   10.36789298    0.00061779    0.00032101    0.00029678
   10.46822742    0.00063832    0.00033177    0.00030655
   10.56856187    0.00066040    0.00034338    0.00031702
   10.66889632    0.00068414    0.00035589    0.00032825
   10.76923077    0.00070968    0.00036936    0.00034032
   10.86956522    0.00073718    0.00038388    0.00035330
   10.96989967    0.00076685    0.00039955    0.00036730
   11.07023411    0.00079890    0.00041646    0.00038243
   11.17056856    0.00083354    0.00043474    0.00039880
   11.27090301    0.00087100    0.00045448    0.00041652
   11.37123746    0.00091150    0.00047580    0.00043570
   11.47157191    0.00095523    0.00049878    0.00045644
   11.57190635    0.00100234    0.00052351    0.00047883
   11.67224080    0.00105297    0.00055003    0.00050294
   11.77257525    0.00110720    0.00057838    0.00052882
   11.87290970    0.00116507    0.00060856    0.00055651
   11.97324415    0.00122656    0.00064055    0.00058601
   12.07357860    0.00129159    0.00067429    0.00061730
   12.17391304    0.00136001    0.00070968    0.00065033
   12.27424749    0.00143158    0.00074659    0.00068499
   12.37458194    0.00150594    0.00078482    0.00072113
   12.47491639    0.00158261    0.00082410    0.00075851
   12.57525084    0.00166091    0.00086408    0.00079684
   12.67558528    0.00173998    0.00090431    0.00083568
   12.77591973    0.00181872    0.00094421    0.00087451
   12.87625418    0.00189583    0.00098312    0.00091272
   12.97658863    0.00196983    0.00102027    0.00094956
   13.07692308    0.00203910    0.00105484    0.00098426
   13.17725753    0.00210205    0.00108604    0.00101601
   13.27759197    0.00215716    0.00111311    0.00104404
   13.37792642    0.00220310    0.00113542    0.00106767
   13.47826087    0.00223882    0.00115247    0.00108635
   13.57859532    0.00226361    0.00116395    0.00109966
   13.67892977    0.00227706    0.00116969    0.00110737
   13.77926421    0.00227905    0.00116967    0.00110938
   13.87959866    0.00226977    0.00116401    0.00110576
   13.97993311    0.00224963    0.00115292    0.00109671
   14.08026756    0.00221935    0.00113677    0.00108258
   14.18060201    0.00217985    0.00111601    0.00106384
   14.28093645    0.00213236    0.00109125    0.00104111
   14.38127090    0.00207831    0.00106320    0.00101511
   14.48160535    0.00201931    0.00103267    0.00098664
   14.58193980    0.00195707    0.00100049    0.00095658
   14.68227425    0.00189328    0.00096752    0.00092576
   14.78260870    0.00182954    0.00093455    0.00089499
   14.88294314    0.00176728    0.00090231    0.00086497
   14.98327759    0.00170770    0.00087138    0.00083632
   15.08361204    0.00165174    0.00084224    0.00080950
   15.18394649    0.00160009    0.00081521    0.00078488
   15.28428094    0.00155321    0.00079052    0.00076269
   15.38461538    0.00151137    0.00076829    0.00074308
   15.48494983    0.00147465    0.00074856    0.00072609
   15.58528428    0.00144300    0.00073130    0.00071170
   15.68561873    0.00141629    0.00071644    0.00069984
   15.78595318    0.00139431    0.00070390    0.00069040
   15.88628763    0.00137681    0.00069357    0.00068324
   15.98662207    0.00136350    0.00068532    0.00067819
   16.08695652    0.00135407    0.00067901    0.00067506
   16.18729097    0.00134814    0.00067447    0.00067367
   16.28762542    0.00134529    0.00067152    0.00067377
   16.38795987    0.00134500    0.00066990    0.00067510
   16.48829431    0.00134664    0.00066930    0.00067734
   16.58862876    0.00134947    0.00066937    0.00068011
   16.68896321    0.00135265    0.00066968    0.00068297
   16.78929766    0.00135524    0.00066979    0.00068546
   16.88963211    0.00135627    0.00066922    0.00068705
   16.98996656    0.00135480    0.00066753    0.00068727
   17.09030100    0.00135002    0.00066435    0.00068567
   17.19063545    0.00134132    0.00065937    0.00068195
   17.29096990    0.00132836    0.00065246    0.00067590
   17.39130435    0.00131112    0.00064360    0.00066752
   17.49163880    0.00128989    0.00063293    0.00065695
   17.59197324    0.00126524    0.00062074    0.00064450
   17.69230769    0.00123796    0.00060739    0.00063057
   17.79264214    0.00120896    0.00059331    0.00061566
   17.89297659    0.00117920    0.00057894    0.00060026
   17.99331104    0.00114958    0.00056472    0.00058486
   18.09364548    0.00112097    0.00055105    0.00056992
   18.19397993    0.00109408    0.00053827    0.00055581
   18.29431438    0.00106951    0.00052665    0.00054286
   18.39464883    0.00104776    0.00051644    0.00053132
   18.49498328    0.00102917    0.00050779    0.00052139
   18.59531773    0.00101405    0.00050084    0.00051321
   18.69565217    0.00100259    0.00049570    0.00050689
   18.79598662    0.00099495    0.00049244    0.00050251
   18.89632107    0.00099124    0.00049110    0.00050013
   18.99665552    0.00099154    0.00049174    0.00049979
   19.09698997    0.00099591    0.00049439    0.00050152
   19.19732441    0.00100439    0.00049907    0.00050533
   19.29765886    0.00101702    0.00050579    0.00051123
   19.39799331    0.00103380    0.00051456    0.00051923
   19.49832776    0.00105468    0.00052537    0.00052931
   19.59866221    0.00107960    0.00053819    0.00054142
   19.69899666    0.00110842    0.00055293    0.00055548
   19.79933110    0.00114089    0.00056951    0.00057138
   19.89966555    0.00117667    0.00058773    0.00058894
   20.00000000    0.00121529    0.00060738    0.00060790
