# final state angular momentum:   1
# broadening parameter (in eV):   0.800000000000    
# absorbing atom type:   1
# Energy (eV)   sigma
  -10.00000000    0.00007105
   -9.88988989    0.00007192
   -9.77977978    0.00007282
   -9.66966967    0.00007373
   -9.55955956    0.00007466
   -9.44944945    0.00007561
   -9.33933934    0.00007658
   -9.22922923    0.00007757
   -9.11911912    0.00007858
   -9.00900901    0.00007961
   -8.89889890    0.00008066
   -8.78878879    0.00008174
   -8.67867868    0.00008284
   -8.56856857    0.00008396
   -8.45845846    0.00008511
   -8.34834835    0.00008628
   -8.23823824    0.00008748
   -8.12812813    0.00008871
   -8.01801802    0.00008996
   -7.90790791    0.00009124
   -7.79779780    0.00009256
   -7.68768769    0.00009390
   -7.57757758    0.00009528
   -7.46746747    0.00009669
   -7.35735736    0.00009813
   -7.24724725    0.00009961
   -7.13713714    0.00010112
   -7.02702703    0.00010267
   -6.91691692    0.00010426
   -6.80680681    0.00010589
   -6.69669670    0.00010757
   -6.58658659    0.00010928
   -6.47647648    0.00011104
   -6.36636637    0.00011285
   -6.25625626    0.00011470
   -6.14614615    0.00011661
   -6.03603604    0.00011857
   -5.92592593    0.00012058
   -5.81581582    0.00012265
   -5.70570571    0.00012477
   -5.59559560    0.00012696
   -5.48548549    0.00012921
   -5.37537538    0.00013153
   -5.26526527    0.00013391
   -5.15515516    0.00013637
   -5.04504505    0.00013890
   -4.93493493    0.00014151
   -4.82482482    0.00014419
   -4.71471471    0.00014697
   -4.60460460    0.00014983
   -4.49449449    0.00015278
   -4.38438438    0.00015583
   -4.27427427    0.00015899
   -4.16416416    0.00016225
   -4.05405405    0.00016561
   -3.94394394    0.00016910
   -3.83383383    0.00017271
   -3.72372372    0.00017645
   -3.61361361    0.00018032
   -3.50350350    0.00018433
   -3.39339339    0.00018849
   -3.28328328    0.00019282
   -3.17317317    0.00019730
   -3.06306306    0.00020196
   -2.95295295    0.00020681
   -2.84284284    0.00021185
   -2.73273273    0.00021710
   -2.62262262    0.00022257
   -2.51251251    0.00022827
   -2.40240240    0.00023422
   -2.29229229    0.00024043
   -2.18218218    0.00024692
   -2.07207207    0.00025371
   -1.96196196    0.00026081
   -1.85185185    0.00026826
   -1.74174174    0.00027606
   -1.63163163    0.00028425
   -1.52152152    0.00029286
   -1.41141141    0.00030192
   -1.30130130    0.00031145
   -1.19119119    0.00032151
   -1.08108108    0.00033212
   -0.97097097    0.00034334
   -0.86086086    0.00035522
   -0.75075075    0.00036781
   -0.64064064    0.00038118
   -0.53053053    0.00039540
   -0.42042042    0.00041056
   -0.31031031    0.00042673
   -0.20020020    0.00044403
   -0.09009009    0.00046252
    0.02002002    0.00048217
    0.13013013    0.00050398
    0.24024024    0.00052715
    0.35035035    0.00055224
    0.46046046    0.00057948
    0.57057057    0.00060913
    0.68068068    0.00064147
    0.79079079    0.00067681
    0.90090090    0.00071549
    1.01101101    0.00075782
    1.12112112    0.00080412
    1.23123123    0.00085469
    1.34134134    0.00090986
    1.45145145    0.00097003
    1.56156156    0.00103573
    1.67167167    0.00110758
    1.78178178    0.00118639
    1.89189189    0.00127318
    2.00200200    0.00136912
    2.11211211    0.00147545
    2.22222222    0.00159337
    2.33233233    0.00172415
    2.44244244    0.00186960
    2.55255255    0.00203251
    2.66266266    0.00221686
    2.77277277    0.00242743
    2.88288288    0.00266891
    2.99299299    0.00294506
    3.10310310    0.00325788
    3.21321321    0.00360702
    3.32332332    0.00398942
    3.43343343    0.00439901
    3.54354354    0.00482664
    3.65365365    0.00526029
    3.76376376    0.00568617
    3.87387387    0.00609091
    3.98398398    0.00646466
    4.09409409    0.00680264
    4.20420420    0.00710337
    4.31431431    0.00736415
    4.42442442    0.00757743
    4.53453453    0.00773083
    4.64464464    0.00781091
    4.75475475    0.00780878
    4.86486486    0.00772499
    4.97497497    0.00757149
    5.08508509    0.00736950
    5.19519520    0.00714402
    5.30530531    0.00691729
    5.41541542    0.00670433
    5.52552553    0.00651203
    5.63563564    0.00634153
    5.74574575    0.00619180
    5.85585586    0.00606239
    5.96596597    0.00595418
    6.07607608    0.00586825
    6.18618619    0.00580415
    6.29629630    0.00575875
    6.40640641    0.00572644
    6.51651652    0.00570047
    6.62662663    0.00567404
    6.73673674    0.00564057
    6.84684685    0.00559404
    6.95695696    0.00553069
    7.06706707    0.00545122
    7.17717718    0.00536123
    7.28728729    0.00526913
    7.39739740    0.00518333
    7.50750751    0.00511079
    7.61761762    0.00505741
    7.72772773    0.00502886
    7.83783784    0.00503002
    7.94794795    0.00506300
    8.05805806    0.00512485
    8.16816817    0.00520669
    8.27827828    0.00529526
    8.38838839    0.00537625
    8.49849850    0.00543787
    8.60860861    0.00547294
    8.71871872    0.00547989
    8.82882883    0.00546307
    8.93893894    0.00543266
    9.04904905    0.00540283
    9.15915916    0.00538775
    9.26926927    0.00539652
    9.37937938    0.00542953
    9.48948949    0.00547794
    9.59959960    0.00552648
    9.70970971    0.00555780
    9.81981982    0.00555679
    9.92992993    0.00551373
   10.04004004    0.00542594
   10.15015015    0.00529804
   10.26026026    0.00514010
   10.37037037    0.00496419
   10.48048048    0.00478104
   10.59059059    0.00459818
   10.70070070    0.00441991
   10.81081081    0.00424848
   10.92092092    0.00408567
   11.03103103    0.00393392
   11.14114114    0.00379658
   11.25125125    0.00367745
   11.36136136    0.00357966
   11.47147147    0.00350475
   11.58158158    0.00345239
   11.69169169    0.00342096
   11.80180180    0.00340830
   11.91191191    0.00341194
   12.02202202    0.00342904
   12.13213213    0.00345596
   12.24224224    0.00348834
   12.35235235    0.00352187
   12.46246246    0.00355408
   12.57257257    0.00358605
   12.68268268    0.00362239
   12.79279279    0.00366844
   12.90290290    0.00372646
   13.01301301    0.00379322
   13.12312312    0.00386051
   13.23323323    0.00391831
   13.34334334    0.00395880
   13.45345345    0.00397934
   13.56356356    0.00398281
   13.67367367    0.00397534
   13.78378378    0.00396295
   13.89389389    0.00394929
   14.00400400    0.00393544
   14.11411411    0.00392116
   14.22422422    0.00390608
   14.33433433    0.00389050
   14.44444444    0.00387611
   14.55455455    0.00386646
   14.66466466    0.00386615
   14.77477477    0.00387851
   14.88488488    0.00390300
   14.99499499    0.00393386
   15.10510511    0.00396104
   15.21521522    0.00397311
   15.32532533    0.00396143
   15.43543544    0.00392376
   15.54554555    0.00386501
   15.65565566    0.00379488
   15.76576577    0.00372388
   15.87587588    0.00366010
   15.98598599    0.00360748
   16.09609610    0.00356586
   16.20620621    0.00353226
   16.31631632    0.00350260
   16.42642643    0.00347296
   16.53653654    0.00344033
   16.64664665    0.00340317
   16.75675676    0.00336194
   16.86686687    0.00331888
   16.97697698    0.00327670
   17.08708709    0.00323694
   17.19719720    0.00319949
   17.30730731    0.00316345
   17.41741742    0.00312858
   17.52752753    0.00309555
   17.63763764    0.00306493
   17.74774775    0.00303593
   17.85785786    0.00300659
   17.96796797    0.00297530
   18.07807808    0.00294247
   18.18818819    0.00291060
   18.29829830    0.00288297
   18.40840841    0.00286205
   18.51851852    0.00284897
   18.62862863    0.00284406
   18.73873874    0.00284766
   18.84884885    0.00286051
   18.95895896    0.00288339
   19.06906907    0.00291654
   19.17917918    0.00295894
   19.28928929    0.00300780
   19.39939940    0.00305875
   19.50950951    0.00310674
   19.61961962    0.00314737
   19.72972973    0.00317772
   19.83983984    0.00319638
   19.94994995    0.00320346
   20.06006006    0.00320101
   20.17017017    0.00319325
   20.28028028    0.00318557
   20.39039039    0.00318250
   20.50050050    0.00318572
   20.61061061    0.00319365
   20.72072072    0.00320276
   20.83083083    0.00320991
   20.94094094    0.00321416
   21.05105105    0.00321703
   21.16116116    0.00322135
   21.27127127    0.00322977
   21.38138138    0.00324371
   21.49149149    0.00326297
   21.60160160    0.00328551
   21.71171171    0.00330744
   21.82182182    0.00332316
   21.93193193    0.00332567
   22.04204204    0.00330773
   22.15215215    0.00326385
   22.26226226    0.00319291
   22.37237237    0.00309977
   22.48248248    0.00299459
   22.59259259    0.00288983
   22.70270270    0.00279672
   22.81281281    0.00272301
   22.92292292    0.00267236
   23.03303303    0.00264474
   23.14314314    0.00263704
   23.25325325    0.00264360
   23.36336336    0.00265681
   23.47347347    0.00266841
   23.58358358    0.00267128
   23.69369369    0.00266130
   23.80380380    0.00263826
   23.91391391    0.00260545
   24.02402402    0.00256831
   24.13413413    0.00253289
   24.24424424    0.00250447
   24.35435435    0.00248667
   24.46446446    0.00248083
   24.57457457    0.00248598
   24.68468468    0.00249913
   24.79479479    0.00251602
   24.90490490    0.00253210
   25.01501502    0.00254329
   25.12512513    0.00254639
   25.23523524    0.00253921
   25.34534535    0.00252104
   25.45545546    0.00249318
   25.56556557    0.00245914
   25.67567568    0.00242379
   25.78578579    0.00239196
   25.89589590    0.00236689
   26.00600601    0.00234919
   26.11611612    0.00233663
   26.22622623    0.00232483
   26.33633634    0.00230871
   26.44644645    0.00228435
   26.55655656    0.00225032
   26.66666667    0.00220794
   26.77677678    0.00216050
   26.88688689    0.00211212
   26.99699700    0.00206687
   27.10710711    0.00202822
   27.21721722    0.00199861
   27.32732733    0.00197909
   27.43743744    0.00196907
   27.54754755    0.00196640
   27.65765766    0.00196788
   27.76776777    0.00196992
   27.87787788    0.00196940
   27.98798799    0.00196412
   28.09809810    0.00195300
   28.20820821    0.00193580
   28.31831832    0.00191291
   28.42842843    0.00188512
   28.53853854    0.00185362
   28.64864865    0.00181997
   28.75875876    0.00178581
   28.86886887    0.00175254
   28.97897898    0.00172091
   29.08908909    0.00169100
   29.19919920    0.00166239
   29.30930931    0.00163445
   29.41941942    0.00160666
   29.52952953    0.00157887
   29.63963964    0.00155157
   29.74974975    0.00152582
   29.85985986    0.00150286
   29.96996997    0.00148346
   30.08008008    0.00146740
   30.19019019    0.00145329
   30.30030030    0.00143905
   30.41041041    0.00142265
   30.52052052    0.00140301
   30.63063063    0.00138038
   30.74074074    0.00135620
   30.85085085    0.00133236
   30.96096096    0.00131035
   31.07107107    0.00129073
   31.18118118    0.00127295
   31.29129129    0.00125573
   31.40140140    0.00123754
   31.51151151    0.00121728
   31.62162162    0.00119467
   31.73173173    0.00117033
   31.84184184    0.00114555
   31.95195195    0.00112166
   32.06206206    0.00109952
   32.17217217    0.00107914
   32.28228228    0.00105966
   32.39239239    0.00103976
   32.50250250    0.00101832
   32.61261261    0.00099498
   32.72272272    0.00097024
   32.83283283    0.00094525
   32.94294294    0.00092139
   33.05305305    0.00089992
   33.16316316    0.00088177
   33.27327327    0.00086740
   33.38338338    0.00085670
   33.49349349    0.00084898
   33.60360360    0.00084327
   33.71371371    0.00083863
   33.82382382    0.00083450
   33.93393393    0.00083080
   34.04404404    0.00082766
   34.15415415    0.00082511
   34.26426426    0.00082286
   34.37437437    0.00082036
   34.48448448    0.00081705
   34.59459459    0.00081253
   34.70470470    0.00080657
   34.81481481    0.00079916
   34.92492492    0.00079048
   35.03503504    0.00078095
   35.14514515    0.00077104
   35.25525526    0.00076114
   35.36536537    0.00075140
   35.47547548    0.00074173
   35.58558559    0.00073193
   35.69569570    0.00072200
   35.80580581    0.00071223
   35.91591592    0.00070325
   36.02602603    0.00069581
   36.13613614    0.00069052
   36.24624625    0.00068761
   36.35635636    0.00068672
   36.46646647    0.00068694
   36.57657658    0.00068699
   36.68668669    0.00068552
   36.79679680    0.00068144
   36.90690691    0.00067406
   37.01701702    0.00066318
   37.12712713    0.00064901
   37.23723724    0.00063210
   37.34734735    0.00061334
   37.45745746    0.00059386
   37.56756757    0.00057491
   37.67767768    0.00055769
   37.78778779    0.00054312
   37.89789790    0.00053173
   38.00800801    0.00052366
   38.11811812    0.00051873
   38.22822823    0.00051660
   38.33833834    0.00051680
   38.44844845    0.00051881
   38.55855856    0.00052198
   38.66866867    0.00052557
   38.77877878    0.00052884
   38.88888889    0.00053119
   38.99899900    0.00053239
   39.10910911    0.00053253
   39.21921922    0.00053181
   39.32932933    0.00053032
   39.43943944    0.00052785
   39.54954955    0.00052403
   39.65965966    0.00051852
   39.76976977    0.00051125
   39.87987988    0.00050243
   39.98998999    0.00049241
   40.10010010    0.00048164
   40.21021021    0.00047052
   40.32032032    0.00045942
   40.43043043    0.00044863
   40.54054054    0.00043837
   40.65065065    0.00042874
   40.76076076    0.00041965
   40.87087087    0.00041090
   40.98098098    0.00040227
   41.09109109    0.00039369
   41.20120120    0.00038536
   41.31131131    0.00037759
   41.42142142    0.00037070
   41.53153153    0.00036482
   41.64164164    0.00035984
   41.75175175    0.00035546
   41.86186186    0.00035135
   41.97197197    0.00034721
   42.08208208    0.00034293
   42.19219219    0.00033857
   42.30230230    0.00033432
   42.41241241    0.00033041
   42.52252252    0.00032693
   42.63263263    0.00032377
   42.74274274    0.00032064
   42.85285285    0.00031723
   42.96296296    0.00031330
   43.07307307    0.00030880
   43.18318318    0.00030389
   43.29329329    0.00029879
   43.40340340    0.00029374
   43.51351351    0.00028895
   43.62362362    0.00028459
   43.73373373    0.00028076
   43.84384384    0.00027752
   43.95395395    0.00027480
   44.06406406    0.00027248
   44.17417417    0.00027039
   44.28428428    0.00026838
   44.39439439    0.00026634
   44.50450450    0.00026414
   44.61461461    0.00026168
   44.72472472    0.00025886
   44.83483483    0.00025561
   44.94494494    0.00025197
   45.05505506    0.00024802
   45.16516517    0.00024391
   45.27527528    0.00023984
   45.38538539    0.00023601
   45.49549550    0.00023265
   45.60560561    0.00023001
   45.71571572    0.00022825
   45.82582583    0.00022749
   45.93593594    0.00022770
   46.04604605    0.00022876
   46.15615616    0.00023047
   46.26626627    0.00023259
   46.37637638    0.00023491
   46.48648649    0.00023732
   46.59659660    0.00023985
   46.70670671    0.00024269
   46.81681682    0.00024604
   46.92692693    0.00025002
   47.03703704    0.00025458
   47.14714715    0.00025943
   47.25725726    0.00026413
   47.36736737    0.00026816
   47.47747748    0.00027105
   47.58758759    0.00027247
   47.69769770    0.00027224
   47.80780781    0.00027032
   47.91791792    0.00026679
   48.02802803    0.00026183
   48.13813814    0.00025569
   48.24824825    0.00024871
   48.35835836    0.00024123
   48.46846847    0.00023362
   48.57857858    0.00022619
   48.68868869    0.00021913
   48.79879880    0.00021256
   48.90890891    0.00020648
   49.01901902    0.00020086
   49.12912913    0.00019563
   49.23923924    0.00019078
   49.34934935    0.00018629
   49.45945946    0.00018218
   49.56956957    0.00017846
   49.67967968    0.00017509
   49.78978979    0.00017197
   49.89989990    0.00016897
   50.01001001    0.00016597
   50.12012012    0.00016290
   50.23023023    0.00015975
   50.34034034    0.00015665
   50.45045045    0.00015377
   50.56056056    0.00015129
   50.67067067    0.00014935
   50.78078078    0.00014798
   50.89089089    0.00014711
   51.00100100    0.00014655
   51.11111111    0.00014605
   51.22122122    0.00014539
   51.33133133    0.00014437
   51.44144144    0.00014293
   51.55155155    0.00014112
   51.66166166    0.00013908
   51.77177177    0.00013701
   51.88188188    0.00013504
   51.99199199    0.00013325
   52.10210210    0.00013157
   52.21221221    0.00012989
   52.32232232    0.00012805
   52.43243243    0.00012593
   52.54254254    0.00012351
   52.65265265    0.00012085
   52.76276276    0.00011804
   52.87287287    0.00011520
   52.98298298    0.00011242
   53.09309309    0.00010978
   53.20320320    0.00010737
   53.31331331    0.00010527
   53.42342342    0.00010353
   53.53353353    0.00010223
   53.64364364    0.00010135
   53.75375375    0.00010085
   53.86386386    0.00010061
   53.97397397    0.00010049
   54.08408408    0.00010028
   54.19419419    0.00009984
   54.30430430    0.00009905
   54.41441441    0.00009788
   54.52452452    0.00009635
   54.63463463    0.00009455
   54.74474474    0.00009259
   54.85485485    0.00009059
   54.96496496    0.00008867
   55.07507508    0.00008688
   55.18518519    0.00008525
   55.29529530    0.00008373
   55.40540541    0.00008219
   55.51551552    0.00008053
   55.62562563    0.00007869
   55.73573574    0.00007668
   55.84584585    0.00007456
   55.95595596    0.00007244
   56.06606607    0.00007041
   56.17617618    0.00006853
   56.28628629    0.00006682
   56.39639640    0.00006528
   56.50650651    0.00006390
   56.61661662    0.00006266
   56.72672673    0.00006152
   56.83683684    0.00006044
   56.94694695    0.00005940
   57.05705706    0.00005835
   57.16716717    0.00005729
   57.27727728    0.00005620
   57.38738739    0.00005510
   57.49749750    0.00005403
   57.60760761    0.00005298
   57.71771772    0.00005198
   57.82782783    0.00005103
   57.93793794    0.00005011
   58.04804805    0.00004923
   58.15815816    0.00004838
   58.26826827    0.00004756
   58.37837838    0.00004678
   58.48848849    0.00004603
   58.59859860    0.00004531
   58.70870871    0.00004463
   58.81881882    0.00004396
   58.92892893    0.00004331
   59.03903904    0.00004266
   59.14914915    0.00004202
   59.25925926    0.00004140
   59.36936937    0.00004080
   59.47947948    0.00004022
   59.58958959    0.00003966
   59.69969970    0.00003912
   59.80980981    0.00003860
   59.91991992    0.00003811
   60.03003003    0.00003765
   60.14014014    0.00003723
   60.25025025    0.00003685
   60.36036036    0.00003651
   60.47047047    0.00003621
   60.58058058    0.00003594
   60.69069069    0.00003570
   60.80080080    0.00003548
   60.91091091    0.00003528
   61.02102102    0.00003510
   61.13113113    0.00003494
   61.24124124    0.00003481
   61.35135135    0.00003470
   61.46146146    0.00003461
   61.57157157    0.00003455
   61.68168168    0.00003451
   61.79179179    0.00003449
   61.90190190    0.00003448
   62.01201201    0.00003450
   62.12212212    0.00003453
   62.23223223    0.00003459
   62.34234234    0.00003468
   62.45245245    0.00003479
   62.56256256    0.00003495
   62.67267267    0.00003514
   62.78278278    0.00003538
   62.89289289    0.00003565
   63.00300300    0.00003596
   63.11311311    0.00003631
   63.22322322    0.00003670
   63.33333333    0.00003713
   63.44344344    0.00003759
   63.55355355    0.00003810
   63.66366366    0.00003865
   63.77377377    0.00003924
   63.88388388    0.00003987
   63.99399399    0.00004053
   64.10410410    0.00004121
   64.21421421    0.00004192
   64.32432432    0.00004265
   64.43443443    0.00004340
   64.54454454    0.00004419
   64.65465465    0.00004500
   64.76476476    0.00004582
   64.87487487    0.00004664
   64.98498498    0.00004744
   65.09509510    0.00004820
   65.20520521    0.00004891
   65.31531532    0.00004955
   65.42542543    0.00005014
   65.53553554    0.00005070
   65.64564565    0.00005124
   65.75575576    0.00005178
   65.86586587    0.00005232
   65.97597598    0.00005289
   66.08608609    0.00005347
   66.19619620    0.00005408
   66.30630631    0.00005471
   66.41641642    0.00005537
   66.52652653    0.00005605
   66.63663664    0.00005678
   66.74674675    0.00005754
   66.85685686    0.00005834
   66.96696697    0.00005917
   67.07707708    0.00006004
   67.18718719    0.00006092
   67.29729730    0.00006179
   67.40740741    0.00006265
   67.51751752    0.00006347
   67.62762763    0.00006422
   67.73773774    0.00006492
   67.84784785    0.00006558
   67.95795796    0.00006623
   68.06806807    0.00006691
   68.17817818    0.00006765
   68.28828829    0.00006848
   68.39839840    0.00006942
   68.50850851    0.00007051
   68.61861862    0.00007176
   68.72872873    0.00007320
   68.83883884    0.00007483
   68.94894895    0.00007664
   69.05905906    0.00007860
   69.16916917    0.00008066
   69.27927928    0.00008278
   69.38938939    0.00008494
   69.49949950    0.00008714
   69.60960961    0.00008940
   69.71971972    0.00009176
   69.82982983    0.00009424
   69.93993994    0.00009686
   70.05005005    0.00009960
   70.16016016    0.00010243
   70.27027027    0.00010532
   70.38038038    0.00010823
   70.49049049    0.00011112
   70.60060060    0.00011393
   70.71071071    0.00011665
   70.82082082    0.00011922
   70.93093093    0.00012164
   71.04104104    0.00012389
   71.15115115    0.00012598
   71.26126126    0.00012792
   71.37137137    0.00012972
   71.48148148    0.00013145
   71.59159159    0.00013315
   71.70170170    0.00013489
   71.81181181    0.00013671
   71.92192192    0.00013860
   72.03203203    0.00014055
   72.14214214    0.00014255
   72.25225225    0.00014463
   72.36236236    0.00014685
   72.47247247    0.00014928
   72.58258258    0.00015193
   72.69269269    0.00015480
   72.80280280    0.00015782
   72.91291291    0.00016093
   73.02302302    0.00016404
   73.13313313    0.00016709
   73.24324324    0.00017009
   73.35335335    0.00017305
   73.46346346    0.00017603
   73.57357357    0.00017908
   73.68368368    0.00018232
   73.79379379    0.00018587
   73.90390390    0.00018986
   74.01401401    0.00019437
   74.12412412    0.00019940
   74.23423423    0.00020480
   74.34434434    0.00021033
   74.45445445    0.00021572
   74.56456456    0.00022075
   74.67467467    0.00022529
   74.78478478    0.00022932
   74.89489489    0.00023288
   75.00500501    0.00023601
   75.11511512    0.00023869
   75.22522523    0.00024088
   75.33533534    0.00024248
   75.44544545    0.00024349
   75.55555556    0.00024397
   75.66566567    0.00024410
   75.77577578    0.00024408
   75.88588589    0.00024408
   75.99599600    0.00024428
   76.10610611    0.00024482
   76.21621622    0.00024583
   76.32632633    0.00024736
   76.43643644    0.00024933
   76.54654655    0.00025152
   76.65665666    0.00025362
   76.76676677    0.00025532
   76.87687688    0.00025646
   76.98698699    0.00025707
   77.09709710    0.00025737
   77.20720721    0.00025768
   77.31731732    0.00025833
   77.42742743    0.00025958
   77.53753754    0.00026155
   77.64764765    0.00026423
   77.75775776    0.00026745
   77.86786787    0.00027098
   77.97797798    0.00027459
   78.08808809    0.00027811
   78.19819820    0.00028143
   78.30830831    0.00028453
   78.41841842    0.00028739
   78.52852853    0.00029001
   78.63863864    0.00029237
   78.74874875    0.00029444
   78.85885886    0.00029620
   78.96896897    0.00029771
   79.07907908    0.00029907
   79.18918919    0.00030039
   79.29929930    0.00030177
   79.40940941    0.00030326
   79.51951952    0.00030483
   79.62962963    0.00030647
   79.73973974    0.00030814
   79.84984985    0.00030983
   79.95995996    0.00031150
   80.07007007    0.00031311
   80.18018018    0.00031462
   80.29029029    0.00031601
   80.40040040    0.00031733
   80.51051051    0.00031874
   80.62062062    0.00032055
   80.73073073    0.00032316
   80.84084084    0.00032702
   80.95095095    0.00033257
   81.06106106    0.00034014
   81.17117117    0.00034994
   81.28128128    0.00036204
   81.39139139    0.00037636
   81.50150150    0.00039271
   81.61161161    0.00041081
   81.72172172    0.00043032
   81.83183183    0.00045083
   81.94194194    0.00047180
   82.05205205    0.00049260
   82.16216216    0.00051259
   82.27227227    0.00053128
   82.38238238    0.00054843
   82.49249249    0.00056413
   82.60260260    0.00057860
   82.71271271    0.00059201
   82.82282282    0.00060427
   82.93293293    0.00061487
   83.04304304    0.00062299
   83.15315315    0.00062763
   83.26326326    0.00062805
   83.37337337    0.00062399
   83.48348348    0.00061597
   83.59359359    0.00060511
   83.70370370    0.00059283
   83.81381381    0.00058047
   83.92392392    0.00056898
   84.03403403    0.00055888
   84.14414414    0.00055034
   84.25425425    0.00054328
   84.36436436    0.00053751
   84.47447447    0.00053279
   84.58458458    0.00052885
   84.69469469    0.00052545
   84.80480480    0.00052238
   84.91491491    0.00051954
   85.02502503    0.00051689
   85.13513514    0.00051442
   85.24524525    0.00051211
   85.35535536    0.00050995
   85.46546547    0.00050791
   85.57557558    0.00050600
   85.68568569    0.00050421
   85.79579580    0.00050257
   85.90590591    0.00050109
   86.01601602    0.00049988
   86.12612613    0.00049918
   86.23623624    0.00049928
   86.34634635    0.00050048
   86.45645646    0.00050294
   86.56656657    0.00050663
   86.67667668    0.00051132
   86.78678679    0.00051658
   86.89689690    0.00052183
   87.00700701    0.00052644
   87.11711712    0.00052979
   87.22722723    0.00053144
   87.33733734    0.00053125
   87.44744745    0.00052941
   87.55755756    0.00052646
   87.66766767    0.00052314
   87.77777778    0.00052023
   87.88788789    0.00051837
   87.99799800    0.00051789
   88.10810811    0.00051874
   88.21821822    0.00052055
   88.32832833    0.00052273
   88.43843844    0.00052471
   88.54854855    0.00052606
   88.65865866    0.00052667
   88.76876877    0.00052665
   88.87887888    0.00052631
   88.98898899    0.00052599
   89.09909910    0.00052603
   89.20920921    0.00052671
   89.31931932    0.00052825
   89.42942943    0.00053088
   89.53953954    0.00053473
   89.64964965    0.00053985
   89.75975976    0.00054609
   89.86986987    0.00055315
   89.97997998    0.00056054
   90.09009009    0.00056773
   90.20020020    0.00057424
   90.31031031    0.00057973
   90.42042042    0.00058405
   90.53053053    0.00058722
   90.64064064    0.00058940
   90.75075075    0.00059078
   90.86086086    0.00059161
   90.97097097    0.00059210
   91.08108108    0.00059244
   91.19119119    0.00059266
   91.30130130    0.00059272
   91.41141141    0.00059253
   91.52152152    0.00059201
   91.63163163    0.00059115
   91.74174174    0.00059007
   91.85185185    0.00058899
   91.96196196    0.00058815
   92.07207207    0.00058777
   92.18218218    0.00058796
   92.29229229    0.00058867
   92.40240240    0.00058980
   92.51251251    0.00059124
   92.62262262    0.00059302
   92.73273273    0.00059531
   92.84284284    0.00059835
   92.95295295    0.00060241
   93.06306306    0.00060761
   93.17317317    0.00061398
   93.28328328    0.00062141
   93.39339339    0.00062972
   93.50350350    0.00063872
   93.61361361    0.00064820
   93.72372372    0.00065792
   93.83383383    0.00066754
   93.94394394    0.00067667
   94.05405405    0.00068491
   94.16416416    0.00069197
   94.27427427    0.00069770
   94.38438438    0.00070215
   94.49449449    0.00070542
   94.60460460    0.00070768
   94.71471471    0.00070909
   94.82482482    0.00070981
   94.93493493    0.00071002
   95.04504505    0.00070994
   95.15515516    0.00070979
   95.26526527    0.00070978
   95.37537538    0.00071008
   95.48548549    0.00071068
   95.59559560    0.00071143
   95.70570571    0.00071203
   95.81581582    0.00071210
   95.92592593    0.00071132
   96.03603604    0.00070952
   96.14614615    0.00070680
   96.25625626    0.00070350
   96.36636637    0.00070017
   96.47647648    0.00069743
   96.58658659    0.00069587
   96.69669670    0.00069595
   96.80680681    0.00069788
   96.91691692    0.00070156
   97.02702703    0.00070659
   97.13713714    0.00071230
   97.24724725    0.00071789
   97.35735736    0.00072265
   97.46746747    0.00072612
   97.57757758    0.00072830
   97.68768769    0.00072966
   97.79779780    0.00073098
   97.90790791    0.00073311
   98.01801802    0.00073661
   98.12812813    0.00074163
   98.23823824    0.00074774
   98.34834835    0.00075401
   98.45845846    0.00075917
   98.56856857    0.00076191
   98.67867868    0.00076122
   98.78878879    0.00075674
   98.89889890    0.00074883
   99.00900901    0.00073841
   99.11911912    0.00072667
   99.22922923    0.00071477
   99.33933934    0.00070374
   99.44944945    0.00069442
   99.55955956    0.00068741
   99.66966967    0.00068312
   99.77977978    0.00068172
   99.88988989    0.00068307
  100.00000000    0.00068671
