 Sum of diagonal terms per q-point:  0.579926032001529     
 Error and loop index:  1.874226502567600E-002         140
    Temperature is:   0.00 K
 Atomic positions         250
   Si   -0.02328803   0.00782477  -0.04246522
   Si    1.36912446   1.35179486   1.23069758
   Si   -2.66488343   0.08478393   2.74409924
   Si   -1.28518627   1.29554254   4.16040213
   Si   -5.35330757  -0.05697058   5.39883956
   Si   -4.06792761   1.38318692   6.74366179
   Si   -8.08203921   0.11302685   8.15509463
   Si   -6.77744255   1.34851043   9.49323017
   Si  -10.83827928  -0.01338496  10.82644224
   Si   -9.44940025   1.35073652  12.08902254
   Si   -0.01606876   2.62323068   2.63341116
   Si    1.24872845   3.98094162   4.08334623
   Si   -2.71131584   2.78589314   5.46069864
   Si   -1.30858379   4.01307532   6.75955008
   Si   -5.37563616   2.71885703   8.11780542
   Si   -4.00925111   4.08951896   9.50019202
   Si   -8.07876665   2.72088226  10.84252757
   Si   -6.80509790   4.11459704  12.21244428
   Si  -10.87742606   2.67199007  13.52276653
   Si   -9.45860957   4.03095644  14.90778470
   Si   -0.06300849   5.39046496   5.37526438
   Si    1.33273046   6.76477257   6.70486737
   Si   -2.77717622   5.48355587   8.02370520
   Si   -1.37872649   6.74530603   9.42117481
   Si   -5.39381242   5.43638775  10.77677070
   Si   -4.11128142   6.82266872  12.15454534
   Si   -8.18718684   5.35766520  13.47441556
   Si   -6.85271070   6.64217629  14.91842344
   Si  -10.92660954   5.46771353  16.13779236
   Si   -9.37316744   6.69575902  17.44678857
   Si    0.03930196   8.12334570   8.05325181
   Si    1.32442412   9.39057262   9.42174412
   Si   -2.68691295   8.12142102  10.85772025
   Si   -1.32088285   9.49923102  12.24186579
   Si   -5.42908513   8.00378749  13.58137832
   Si   -4.09294867   9.40369044  14.94078889
   Si   -8.17940977   8.06107249  16.20301443
   Si   -6.71087582   9.45761919  17.50853170
   Si  -10.77447278   8.12575654  18.87711973
   Si   -9.43951924   9.43059858  20.27119819
   Si    0.04212064  10.81523622  10.83481366
   Si    1.36783567  12.22428715  12.20020418
   Si   -2.71793497  10.82523948  13.58362942
   Si   -1.37501377  12.14116683  14.88430293
   Si   -5.37319772  10.83292862  16.18572313
   Si   -3.98916542  12.13152762  17.57109520
   Si   -8.05148996  10.89812495  18.97969881
   Si   -6.74414592  12.18258091  20.24330468
   Si  -10.74091829  10.68907257  21.62712962
   Si   -9.39362852  12.15320916  22.96262542
   Si   -2.73874772   2.77357594   0.02840590
   Si   -1.28331160   4.03690325   1.33962841
   Si   -5.35679407   2.72757155   2.66667864
   Si   -4.03697020   4.05965966   4.07813458
   Si   -8.06239668   2.59430245   5.38485298
   Si   -6.76426202   4.04065993   6.70146642
   Si  -10.82223024   2.70661820   8.05177442
   Si   -9.40724943   4.07205370   9.51148567
   Si  -13.51999032   2.70236812  10.82759730
   Si  -12.11360566   4.08972867  12.20367715
   Si   -2.74158067   5.38661821   2.65699261
   Si   -1.32129363   6.70983109   4.00668176
   Si   -5.41756856   5.45171001   5.35342727
   Si   -4.02712823   6.79596300   6.63231956
   Si   -8.06908966   5.39413757   8.22264179
   Si   -6.72114041   6.69181397   9.44827505
   Si  -10.77150571   5.39809990  10.86090725
   Si   -9.42731700   6.86079683  12.10931172
   Si  -13.55707219   5.42388446  13.41939597
   Si  -12.15352320   6.78102065  14.83058730
   Si   -2.57060248   8.10647108   5.33219941
   Si   -1.30751768   9.47869924   6.72551683
   Si   -5.42447190   8.10721374   8.10747753
   Si   -4.01697932   9.40094494   9.39644633
   Si   -8.02988142   8.11395505  10.76112665
   Si   -6.75939343   9.41226561  12.17885350
   Si  -10.82764527   8.08694724  13.53818584
   Si   -9.46773546   9.46977456  14.83868155
   Si  -13.55579755   8.13431615  16.08508637
   Si  -12.15986951   9.44592066  17.47318064
   Si   -2.59337764  10.82799201   8.06773042
   Si   -1.28658015  12.18255028   9.53206165
   Si   -5.34859723  10.71119250  10.72024077
   Si   -4.05430868  12.14246443  12.08304243
   Si   -8.08288531  10.75131454  13.45898540
   Si   -6.78921074  12.12380059  14.85653609
   Si  -10.79526086  10.81798253  16.22289396
   Si   -9.43881595  12.18068592  17.58333935
   Si  -13.49055911  10.74386997  18.85419495
   Si  -12.15366211  12.17410662  20.18323230
   Si   -2.72272719  13.49453944  10.79440133
   Si   -1.42673914  14.88777796  12.09511011
   Si   -5.40828664  13.44445845  13.47273104
   Si   -4.06270927  14.81679036  14.78892478
   Si   -8.06713104  13.49411984  16.32975412
   Si   -6.64822992  14.81806215  17.57816214
   Si  -10.81959308  13.52962501  18.84683495
   Si   -9.48365223  14.84645187  20.27390061
   Si  -13.51510488  13.43360721  21.56422072
   Si  -12.21060011  14.87378400  22.95771337
   Si   -5.39966546   5.43023897   0.04922244
   Si   -4.13557765   6.83279854   1.25515425
   Si   -8.06401485   5.40784134   2.75359877
   Si   -6.73246203   6.73945102   4.02406202
   Si  -10.70929277   5.45521582   5.42296914
   Si   -9.40097320   6.68080099   6.78761626
   Si  -13.57379571   5.47029035   8.08837767
   Si  -12.18878539   6.80281326   9.43748184
   Si  -16.13094602   5.40994037  10.76919275
   Si  -14.79422890   6.74558717  12.12990778
   Si   -5.52104960   8.07088972   2.71140864
   Si   -3.97392062   9.46291766   4.02612129
   Si   -8.15994370   8.12050455   5.34891151
   Si   -6.74110577   9.49913569   6.68298242
   Si  -10.77818975   8.13268149   8.13157716
   Si   -9.46803229   9.50055189   9.42553182
   Si  -13.43372392   8.20287951  10.79773025
   Si  -12.07012646   9.46906989  12.23348797
   Si  -16.17305513   8.13834681  13.51167843
   Si  -14.85546391   9.55211969  14.83359107
   Si   -5.36085193  10.79708538   5.36571060
   Si   -4.05888547  12.08943039   6.74858934
   Si   -8.10700153  10.85163204   8.09214911
   Si   -6.79787568  12.15141098   9.47368349
   Si  -10.75157793  10.70869550  10.81304055
   Si   -9.48268929  12.11948232  12.15210278
   Si  -13.44467854  10.81452858  13.43798270
   Si  -12.13416316  12.16984516  14.89229380
   Si  -16.21878795  10.82185308  16.16335293
   Si  -14.89319167  12.13321724  17.59434760
   Si   -5.36347066  13.44562039   8.17804964
   Si   -4.09568701  14.86425768   9.43438978
   Si   -8.07398107  13.59054646  10.79046552
   Si   -6.76622675  14.96097404  12.11791012
   Si  -10.64492031  13.47891069  13.55476139
   Si   -9.34258904  14.86352799  14.94751440
   Si  -13.54577362  13.52060681  16.25223976
   Si  -12.16105465  14.84499728  17.58739477
   Si  -16.22528410  13.49146851  18.89219898
   Si  -14.81765188  14.76443206  20.20733206
   Si   -5.34021365  16.20619818  10.72162645
   Si   -4.12953476  17.54670471  12.14693327
   Si   -8.07755864  16.20794925  13.48019420
   Si   -6.75507941  17.57556950  14.89709430
   Si  -10.74708560  16.26293898  16.17107001
   Si   -9.43146335  17.57485604  17.53816280
   Si  -13.47447601  16.20521786  18.93355336
   Si  -12.19143413  17.68297771  20.24674028
   Si  -16.16758609  16.12429541  21.53457575
   Si  -14.89300784  17.56911392  22.96583839
   Si   -8.09238939   8.04518289  -0.00819796
   Si   -6.76597035   9.40262571   1.36834535
   Si  -10.77288786   8.10079838   2.74931404
   Si   -9.51207594   9.44959111   4.09890606
   Si  -13.50500111   8.10940614   5.42500103
   Si  -12.24939659   9.45102671   6.78298754
   Si  -16.23339867   8.09954479   8.03308832
   Si  -14.94671392   9.37785762   9.46008158
   Si  -18.88231632   8.09688619  10.78268793
   Si  -17.55288213   9.48727623  12.07705064
   Si   -8.08292142  10.77093774   2.73229784
   Si   -6.76576017  12.15802159   4.03869910
   Si  -10.82785830  10.74514836   5.46472041
   Si   -9.41115217  12.22172968   6.76763237
   Si  -13.60200248  10.80622428   8.20146122
   Si  -12.15188216  12.09576701   9.43487711
   Si  -16.26588793  10.74510063  10.75751414
   Si  -14.87049106  12.17842869  12.19294399
   Si  -18.87519822  10.75215740  13.45312083
   Si  -17.55153641  12.15186325  14.86183125
   Si   -8.08761542  13.45974995   5.32649302
   Si   -6.71322560  14.84561833   6.75251003
   Si  -10.87282283  13.52063742   8.04762687
   Si   -9.50070281  14.89956644   9.46408251
   Si  -13.49997546  13.46414598  10.76157921
   Si  -12.13372548  14.85172240  12.23898397
   Si  -16.23674936  13.60149949  13.49955068
   Si  -14.85001695  14.83475367  14.80360079
   Si  -18.87504878  13.55136030  16.12771692
   Si  -17.55839683  14.81544537  17.49230995
   Si   -8.16578038  16.19107312   8.08378974
   Si   -6.73742075  17.50298256   9.44420960
   Si  -10.85199396  16.16625922  10.85219783
   Si   -9.41834407  17.53998811  12.16737102
   Si  -13.55155209  16.17060168  13.53099043
   Si  -12.16625812  17.54902639  14.80769718
   Si  -16.20898776  16.15365533  16.14410724
   Si  -14.84556866  17.57719862  17.53254145
   Si  -18.81074046  16.13290840  18.87654965
   Si  -17.51018580  17.53449681  20.23489229
   Si   -8.14412342  18.89983049  10.77707497
   Si   -6.66944555  20.16954009  12.13163551
   Si  -10.78286872  18.95996307  13.46431763
   Si   -9.40677538  20.20862502  14.87607959
   Si  -13.46043738  18.86549363  16.17664016
   Si  -12.12588763  20.23338895  17.51749529
   Si  -16.25202031  18.89234329  18.92970378
   Si  -14.86831030  20.27668631  20.12463223
   Si  -18.89219039  18.95884488  21.57538514
   Si  -17.56058369  20.28923816  22.93107287
   Si  -10.85257052  10.78203665   0.00304489
   Si   -9.44394168  12.19087869   1.37197972
   Si  -13.61159551  10.70736347   2.83340841
   Si  -12.14302764  12.10179167   4.12761866
   Si  -16.17896696  10.72499986   5.45827787
   Si  -14.93112450  12.07904885   6.70375097
   Si  -18.83332787  10.86112488   8.09670079
   Si  -17.55505448  12.20372242   9.46103960
   Si  -21.65812476  10.74646846  10.83905794
   Si  -20.34413564  12.13093636  12.19689200
   Si  -10.88905946  13.43393765   2.76895898
   Si   -9.54172079  14.80858572   4.08401722
   Si  -13.48235796  13.45960734   5.43363336
   Si  -12.15488436  14.88021596   6.77659085
   Si  -16.14900142  13.52634001   8.11712757
   Si  -14.80779029  14.74097180   9.45455847
   Si  -18.92347946  13.49932048  10.83911706
   Si  -17.52712357  14.86589173  12.09786466
   Si  -21.57504320  13.53397371  13.56006064
   Si  -20.34887866  15.00228335  14.79230985
   Si  -10.79483311  16.22992154   5.40220632
   Si   -9.43430160  17.52020292   6.75055725
   Si  -13.50936217  16.22671074   8.11590523
   Si  -12.15598382  17.53910908   9.41366877
   Si  -16.16106280  16.26476169  10.85010375
   Si  -14.84336033  17.59063033  12.22112668
   Si  -18.92726925  16.26193705  13.53509543
   Si  -17.46809213  17.53292868  14.77099004
   Si  -21.66615549  16.16645874  16.23106126
   Si  -20.26002949  17.50814860  17.61539346
   Si  -10.77114267  18.92390210   8.10005898
   Si   -9.45483669  20.32230785   9.41684651
   Si  -13.50581554  18.87013082  10.79457583
   Si  -12.14362952  20.25539837  12.12146224
   Si  -16.22216200  18.91434450  13.43791570
   Si  -14.86626053  20.22313185  14.89461642
   Si  -18.92751606  18.76140092  16.11606970
   Si  -17.62163196  20.14994546  17.49174538
   Si  -21.57542685  18.87896483  18.95432423
   Si  -20.09067993  20.26194379  20.20204042
   Si  -10.77754995  21.57273251  10.79679779
   Si   -9.33919634  22.87462412  12.25013540
   Si  -13.47812795  21.61570825  13.50472939
   Si  -12.12376899  22.97304075  14.86875909
   Si  -16.24893030  21.67554268  16.22086762
   Si  -14.95171192  22.88503600  17.60569584
   Si  -18.87246027  21.55695240  18.84656487
   Si  -17.45915816  22.86478002  20.24008600
   Si  -21.54090266  21.53647095  21.55622102
   Si  -20.26465134  22.91125703  22.95531576
 Anisotropic displacement tensor vs exact values:
Atom: 1
   Si    0.196957   0.196560   0.189928
        Exact values
   Si    0.191051   0.191051   0.191051
Atom: 2
   Si    0.191846   0.182140   0.188886
        Exact values
   Si    0.191054   0.191054   0.191054
 off-diagonal terms
   Si    0.010573  -0.006026   0.005612
   Si   -0.015505   0.004825  -0.022593
