 Sum of diagonal terms per q-point:  0.59075180760124768     
 Error and loop index:   2.7062291033367575E-002           1
    Temperature is:   0.00 K
 Atomic positions        1024
   Si    0.04350149  -0.05120719  -0.03403268
   Si    1.38428025   1.37068884   1.33337511
   Si   -2.71207696  -0.02811145   2.68620473
   Si   -1.39172631   1.37109494   4.05589623
   Si   -5.45603099  -0.06015569   5.39142521
   Si   -4.03986419   1.43301886   6.73187253
   Si   -8.13112688   0.09871195   8.12891200
   Si   -6.76592083   1.31702589   9.53094892
   Si  -10.72718783   0.01456356  10.89355050
   Si   -9.42111115   1.42031731  12.12669937
   Si  -13.48233808   0.03448163  13.60434600
   Si  -12.10576548   1.41546000  14.77417960
   Si  -16.23904369  -0.00884105  16.27395115
   Si  -14.84121735   1.31193597  17.45997030
   Si  -18.91993839  -0.03688161  18.92227829
   Si  -17.53487258   1.30993360  20.22028274
   Si   -0.07786259   2.71865108   2.62154736
   Si    1.32632426   4.05212556   4.03102934
   Si   -2.72043614   2.73229250   5.43432495
   Si   -1.46118160   4.10305167   6.81808216
   Si   -5.41684837   2.66939045   8.04105017
   Si   -4.03439726   3.97769217   9.38955832
   Si   -8.09287324   2.70527830  10.78913100
   Si   -6.80478208   4.10766252  12.12696024
   Si  -10.77018815   2.73148517  13.51904402
   Si   -9.40332619   4.09088354  14.96343784
   Si  -13.58608039   2.66122569  16.16444782
   Si  -12.16789360   4.11073140  17.49781021
   Si  -16.18020310   2.76143657  18.91608273
   Si  -14.92921509   4.11724811  20.23307500
   Si  -18.86809524   2.68203614  21.54419184
   Si  -17.43346943   3.94195537  22.98936666
   Si   -0.07004942   5.48480254   5.39470134
   Si    1.31916900   6.69034884   6.77850003
   Si   -2.69371064   5.32941135   8.11916976
   Si   -1.25437259   6.70841945   9.45447973
   Si   -5.34286148   5.41876541  10.92048985
   Si   -4.02290533   6.70242211  12.10102088
   Si   -8.02997764   5.36251917  13.51993994
   Si   -6.74117439   6.73323487  14.85950606
   Si  -10.79938431   5.45305658  16.23290521
   Si   -9.40258434   6.74423482  17.61141888
   Si  -13.52283126   5.38966620  18.84068926
   Si  -12.14769062   6.70997746  20.22834996
   Si  -16.26611182   5.40675157  21.67308872
   Si  -14.81482426   6.77113328  23.00665641
   Si  -18.92159908   5.40349089  24.26715085
   Si  -17.53832160   6.73776823  25.67068846
   Si   -0.03741518   8.04691206   8.05455304
   Si    1.31182754   9.43272820   9.40614099
   Si   -2.68895437   8.15926991  10.76660281
   Si   -1.34780137   9.39953934  12.03931260
   Si   -5.32540914   8.06898265  13.48257223
   Si   -4.06725596   9.48650254  14.85619985
   Si   -8.14421895   8.09614725  16.17433616
   Si   -6.80895618   9.37040391  17.49380246
   Si  -10.76362671   8.12887830  18.97857724
   Si   -9.46833951   9.45252689  20.22860038
   Si  -13.58413052   7.98950640  21.59077193
   Si  -12.12847783   9.34711256  22.99091326
   Si  -16.17918754   8.12418811  24.34272961
   Si  -14.84893713   9.48175329  25.73307120
   Si  -18.91349837   8.04419158  26.91914266
   Si  -17.54971154   9.42139348  28.41191563
   Si   -0.01876725  10.79744571  10.84036876
   Si    1.33399546  12.19007301  12.09987702
   Si   -2.72805703  10.74410088  13.50094892
   Si   -1.32005940  12.20677775  14.79613659
   Si   -5.34182854  10.75166966  16.25044570
   Si   -3.96909176  12.16126199  17.60625038
   Si   -8.02271499  10.80020032  18.89050280
   Si   -6.78157205  12.11171340  20.23474807
   Si  -10.83994439  10.88836045  21.64473504
   Si   -9.45132111  12.14723052  23.01095468
   Si  -13.49155114  10.81385570  24.31757106
   Si  -12.19346304  12.04878333  25.68629771
   Si  -16.20040848  10.78169047  27.05721104
   Si  -14.82904493  12.03971117  28.32628957
   Si  -18.87359609  10.86833477  29.65828206
   Si  -17.48448614  12.08580130  31.00453706
   Si    0.01759240  13.53989960  13.52793656
   Si    1.27895055  14.88275848  14.89592715
   Si   -2.64777193  13.52085416  16.11150660
   Si   -1.28937705  14.85471789  17.49169881
   Si   -5.40558985  13.47640702  18.92498841
   Si   -4.13919281  14.90560974  20.23484680
   Si   -8.12761799  13.54826720  21.64585136
   Si   -6.76299343  14.79618916  22.88216563
   Si  -10.88533319  13.48834506  24.26698886
   Si   -9.49620179  14.84230447  25.61560151
   Si  -13.45633741  13.43161029  26.95071943
   Si  -12.06655018  14.85562633  28.34324082
   Si  -16.19610492  13.44764621  29.69223052
   Si  -14.78354895  14.79110886  31.00204782
   Si  -18.90516542  13.54894204  32.39663882
   Si  -17.50144452  14.78207095  33.73753363
   Si    0.01929956  16.21929105  16.18384270
   Si    1.24717605  17.49615099  17.58096097
   Si   -2.69462508  16.14369664  18.93302390
   Si   -1.37109484  17.48109437  20.19383135
   Si   -5.40990553  16.21537434  21.57336147
   Si   -4.03418271  17.47789604  22.94436288
   Si   -8.07639864  16.15584602  24.34316552
   Si   -6.77282031  17.49558835  25.76394089
   Si  -10.82127196  16.22533615  26.97004090
   Si   -9.42577555  17.50086494  28.35324929
   Si  -13.46392783  16.31480126  29.60643774
   Si  -12.10914558  17.58659628  31.06109571
   Si  -16.19569308  16.21791404  32.46386786
   Si  -14.93786567  17.51324327  33.72254792
   Si  -18.84491081  16.26717250  35.05724321
   Si  -17.60668363  17.51350781  36.43124345
   Si   -0.07307413  18.88582752  19.02482479
   Si    1.32920364  20.28129348  20.28628904
   Si   -2.63673263  18.89332875  21.63873394
   Si   -1.36857500  20.29879116  23.01670266
   Si   -5.44453643  18.95331664  24.27540051
   Si   -4.07145295  20.21110041  25.71577551
   Si   -8.11031152  18.89739596  26.95438150
   Si   -6.79065106  20.35756803  28.41006233
   Si  -10.84340506  18.89189590  29.69747226
   Si   -9.38135830  20.24065834  31.13532324
   Si  -13.57051477  18.87395372  32.42560633
   Si  -12.08655540  20.25460607  33.67963994
   Si  -16.31238982  18.89382660  35.07889041
   Si  -14.83556444  20.24084328  36.46947071
   Si  -18.88911943  18.84021005  37.88753605
   Si  -17.61807884  20.24522247  39.08146145
   Si   -2.69288322   2.73263327   0.01485222
   Si   -1.35274833   4.05466047   1.31860171
   Si   -5.46381944   2.74917402   2.59966729
   Si   -4.17897352   4.03031154   4.11045204
   Si   -8.11025658   2.70119041   5.41257683
   Si   -6.70526244   4.00080778   6.73528536
   Si  -10.83425397   2.65616224   8.08890487
   Si   -9.45243375   4.08599353   9.35170584
   Si  -13.51418260   2.64541123  10.77151959
   Si  -12.14149583   4.09403670  12.09412179
   Si  -16.20660421   2.69654099  13.42324343
   Si  -14.82090373   4.07459805  14.84754104
   Si  -18.89938170   2.72939179  16.19092451
   Si  -17.48758331   4.04155950  17.54764472
   Si  -21.51965000   2.66339974  18.95635221
   Si  -20.20096864   4.03513360  20.29895228
   Si   -2.74944922   5.40337527   2.65122549
   Si   -1.35341550   6.73041325   3.97588953
   Si   -5.46375849   5.34575664   5.39781156
   Si   -4.03838466   6.76314943   6.78418778
   Si   -8.03785856   5.37507996   8.02644756
   Si   -6.72556512   6.68145818   9.44926943
   Si  -10.79627818   5.43000755  10.77225322
   Si   -9.39657751   6.70066971  12.15877373
   Si  -13.49174075   5.45625747  13.49246624
   Si  -12.19664685   6.78195514  14.86911948
   Si  -16.16702703   5.45242066  16.19361913
   Si  -14.84464290   6.80936622  17.54936616
   Si  -18.78070824   5.36719464  19.02113312
   Si  -17.51705090   6.81200920  20.27049853
   Si  -21.59505697   5.43466389  21.61982740
   Si  -20.16219006   6.75408079  22.94510919
   Si   -2.66763076   8.07697257   5.35268744
   Si   -1.38280001   9.44370494   6.75734672
   Si   -5.39033922   8.02923111   8.16457264
   Si   -4.14842835   9.48450777   9.51298435
   Si   -8.13494911   8.05635924  10.78001977
   Si   -6.70595248   9.41518440  12.17821440
   Si  -10.81142841   8.12969325  13.54402319
   Si   -9.46628951   9.46071227  14.91184965
   Si  -13.48382583   8.12506726  16.14166523
   Si  -12.16907808   9.40385918  17.52570716
   Si  -16.22244701   8.07917405  18.83697423
   Si  -14.92597794   9.38706574  20.27561911
   Si  -18.88266224   8.22528475  21.62669724
   Si  -17.53653372   9.42718250  23.00372019
   Si  -21.52036139   8.18846295  24.28182053
   Si  -20.26940143   9.46908093  25.71444812
   Si   -2.65751529  10.81386928   8.12343536
   Si   -1.32516647  12.21088333   9.36997227
   Si   -5.42278956  10.80340526  10.87894494
   Si   -4.01917252  12.12273232  12.22288976
   Si   -8.09905073  10.66993480  13.61375673
   Si   -6.77126823  12.04500305  14.95787465
   Si  -10.86454678  10.84597080  16.24013668
   Si   -9.56674494  12.15001229  17.58674053
   Si  -13.50731844  10.75991304  18.85551366
   Si  -12.20709776  12.04070201  20.19772843
   Si  -16.23761546  10.75057983  21.56314541
   Si  -14.86972440  12.02793091  22.95173310
   Si  -18.89929084  10.83204708  24.35718111
   Si  -17.58676136  12.25660149  25.63149893
   Si  -21.61944650  10.77975998  27.05672641
   Si  -20.19008498  12.17949750  28.38205047
   Si   -2.74085616  13.42241353  10.70019067
   Si   -1.38682651  14.89512364  12.12210682
   Si   -5.43820895  13.38808424  13.54062386
   Si   -3.96783982  14.84811696  14.75313870
   Si   -8.19842172  13.44297780  16.23571205
   Si   -6.82112096  14.89593586  17.51806332
   Si  -10.88145580  13.50530331  18.88631501
   Si   -9.45030665  14.81237141  20.21725548
   Si  -13.54634863  13.42401741  21.54232740
   Si  -12.19079758  14.80395520  22.87041601
   Si  -16.24924044  13.48901988  24.33726558
   Si  -14.79952799  14.81440547  25.66004524
   Si  -18.87506390  13.47291688  26.99580304
   Si  -17.51304299  14.89370275  28.32246583
   Si  -21.55042619  13.49319068  29.65939335
   Si  -20.24870680  14.90219521  31.01235518
   Si   -2.67327180  16.22850288  13.43306187
   Si   -1.39616258  17.57569724  14.87339739
   Si   -5.32663485  16.17419402  16.23671588
   Si   -3.96131589  17.55634414  17.53226448
   Si   -8.10848802  16.12114133  18.87397901
   Si   -6.81484736  17.54288042  20.26511514
   Si  -10.81729046  16.16992168  21.49621931
   Si   -9.47195406  17.53749378  22.93097292
   Si  -13.49987926  16.20120437  24.22631776
   Si  -12.12245702  17.61978742  25.62693497
   Si  -16.18408731  16.17706430  26.98297455
   Si  -14.92464566  17.48067028  28.35358116
   Si  -18.88977173  16.17312215  29.72577852
   Si  -17.56368623  17.53661868  31.02722645
   Si  -21.63502912  16.17285245  32.42120931
   Si  -20.22992774  17.51696936  33.77451448
   Si   -2.63871414  18.84331266  16.13733804
   Si   -1.30701042  20.27304841  17.60402296
   Si   -5.39812060  18.92354305  19.02474455
   Si   -3.97050162  20.26738433  20.27330675
   Si   -8.13210686  18.95262732  21.61062537
   Si   -6.78016557  20.20563675  22.99036459
   Si  -10.74672282  18.95146512  24.37051638
   Si   -9.41606332  20.29646391  25.65950993
   Si  -13.52479446  18.89888938  26.98032166
   Si  -12.19626784  20.20650444  28.36090826
   Si  -16.20785330  18.92351691  29.62026411
   Si  -14.89090526  20.29007833  31.04850826
   Si  -18.91493985  18.98509000  32.41505247
   Si  -17.62514846  20.24994224  33.74067379
   Si  -21.58440596  18.92425842  35.15931273
   Si  -20.17349877  20.24114328  36.49405115
   Si   -2.68340340  21.62635455  18.88707437
   Si   -1.37125843  22.97063114  20.21123511
   Si   -5.35114560  21.64389442  21.67305112
   Si   -3.94070645  23.01300328  23.00283208
   Si   -8.04851912  21.59376673  24.29248217
   Si   -6.71551211  22.96013142  25.61196781
   Si  -10.88121824  21.63437110  27.01716284
   Si   -9.53071800  23.07086160  28.36221751
   Si  -13.53854586  21.70557750  29.76983445
   Si  -12.09660034  22.96702000  31.02423933
   Si  -16.16504166  21.58053434  32.36163531
   Si  -14.84809228  22.81219346  33.70900384
   Si  -18.91132978  21.62854706  35.09712067
   Si  -17.51010102  23.01793052  36.49100653
   Si  -21.60421885  21.66278603  37.78517052
   Si  -20.22294478  22.91909454  39.12592398
   Si   -5.45525452   5.41351996  -0.05306056
   Si   -4.15029909   6.72583281   1.34266726
   Si   -8.07348757   5.39233184   2.70036159
   Si   -6.81525127   6.78694841   4.02841905
   Si  -10.86854823   5.41418135   5.36289234
   Si   -9.42474022   6.68839386   6.74130103
   Si  -13.43019144   5.36302729   8.08096376
   Si  -12.09194649   6.77288864   9.43045102
   Si  -16.13035133   5.44842693  10.75796478
   Si  -14.87660795   6.70568310  12.08032314
   Si  -18.90622764   5.39946610  13.60581925
   Si  -17.60944542   6.86001407  14.91390089
   Si  -21.55125680   5.41423797  16.25285980
   Si  -20.19999711   6.75649851  17.62845477
   Si  -24.27161363   5.37415308  18.94450503
   Si  -22.90472495   6.82249624  20.16522960
   Si   -5.34570000   8.05213392   2.74545187
   Si   -4.01015747   9.39435043   4.07220464
   Si   -8.10725626   8.11238812   5.41629740
   Si   -6.69158392   9.47709706   6.73907991
   Si  -10.69197847   8.06973344   8.04171090
   Si   -9.38044044   9.51621216   9.38930427
   Si  -13.57389896   8.07176174  10.79950403
   Si  -12.10380069   9.39059228  12.19463167
   Si  -16.22237761   8.02385722  13.47610857
   Si  -14.85005541   9.48961439  14.85654490
   Si  -18.85576518   8.10119678  16.26578117
   Si  -17.50968630   9.43881044  17.56391999
   Si  -21.62472115   8.13654665  18.79120804
   Si  -20.23526482   9.45252833  20.19725405
   Si  -24.30040880   8.07850686  21.60036753
   Si  -22.92932791   9.38499732  22.92269384
   Si   -5.34913613  10.78689035   5.46119288
   Si   -4.02248370  12.17699244   6.74452037
   Si   -8.05980452  10.82933135   8.09499375
   Si   -6.67785715  12.13560449   9.45399624
   Si  -10.79914916  10.80444085  10.78679949
   Si   -9.44188684  12.18662272  12.18514249
   Si  -13.45606507  10.84209557  13.50207622
   Si  -12.17997124  12.21031817  14.93993675
   Si  -16.14760053  10.85538168  16.20202381
   Si  -14.79586530  12.14263349  17.61519395
   Si  -18.86345837  10.89601648  18.87557507
   Si  -17.51527931  12.19341158  20.16527073
   Si  -21.65246718  10.78799103  21.55896397
   Si  -20.23223533  12.16676203  22.88917575
   Si  -24.26963085  10.78335216  24.27067384
   Si  -22.84822975  12.18602309  25.59031560
   Si   -5.32457337  13.44069749   8.12494873
   Si   -4.06693210  14.88449650   9.52933806
   Si   -8.04051325  13.46964964  10.79507384
   Si   -6.67461681  14.82241721  12.18832419
   Si  -10.83782501  13.47128205  13.57585566
   Si   -9.43887243  14.83585552  14.78222364
   Si  -13.51105592  13.59617793  16.20342376
   Si  -12.19931903  14.87867824  17.55774187
   Si  -16.17395026  13.61202615  18.84280583
   Si  -14.89035684  14.96687825  20.35603290
   Si  -18.85923709  13.47263892  21.59313131
   Si  -17.55982252  14.82353475  22.93136959
   Si  -21.55686552  13.45942800  24.19742293
   Si  -20.16357235  14.82061762  25.64997696
   Si  -24.21505806  13.47953646  27.02489440
   Si  -23.00441531  14.92699162  28.37033266
   Si   -5.43295797  16.16879942  10.81288251
   Si   -4.04943858  17.61852031  12.09464703
   Si   -8.10723452  16.12862989  13.40494365
   Si   -6.65050758  17.54804818  14.88117306
   Si  -10.80914253  16.24110676  16.21530360
   Si   -9.39772530  17.53955062  17.48249683
   Si  -13.53195226  16.26795862  18.96754954
   Si  -12.10326606  17.59594481  20.24418066
   Si  -16.22695165  16.16618040  21.58004394
   Si  -14.87022647  17.48281720  22.91639831
   Si  -18.88165016  16.15377455  24.26589912
   Si  -17.56680571  17.50964026  25.63945162
   Si  -21.52570867  16.22022911  26.95145538
   Si  -20.15467246  17.55959583  28.34683177
   Si  -24.32006973  16.21644471  29.69684280
   Si  -22.95058498  17.53950016  31.07576554
   Si   -5.30524102  18.92886722  13.54049706
   Si   -4.08813740  20.20030677  14.87970103
   Si   -8.06061435  18.81011218  16.23990902
   Si   -6.72603410  20.28549609  17.62114883
   Si  -10.75516345  18.94236041  18.87331484
   Si   -9.42884467  20.33685213  20.26424216
   Si  -13.45488309  18.91866798  21.61288676
   Si  -12.14181817  20.32427528  22.96580536
   Si  -16.17362993  18.83017979  24.33154635
   Si  -14.83584707  20.27898606  25.65736950
   Si  -18.91674320  18.85144750  26.94692982
   Si  -17.55954947  20.26310754  28.25970371
   Si  -21.61903097  18.93949216  29.67607865
   Si  -20.31250577  20.19893261  30.94427285
   Si  -24.29701042  18.90084792  32.38284844
   Si  -22.89099354  20.29230418  33.77616642
   Si   -5.29528835  21.57915143  16.20823327
   Si   -4.00886679  22.99117958  17.57985397
   Si   -8.07662084  21.67707821  18.89309362
   Si   -6.74287453  23.00714796  20.25428654
   Si  -10.85278832  21.64422913  21.66023879
   Si   -9.45694131  23.01343688  22.97259536
   Si  -13.56895251  21.63595922  24.25003191
   Si  -12.18479401  22.97681408  25.66792705
   Si  -16.20618339  21.59179156  26.91756669
   Si  -14.82988089  22.92303283  28.42128623
   Si  -18.81708121  21.64224893  29.62725855
   Si  -17.56375523  22.95050196  31.08788974
   Si  -21.64907562  21.46547967  32.38086073
   Si  -20.34560431  22.88260194  33.74162366
   Si  -24.35376743  21.56160461  35.15139613
   Si  -22.96423148  22.98776224  36.35984720
   Si   -5.40522133  24.37396102  18.95537941
   Si   -3.99557200  25.64178394  20.28940001
   Si   -8.06610008  24.32556414  21.58370050
   Si   -6.81087500  25.66890349  22.96705017
   Si  -10.75600954  24.34153986  24.34054335
   Si   -9.44209555  25.64179718  25.66304429
   Si  -13.61173601  24.18406681  27.06665147
   Si  -12.11419465  25.56002563  28.26811675
   Si  -16.25439816  24.37152754  29.68025360
   Si  -14.85744411  25.64514442  30.98336908
   Si  -18.94997175  24.30595573  32.40414294
   Si  -17.54299883  25.71716121  33.75813041
   Si  -21.54758073  24.31727412  35.09565264
   Si  -20.32693782  25.68915200  36.47569329
   Si  -24.24134520  24.30525951  37.80378447
   Si  -22.89589179  25.67068385  39.23031149
   Si   -8.09689033   8.13460736   0.01152245
   Si   -6.79748470   9.44044661   1.44016801
   Si  -10.78762986   8.13397371   2.72493222
   Si   -9.43619688   9.43188891   4.07238299
   Si  -13.51020858   8.16906233   5.38088942
   Si  -12.17200775   9.44689205   6.82352230
   Si  -16.23516313   8.13177000   8.07173594
   Si  -14.93701096   9.51256055   9.46085672
   Si  -18.88680187   8.04752212  10.72747108
   Si  -17.63169465   9.34379561  12.16736195
   Si  -21.55216934   8.03914386  13.51826548
   Si  -20.18365717   9.38399354  14.83754503
   Si  -24.30140999   8.03822039  16.11206356
   Si  -23.01095091   9.48979576  17.46082316
   Si  -26.90812369   8.17454680  18.95236824
   Si  -25.52424250   9.42498689  20.23052395
   Si   -8.18362202  10.79351021   2.77842306
   Si   -6.76489094  12.14413984   4.04320685
   Si  -10.78259009  10.90847294   5.41188392
   Si   -9.41075896  12.23900720   6.75982571
   Si  -13.53971494  10.77367676   8.09023980
   Si  -12.20053226  12.11397836   9.42520297
   Si  -16.25765041  10.77443178  10.85358449
   Si  -14.79034708  12.17108568  12.09480173
   Si  -18.91247139  10.77674134  13.45351277
   Si  -17.55590799  12.15504431  14.86385505
   Si  -21.51019274  10.68316881  16.15773671
   Si  -20.33079244  12.13171342  17.48089011
   Si  -24.28297682  10.93109008  18.80055580
   Si  -22.94175997  12.23084200  20.21544831
   Si  -26.96851783  10.77736668  21.62383047
   Si  -25.62753707  12.12191047  22.97874123
   Si   -8.03425389  13.57709394   5.33184582
   Si   -6.71834676  14.87734178   6.82943297
   Si  -10.78747166  13.50878855   8.13282170
   Si   -9.39487837  14.78304165   9.40642078
   Si  -13.45225673  13.56223149  10.80200944
   Si  -12.14145104  14.87804277  12.17539358
   Si  -16.21385200  13.47201280  13.50881900
   Si  -14.88431090  14.85981316  14.82668170
   Si  -18.87882113  13.55704974  16.31948744
   Si  -17.59559054  14.95221707  17.56819680
   Si  -21.59589324  13.49294787  18.87568022
   Si  -20.33068274  14.87781680  20.31215262
   Si  -24.38171029  13.49242960  21.57153341
   Si  -22.96176550  14.80713946  22.97706305
   Si  -26.89270572  13.41326575  24.31009440
   Si  -25.59420466  14.81394993  25.60459808
   Si   -8.06387683  16.20314279   8.07046532
   Si   -6.75058612  17.51328552   9.48127706
   Si  -10.74297557  16.18286416  10.82828344
   Si   -9.43349900  17.57280192  12.12887035
   Si  -13.46546655  16.22314534  13.51686281
   Si  -12.13826985  17.53793898  14.82333829
   Si  -16.20241201  16.24137609  16.15559941
   Si  -14.86404141  17.61995091  17.54194838
   Si  -18.96112403  16.14989022  18.85969589
   Si  -17.59746164  17.51528670  20.22141995
   Si  -21.65068981  16.15386217  21.67133507
   Si  -20.22646267  17.55810455  22.99273093
   Si  -24.24295303  16.16848507  24.27407738
   Si  -22.90818959  17.47583777  25.57115689
   Si  -26.96133588  16.20130022  26.93307058
   Si  -25.56796571  17.49260035  28.26874520
   Si   -8.13336444  18.87284571  10.76838550
   Si   -6.68622583  20.22386848  12.09363647
   Si  -10.79156728  18.88195635  13.47172749
   Si   -9.39523914  20.16471152  14.83804382
   Si  -13.49905900  18.83463713  16.19122630
   Si  -12.16517035  20.31151118  17.50966543
   Si  -16.21805497  18.95606068  18.91720513
   Si  -14.79955355  20.24619997  20.26659294
   Si  -18.93826052  18.89309598  21.59576796
   Si  -17.59143255  20.23570348  22.93626738
   Si  -21.61707721  18.95993192  24.26592787
   Si  -20.25017685  20.31227053  25.62319452
   Si  -24.22980186  18.93486507  27.00940131
   Si  -22.98751890  20.30141863  28.35791225
   Si  -27.01047423  18.89371976  29.66604517
   Si  -25.67677388  20.27533511  31.06185502
   Si   -8.13824536  21.59200201  13.51700072
   Si   -6.75398206  22.99953968  14.93714346
   Si  -10.63954708  21.59336805  16.17455142
   Si   -9.48849085  23.03613253  17.62059221
   Si  -13.53652613  21.58210601  18.93628536
   Si  -12.14695259  22.98788281  20.32527646
   Si  -16.23698789  21.57394610  21.60199148
   Si  -14.90741793  23.01409630  22.88236018
   Si  -18.85385141  21.57958625  24.30803514
   Si  -17.51475275  23.02803577  25.63752521
   Si  -21.60908119  21.55593813  27.03085421
   Si  -20.27185988  23.03322513  28.35171299
   Si  -24.29783469  21.63774551  29.75047213
   Si  -22.93352125  22.89434216  30.99586053
   Si  -26.99564380  21.69487943  32.40275857
   Si  -25.68086967  22.96375865  33.83374592
   Si   -8.13695832  24.32499462  16.17472908
   Si   -6.70424873  25.60167047  17.57471262
   Si  -10.84926384  24.39531178  18.82939001
   Si   -9.52581652  25.70784260  20.27640175
   Si  -13.50978709  24.36674966  21.60269416
   Si  -12.11577264  25.77501194  22.98418554
   Si  -16.13067028  24.36608521  24.22644110
   Si  -14.79674551  25.62210674  25.68066501
   Si  -18.87505899  24.32738017  26.98845020
   Si  -17.58537863  25.72708206  28.31524483
   Si  -21.68514495  24.32190827  29.65321650
   Si  -20.36012772  25.65649895  31.01855504
   Si  -24.30906303  24.25580822  32.34009993
   Si  -23.02156843  25.66447600  33.79444510
   Si  -27.01736742  24.30049684  35.12903116
   Si  -25.72017642  25.63057048  36.40560715
   Si   -8.05357727  26.94872684  18.90263531
   Si   -6.80801117  28.42648124  20.18368495
   Si  -10.86405128  27.09986925  21.59424251
   Si   -9.32311027  28.35832565  22.95458752
   Si  -13.54200825  27.06637550  24.27217549
   Si  -12.11445816  28.32178789  25.62140489
   Si  -16.16357115  27.00771428  27.00024779
   Si  -14.82216172  28.36428671  28.38623246
   Si  -18.89085111  27.03145544  29.65465310
   Si  -17.56455306  28.35529004  30.92427498
   Si  -21.55075333  27.00950225  32.45856794
   Si  -20.24291062  28.35724691  33.68050542
   Si  -24.32020115  27.03716553  35.08867025
   Si  -22.91639811  28.31706138  36.42738686
   Si  -27.03971401  27.07552573  37.76225052
   Si  -25.63640307  28.37044654  39.07789072
   Si  -10.70795891  10.83155218  -0.03730151
   Si   -9.38269715  12.08675706   1.37087258
   Si  -13.43185319  10.83610422   2.74604708
   Si  -12.14368662  12.19673243   4.03453089
   Si  -16.29615790  10.79388196   5.37953518
   Si  -14.80030592  12.14929582   6.77790747
   Si  -18.95367293  10.76944891   8.12773959
   Si  -17.60378026  12.04722339   9.47244683
   Si  -21.57421483  10.86255919  10.77244286
   Si  -20.25706555  12.19058078  12.16123833
   Si  -24.39009834  10.76750860  13.55133942
   Si  -22.97960809  12.11142584  14.82769079
   Si  -26.94881577  10.76834989  16.18265448
   Si  -25.68272518  12.20742475  17.53294550
   Si  -29.74764442  10.81364206  18.89530579
   Si  -28.41756011  12.11260521  20.29330345
   Si  -10.79197607  13.52711229   2.67194736
   Si   -9.42907240  14.86968734   4.12453446
   Si  -13.50984005  13.55145810   5.39183946
   Si  -12.08509523  14.78887590   6.78037126
   Si  -16.20227223  13.46306269   8.13426598
   Si  -14.83522970  14.88953526   9.47747176
   Si  -18.86459886  13.55681323  10.79657407
   Si  -17.57618112  14.83596193  12.16399252
   Si  -21.62686257  13.50699101  13.52512741
   Si  -20.22560078  14.79428095  14.88485145
   Si  -24.26806653  13.53088145  16.20009181
   Si  -22.89769822  14.82390614  17.53937192
   Si  -27.04558253  13.43392340  18.90614007
   Si  -25.69889675  14.87330871  20.22413394
   Si  -29.65843606  13.60337315  21.56130128
   Si  -28.33936248  14.81238453  23.02812313
   Si  -10.82641684  16.17466670   5.43404666
   Si   -9.45223212  17.51713015   6.73761315
   Si  -13.43871795  16.27113884   8.03245006
   Si  -12.14063386  17.51495427   9.45941785
   Si  -16.18665652  16.18795526  10.73580210
   Si  -14.87284520  17.56113685  12.07107362
   Si  -18.89709358  16.17972132  13.44613391
   Si  -17.57453907  17.59830570  14.79292660
   Si  -21.49785119  16.17330442  16.20860974
   Si  -20.35299879  17.55046758  17.57367017
   Si  -24.23678924  16.16722350  18.77215681
   Si  -23.03614045  17.59084358  20.28473220
   Si  -27.01393956  16.16807369  21.60774704
   Si  -25.63151771  17.52366199  22.97105686
   Si  -29.75441944  16.12839730  24.26826182
   Si  -28.34524609  17.65926359  25.66827117
   Si  -10.72192280  18.90825789   8.07882686
   Si   -9.40489714  20.26433587   9.37958450
   Si  -13.48047897  18.95728043  10.76666930
   Si  -12.20088680  20.19781008  12.18510785
   Si  -16.24871807  18.85744815  13.44016092
   Si  -14.81584299  20.25730184  14.81720024
   Si  -18.97272897  18.93255839  16.19591690
   Si  -17.57383330  20.28356190  17.48557467
   Si  -21.63416170  18.94516077  18.89099595
   Si  -20.31879414  20.31599178  20.31512537
   Si  -24.29032464  18.90446953  21.64273925
   Si  -22.93963152  20.23937946  22.92255435
   Si  -26.90685248  18.84546996  24.26131310
   Si  -25.68921570  20.33194236  25.54019307
   Si  -29.79272398  18.93165918  26.91759917
   Si  -28.39896828  20.24680551  28.30166272
   Si  -10.86047811  21.62933266  10.79257526
   Si   -9.56498587  23.00403510  12.15534093
   Si  -13.53459081  21.55966871  13.57110417
   Si  -12.10621685  22.97063869  14.83207853
   Si  -16.18378813  21.57064349  16.11468620
   Si  -14.81020270  22.89414879  17.62685911
   Si  -18.96064043  21.63371007  18.95314638
   Si  -17.56650174  22.92152796  20.31700792
   Si  -21.62441899  21.58835005  21.59708094
   Si  -20.32422666  22.86180398  22.95414247
   Si  -24.33369932  21.65128288  24.26048278
   Si  -22.92498512  22.86825675  25.64302488
   Si  -27.01551546  21.58624553  26.93949116
   Si  -25.68038794  23.01473061  28.43790525
   Si  -29.63496216  21.62833609  29.65620463
   Si  -28.39291252  23.07551884  31.03328658
   Si  -10.82284388  24.28736599  13.48301931
   Si   -9.50532312  25.67260546  14.83811192
   Si  -13.42964806  24.24483079  16.29251696
   Si  -12.20088911  25.73373595  17.50457927
   Si  -16.22290482  24.23916067  18.89356715
   Si  -14.88005432  25.64196334  20.14275903
   Si  -18.91302187  24.34597134  21.59128408
   Si  -17.62757043  25.63563671  22.96031822
   Si  -21.56683813  24.30104096  24.33206192
   Si  -20.23525547  25.64276748  25.59328800
   Si  -24.31292565  24.24847118  27.03948661
   Si  -22.95053205  25.62973996  28.26993214
   Si  -26.95176923  24.27622670  29.78186640
   Si  -25.54259741  25.65550354  31.04091229
   Si  -29.78980222  24.28216293  32.44462293
   Si  -28.35447140  25.66523219  33.73444273
   Si  -10.82658133  27.09998613  16.17083270
   Si   -9.45897821  28.41282344  17.56550328
   Si  -13.53937609  27.05610955  18.93425413
   Si  -12.10788644  28.33290953  20.25455434
   Si  -16.27252672  26.93989527  21.58392524
   Si  -14.98436659  28.31157529  22.94450627
   Si  -18.90580795  27.09440168  24.30246915
   Si  -17.47829315  28.33897118  25.67586278
   Si  -21.71829455  26.95079164  27.04363971
   Si  -20.30580329  28.34098121  28.33115141
   Si  -24.23677242  26.94369898  29.66403023
   Si  -22.89248578  28.31844098  31.07006325
   Si  -26.90316736  26.96465793  32.41874695
   Si  -25.59449406  28.39828007  33.83786984
   Si  -29.78794469  26.97477279  35.10548984
   Si  -28.46435026  28.35360050  36.44826952
   Si  -10.77453174  29.68923706  18.96334881
   Si   -9.44077221  31.04562323  20.25397648
   Si  -13.52056281  29.65860396  21.64027255
   Si  -12.09717358  31.06624099  22.89828406
   Si  -16.21242699  29.69819035  24.33569479
   Si  -14.84426329  31.11270656  25.63936616
   Si  -18.90275251  29.66651671  26.91836991
   Si  -17.58300380  31.02988683  28.37523152
   Si  -21.70885363  29.65752208  29.71247357
   Si  -20.21409363  30.98357565  31.01003312
   Si  -24.21192752  29.78033880  32.37123195
   Si  -22.94961819  31.11285301  33.80686112
   Si  -27.03200961  29.68863880  35.05725995
   Si  -25.68600177  31.05169552  36.42274464
   Si  -29.73671912  29.68909413  37.81778737
   Si  -28.38382619  31.03000463  39.18457042
   Si  -13.49193847  13.52601677   0.03011697
   Si  -12.08371449  14.86345189   1.31083235
   Si  -16.19638542  13.53656633   2.77376887
   Si  -14.83321601  14.94874997   4.04938279
   Si  -18.83963371  13.46331831   5.36804742
   Si  -17.57176136  14.82124504   6.67254404
   Si  -21.71351448  13.50453916   8.03779179
   Si  -20.32136869  14.79536508   9.41878577
   Si  -24.23042252  13.44833550  10.83036507
   Si  -22.93210011  14.93467037  12.16291009
   Si  -26.94725167  13.58685021  13.48328996
   Si  -25.62841422  14.87248719  14.88373159
   Si  -29.68120855  13.53182193  16.28512629
   Si  -28.28930885  14.91125268  17.49620973
   Si  -32.38277641  13.42057907  18.94850302
   Si  -31.01510534  14.86936305  20.17465226
   Si  -13.48374978  16.24101131   2.66864182
   Si  -12.13500285  17.54968339   4.02360247
   Si  -16.27219637  16.18138651   5.39674802
   Si  -14.83157671  17.51193623   6.68821516
   Si  -18.89566265  16.19649214   8.09427558
   Si  -17.60796161  17.51450150   9.42272627
   Si  -21.66094465  16.26764522  10.83667644
   Si  -20.19860639  17.47111184  12.11265891
   Si  -24.28393231  16.26590964  13.52808094
   Si  -22.89463597  17.53481629  14.83913672
   Si  -26.95484368  16.21865542  16.13958028
   Si  -25.70961788  17.60933882  17.53668026
   Si  -29.67473408  16.25623743  18.87963083
   Si  -28.27520703  17.52017055  20.17452314
   Si  -32.35903363  16.18668103  21.58194705
   Si  -31.05311663  17.58061361  22.98005184
   Si  -13.47356517  18.89338679   5.45725508
   Si  -12.05643563  20.22182932   6.76183805
   Si  -16.23907117  18.84639524   8.12028390
   Si  -14.71944489  20.25669028   9.47829977
   Si  -18.96370149  18.89734269  10.76844530
   Si  -17.61469507  20.26963194  12.12306055
   Si  -21.63385343  18.90025457  13.45698133
   Si  -20.30413828  20.28500934  14.84978629
   Si  -24.30164101  18.92485397  16.18285866
   Si  -23.02527249  20.20327937  17.58715804
   Si  -27.06292509  18.99568183  18.96586025
   Si  -25.64135614  20.25144523  20.26107244
   Si  -29.60930644  18.80785640  21.65141306
   Si  -28.28223993  20.15948536  22.94141971
   Si  -32.36601431  18.95274714  24.32100924
   Si  -31.10657290  20.39145369  25.56790905
   Si  -13.45588582  21.56986970   8.03263161
   Si  -12.17855639  22.96738693   9.44694603
   Si  -16.15508925  21.53673157  10.83192284
   Si  -14.86366348  22.84385318  12.23890622
   Si  -18.93901193  21.61570512  13.45928868
   Si  -17.55846011  22.95825347  14.91315351
   Si  -21.63436633  21.59732013  16.25123472
   Si  -20.30575373  22.96973168  17.52541481
   Si  -24.34429507  21.62025443  18.95495454
   Si  -22.90450120  22.99238054  20.30092600
   Si  -26.95296610  21.59013880  21.59770701
   Si  -25.57361170  23.01012081  22.92624669
   Si  -29.64417446  21.61138249  24.27133689
   Si  -28.40474758  22.94672025  25.67605930
   Si  -32.35480534  21.63598224  27.07213831
   Si  -31.02396743  22.95410051  28.34669567
   Si  -13.44815107  24.21237917  10.85971667
   Si  -12.08887474  25.56749284  12.13138069
   Si  -16.21910942  24.28942675  13.43714219
   Si  -14.84486999  25.57971853  14.85320380
   Si  -18.93050333  24.31104759  16.18089168
   Si  -17.43147116  25.70392087  17.49362267
   Si  -21.59193696  24.22079849  18.89000118
   Si  -20.20675189  25.64098622  20.24308678
   Si  -24.28261209  24.25998852  21.61049879
   Si  -22.91237634  25.57510802  22.95951468
   Si  -26.97095142  24.30793073  24.30645635
   Si  -25.55749457  25.63301110  25.63517462
   Si  -29.67884385  24.36650187  27.06554459
   Si  -28.33399366  25.66299105  28.38791599
   Si  -32.39856353  24.15438063  29.75915578
   Si  -31.08693983  25.63522774  31.02330971
   Si  -13.50102109  26.88605869  13.51345837
   Si  -12.20653078  28.43956955  14.84006032
   Si  -16.17701804  26.93295016  16.15614590
   Si  -14.80108439  28.41594176  17.46024514
   Si  -18.94464200  26.98317073  18.83925425
   Si  -17.52763475  28.32799732  20.20487841
   Si  -21.59126688  26.98024306  21.56179137
   Si  -20.23034551  28.40811994  22.80452954
   Si  -24.27581125  27.03163049  24.33033437
   Si  -22.95502348  28.34515953  25.69786113
   Si  -26.92823343  26.98672105  26.96251327
   Si  -25.68384433  28.32200310  28.40392476
   Si  -29.66090580  26.97587154  29.80418350
   Si  -28.24889201  28.38490244  31.09693482
   Si  -32.35834383  26.94319164  32.40693179
   Si  -31.13940278  28.33435593  33.79300721
   Si  -13.49080816  29.75678994  16.24060352
   Si  -12.15341278  31.04630848  17.60771476
   Si  -16.18159579  29.76552433  18.81362567
   Si  -14.80130125  31.07268625  20.21455820
   Si  -18.87262692  29.72632509  21.50693052
   Si  -17.51201175  31.04925807  22.94819610
   Si  -21.53806240  29.70199163  24.29117144
   Si  -20.25613268  31.07976798  25.63029057
   Si  -24.30808865  29.70764779  26.98444528
   Si  -22.90034594  31.04881933  28.32109191
   Si  -26.90185530  29.76750505  29.75355010
   Si  -25.59803925  31.18398053  31.06363897
   Si  -29.75356699  29.74166433  32.49567894
   Si  -28.31101486  31.00588005  33.76370483
   Si  -32.34004517  29.69349028  35.09871764
   Si  -31.02291639  31.09215162  36.44485988
   Si  -13.47671083  32.46269665  18.91085923
   Si  -12.21496335  33.77976565  20.34853024
   Si  -16.16283873  32.39335867  21.56644410
   Si  -14.80974446  33.79217508  22.99616691
   Si  -18.88507639  32.42954628  24.34118960
   Si  -17.54441888  33.74051057  25.71212647
   Si  -21.59661907  32.45710130  27.00629948
   Si  -20.23159297  33.72204040  28.39111977
   Si  -24.33717913  32.43994993  29.65093931
   Si  -22.90863204  33.69015097  31.07264468
   Si  -27.01352169  32.38038607  32.44420352
   Si  -25.68297341  33.73641669  33.80282497
   Si  -29.67999888  32.32174009  35.07687880
   Si  -28.28570203  33.79457037  36.42734290
   Si  -32.46176765  32.39643423  37.77275717
   Si  -31.06544738  33.74712354  39.17000539
   Si  -16.25766589  16.25509144  -0.02458938
   Si  -14.89261546  17.60911414   1.32608540
   Si  -18.90328051  16.29988602   2.68488626
   Si  -17.54674896  17.69698108   4.09162569
   Si  -21.56966657  16.24229086   5.38035597
   Si  -20.23240459  17.56688282   6.77546607
   Si  -24.30737860  16.23709969   8.17343909
   Si  -22.96319511  17.57421838   9.42159691
   Si  -27.04461095  16.18235321  10.80761637
   Si  -25.61355318  17.56638859  12.11748576
   Si  -29.73475635  16.19076370  13.51424388
   Si  -28.32559844  17.53126180  14.88970783
   Si  -32.37613641  16.11507099  16.08928896
   Si  -31.11023611  17.56570083  17.50015826
   Si  -35.08237326  16.22848088  18.91108184
   Si  -33.74659135  17.55510447  20.29520796
   Si  -16.23431114  18.99606252   2.74429106
   Si  -14.77960173  20.23729845   4.06409346
   Si  -18.92568165  18.93229662   5.56059046
   Si  -17.53149948  20.23136301   6.81600520
   Si  -21.66462200  18.83429314   8.03219434
   Si  -20.32634661  20.21434704   9.30435169
   Si  -24.33232948  18.98826267  10.68476709
   Si  -22.98306780  20.23410470  12.07541776
   Si  -26.97412564  18.84769493  13.56149809
   Si  -25.58790196  20.20840182  14.81426605
   Si  -29.58013562  18.89264567  16.24410450
   Si  -28.32939971  20.34536152  17.54764589
   Si  -32.36336334  18.95051363  18.95759267
   Si  -31.09860840  20.18900876  20.36888455
   Si  -35.08670804  19.00756339  21.61568718
   Si  -33.71893654  20.28479461  22.94059270
   Si  -16.24006306  21.59395695   5.40356132
   Si  -14.80321195  22.94702632   6.79082436
   Si  -18.94592750  21.61637782   8.11038807
   Si  -17.55572072  22.90379590   9.48462320
   Si  -21.59152142  21.60073073  10.78777886
   Si  -20.27278694  22.96890776  12.07274310
   Si  -24.37849057  21.59757177  13.48992002
   Si  -23.00883186  22.90320385  14.78171444
   Si  -26.95333519  21.60651856  16.10736153
   Si  -25.72001948  23.00637076  17.49680662
   Si  -29.73479142  21.59430934  19.01955003
   Si  -28.38380095  22.98555350  20.30066723
   Si  -32.33451300  21.65955454  21.66874672
   Si  -31.02042321  22.96909745  22.96499819
   Si  -35.12404348  21.54353513  24.28027782
   Si  -33.73293083  22.94305403  25.69596788
   Si  -16.25303101  24.19578614   8.11459787
   Si  -14.79557963  25.59073870   9.39595072
   Si  -18.94816281  24.24927633  10.78961540
   Si  -17.57746108  25.64259945  12.10383733
   Si  -21.51730299  24.31198195  13.55902869
   Si  -20.23961189  25.58092867  14.87632817
   Si  -24.37462282  24.32667990  16.18714901
   Si  -22.98550999  25.61866369  17.55816627
   Si  -27.04398874  24.22116189  18.93565656
   Si  -25.65729331  25.63940905  20.21463241
   Si  -29.72316267  24.30951825  21.58754585
   Si  -28.39706959  25.66292054  22.92178593
   Si  -32.38465754  24.39292259  24.26656179
   Si  -31.02543687  25.61533047  25.60619865
   Si  -35.06776705  24.32510145  26.92031213
   Si  -33.75278524  25.58079435  28.37185618
   Si  -16.14358721  26.95768387  10.78350973
   Si  -14.85410555  28.35548555  12.21526177
   Si  -18.88838034  26.91051596  13.36375603
   Si  -17.56817690  28.27700666  14.75578211
   Si  -21.66500381  26.94231975  16.17862480
   Si  -20.27265223  28.33926739  17.53659230
   Si  -24.34282624  27.01054228  18.83820008
   Si  -22.92391531  28.29140179  20.22051932
   Si  -26.89780098  27.00386654  21.57415141
   Si  -25.62407470  28.35635306  22.96307124
   Si  -29.66717478  26.93387287  24.37900040
   Si  -28.42877409  28.31856601  25.66878362
   Si  -32.39536020  26.93891983  27.09518092
   Si  -31.02543995  28.36664433  28.35878478
   Si  -35.06824760  26.90139004  29.74635292
   Si  -33.74200050  28.27881861  31.11367677
   Si  -16.12075695  29.73082337  13.42494906
   Si  -14.90760454  31.01775527  14.89130381
   Si  -18.94876734  29.64411490  16.17601227
   Si  -17.58795150  31.06352857  17.59765868
   Si  -21.59586749  29.70662019  18.84614536
   Si  -20.32519977  31.03938350  20.28097397
   Si  -24.31354043  29.65609029  21.69178986
   Si  -22.93561356  31.04547064  23.03963445
   Si  -27.04588987  29.76584427  24.33671862
   Si  -25.59462893  31.14802575  25.78317419
   Si  -29.67626839  29.73361137  27.10734391
   Si  -28.28428942  31.09331539  28.33479770
   Si  -32.35355853  29.68493794  29.63769172
   Si  -31.04707337  31.03852148  31.08395818
   Si  -35.05599567  29.59265046  32.41725183
   Si  -33.71862613  31.01779527  33.76985993
   Si  -16.30194683  32.47064781  16.23041451
   Si  -14.82051820  33.79056581  17.47788719
   Si  -18.97073529  32.31504128  18.91130410
   Si  -17.52308333  33.64916734  20.16753882
   Si  -21.56907989  32.36142667  21.58024920
   Si  -20.18273135  33.72266329  22.91582597
   Si  -24.27461471  32.39129845  24.26816232
   Si  -22.97156632  33.80871264  25.66987097
   Si  -26.97442543  32.40635161  27.07301308
   Si  -25.66256005  33.75905324  28.36877662
   Si  -29.65408042  32.33389060  29.73314228
   Si  -28.28264762  33.74501576  31.06428593
   Si  -32.41221100  32.41737348  32.33530515
   Si  -30.97534152  33.75632858  33.69442749
   Si  -35.14309545  32.39674790  35.16329700
   Si  -33.83425310  33.81244790  36.40833907
   Si  -16.21904715  35.07549196  18.91992619
   Si  -14.81018002  36.39221126  20.31368035
   Si  -18.84255045  35.03789895  21.53464337
   Si  -17.57610926  36.47545493  22.93414102
   Si  -21.55488610  35.20077012  24.35394135
   Si  -20.23153111  36.52914777  25.59844299
   Si  -24.36293539  35.14579506  26.98704686
   Si  -23.00021861  36.54925030  28.31903830
   Si  -27.07010954  35.11261857  29.69578174
   Si  -25.64892689  36.34378099  31.07866785
   Si  -29.62902513  35.08155231  32.34631207
   Si  -28.37189861  36.40943754  33.81692450
   Si  -32.44736525  35.11113975  35.01315594
   Si  -31.02419012  36.33381968  36.43601942
   Si  -35.07580102  35.18563868  37.82995198
   Si  -33.75075090  36.44299045  39.18825379
   Si  -18.91238058  18.86054554   0.11991693
   Si  -17.62289513  20.37944826   1.36252580
   Si  -21.56963616  18.90926890   2.81895219
   Si  -20.23196751  20.27333005   4.20001752
   Si  -24.33079612  18.83787965   5.41332397
   Si  -22.89868262  20.19897573   6.71444036
   Si  -27.13195305  18.83995055   8.12077977
   Si  -25.72385402  20.21256121   9.38935866
   Si  -29.74408329  18.95058822  10.85452264
   Si  -28.35661322  20.22069762  12.13578154
   Si  -32.45700201  18.89812074  13.46072760
   Si  -31.11229655  20.22263499  14.93340976
   Si  -35.07419705  18.90647722  16.22628549
   Si  -33.79317321  20.27328233  17.57996651
   Si  -37.82155060  18.94109006  18.82605291
   Si  -36.45373636  20.19810800  20.17303718
   Si  -18.94483803  21.64118366   2.80296814
   Si  -17.57164532  22.89541229   4.08281264
   Si  -21.68883662  21.61049079   5.40909770
   Si  -20.23829157  23.05110096   6.76190855
   Si  -24.38646244  21.52041269   8.02209042
   Si  -23.06146844  22.93919703   9.37508006
   Si  -27.04882439  21.54848058  10.82246935
   Si  -25.72799424  22.94708038  12.20324970
   Si  -29.75903656  21.59241525  13.52114817
   Si  -28.34788498  22.93082218  14.79819075
   Si  -32.51429127  21.57693230  16.17139953
   Si  -31.11243938  22.91482734  17.52524253
   Si  -35.14673155  21.68615374  18.88792379
   Si  -33.76344888  22.93049774  20.28757118
   Si  -37.77044907  21.65926455  21.61088111
   Si  -36.35786531  22.95585897  22.90166487
   Si  -18.93985038  24.31960716   5.41539059
   Si  -17.58122532  25.61720199   6.77869453
   Si  -21.66597679  24.27251215   8.11418759
   Si  -20.32428442  25.70425985   9.43018615
   Si  -24.32394601  24.25945202  10.82380397
   Si  -22.96893771  25.57943386  12.19204577
   Si  -27.10675539  24.28455216  13.49723542
   Si  -25.65628650  25.58417299  14.76264148
   Si  -29.68890255  24.31173684  16.23292369
   Si  -28.35716692  25.69906595  17.60904276
   Si  -32.39233755  24.31585651  18.82865138
   Si  -31.20742980  25.56655645  20.26991201
   Si  -35.06663887  24.32648638  21.60657391
   Si  -33.77050638  25.59508020  22.89105577
   Si  -37.86229516  24.17548186  24.30728981
   Si  -36.50033387  25.59685505  25.70207055
   Si  -18.90005867  27.04000406   8.08983440
   Si  -17.46367891  28.29216535   9.47891649
   Si  -21.64942690  27.05870075  10.81743054
   Si  -20.29707477  28.34479821  12.09510833
   Si  -24.28643728  26.99862244  13.47703780
   Si  -22.94380046  28.26991823  14.82102757
   Si  -26.96578329  27.00177098  16.16078229
   Si  -25.69376679  28.33046333  17.42090568
   Si  -29.73171491  26.96464095  18.90167985
   Si  -28.27193869  28.38361226  20.33499049
   Si  -32.39063939  27.01747626  21.58752594
   Si  -31.09319312  28.29490929  23.02149542
   Si  -35.07506541  26.97292268  24.43471521
   Si  -33.67258122  28.34691498  25.64853856
   Si  -37.76359946  26.99260701  27.07663126
   Si  -36.47124338  28.35191530  28.36866428
   Si  -18.88203403  29.72324955  10.78571478
   Si  -17.50749393  31.01750482  12.14816601
   Si  -21.57271549  29.70139982  13.47461461
   Si  -20.21734952  31.05631478  14.85339305
   Si  -24.25944608  29.65439035  16.10762632
   Si  -22.91458317  31.07893495  17.48899549
   Si  -27.03240863  29.71066169  18.87301716
   Si  -25.61365494  31.03751306  20.23513916
   Si  -29.77484746  29.71465818  21.64593673
   Si  -28.30285162  31.08543375  22.94034387
   Si  -32.34308114  29.63096676  24.35470763
   Si  -30.99716732  31.02968370  25.67649702
   Si  -35.07361655  29.66313505  26.97190034
   Si  -33.73261717  31.12839242  28.36508891
   Si  -37.78350556  29.69275953  29.61124981
   Si  -36.35756944  30.97845453  31.12963747
   Si  -18.86178538  32.39780364  13.45750819
   Si  -17.54112795  33.77375500  14.89334659
   Si  -21.60672040  32.50072327  16.21390664
   Si  -20.19735522  33.76823737  17.56496353
   Si  -24.30154016  32.34349690  18.82542733
   Si  -22.92399369  33.74093599  20.23455784
   Si  -27.00596923  32.32840953  21.55550659
   Si  -25.68422504  33.66327547  23.02064440
   Si  -29.64356000  32.29862063  24.28763160
   Si  -28.39979331  33.77733747  25.75914486
   Si  -32.34176235  32.42285948  26.97516260
   Si  -30.99977609  33.73192538  28.31113183
   Si  -35.10009332  32.35886376  29.71248530
   Si  -33.67602274  33.69094749  31.03794049
   Si  -37.79839692  32.32374474  32.37252273
   Si  -36.45252903  33.69537150  33.80005065
   Si  -18.88725317  35.15956663  16.20164547
   Si  -17.54961708  36.45506415  17.55499875
   Si  -21.53696285  35.13854640  18.91048037
   Si  -20.23977703  36.50339405  20.25031208
   Si  -24.33686323  35.04490380  21.63939237
   Si  -22.98542576  36.38868480  22.95110583
   Si  -26.99575384  35.03817666  24.33443724
   Si  -25.69900381  36.43582903  25.63043351
   Si  -29.76442625  35.09355998  26.99365902
   Si  -28.35034769  36.41323800  28.40988454
   Si  -32.38913087  35.09742968  29.72246391
   Si  -31.05022699  36.37835399  31.09324951
   Si  -35.05484395  35.07680548  32.40881339
   Si  -33.82174776  36.44525758  33.71242384
   Si  -37.73873384  35.07789274  35.14161606
   Si  -36.48204474  36.43231404  36.41674132
   Si  -18.91411945  37.78297460  18.96545407
   Si  -17.58632776  39.16180944  20.28419030
   Si  -21.64559635  37.78442599  21.62973086
   Si  -20.29349898  39.18820535  22.97270219
   Si  -24.32191472  37.79791573  24.31592257
   Si  -23.03356808  39.15563672  25.71492226
   Si  -26.96664036  37.80050457  27.02194009
   Si  -25.67625212  39.11988296  28.32801886
   Si  -29.77430794  37.79500937  29.69870412
   Si  -28.44929525  39.12558197  31.07281338
   Si  -32.46789713  37.73609572  32.31279668
   Si  -31.18174933  39.12927849  33.75905060
   Si  -35.10956845  37.85237767  35.12443011
   Si  -33.76008578  39.13420848  36.42964665
   Si  -37.83609050  37.76249480  37.72146012
   Si  -36.47750727  39.06691296  39.16395196
 Anisotropic displacement tensor vs exact values:
Atom: 1
   Si    0.181781   0.190869   0.190383
        Exact values
   Si    0.190067   0.190067   0.190067
Atom: 2
   Si    0.199481   0.194201   0.183675
        Exact values
   Si    0.190063   0.190063   0.190063
 off-diagonal terms
   Si    0.008577   0.002877   0.000261
   Si   -0.010746  -0.004744   0.003860
