 ZG-Velocities (Ang/ps)
   Si     -0.59419507     3.25897671     2.01938606
   Si     -4.63096405     2.17866850    -3.09067684
   Si      0.86939584     1.71880966    -1.64736153
   Si      2.10876612     0.49428193     1.06324459
   Si     -4.48174527    -3.07075577     0.28080601
   Si      1.32042246    -1.30708730     4.81893227
   Si      0.89747388     4.03306757    -2.41399339
   Si      2.57378666    -0.66445276    -5.57514494
   Si      0.31613382     2.75761124     4.19835952
   Si     -2.57213540     1.40864826    -1.85635240
   Si      1.98187451    -0.74171822    -4.22646868
   Si     -2.90123825    -0.07944057     0.96257016
   Si      0.35194493    -3.57329340    -2.74854986
   Si      0.18972053     6.17750641    -2.94031721
   Si     -1.66521255     2.26607848    -2.60237483
   Si     -0.72882471     2.06035069    -5.77156631
   Si      2.32581430    -0.07043445     2.49890585
   Si     -4.16079678     2.10626180     2.06944081
   Si      0.24942310    -1.30894210     0.88796726
   Si     -0.86338889     0.41786583     1.72198465
   Si     -3.90262957    -4.93514880    -2.61397834
   Si      6.53752343     0.92712031     2.54139998
   Si      2.51217702    -2.23757681     0.52886896
   Si     -2.68518624     3.28171578     1.38679903
   Si      2.63728381     3.27176177    -3.30236614
   Si     -2.69315236    -2.21039998     0.83464428
   Si      1.98229286    -4.43440025     1.59542985
   Si      1.45358096     2.24528579     2.09944337
   Si     -1.15211648    -0.89900816     0.06307833
   Si     -1.16915279    -1.82517068     0.34248072
   Si      3.39958403    -0.06818214    -0.02909212
   Si      1.07133505     1.62259384    -0.34341309
   Si     -0.65841129    -0.05085920    -0.24998009
   Si     -1.51739946    -1.90167129     0.50909463
   Si     -2.69273311    -0.84527360     1.95074784
   Si     -1.09618353     2.22516615     0.24965860
   Si      3.70218126     0.60554299    -1.30391360
   Si      4.30853410     0.40702256     1.14644676
   Si      4.11577161     5.35461151    -1.65062450
   Si      2.02670684    -3.00373038    -2.33065163
   Si      0.24244929    -3.06361540     0.94209776
   Si     -0.03537554     4.40917246    -0.96535466
   Si     -3.20898512     0.51624495     0.17585173
   Si     -0.37180023    -3.51554172     1.14164146
   Si     -4.56886395    -0.98356506    -0.50418650
   Si     -1.34173653    -2.98457437    -3.24586995
   Si     -1.30726564     0.16266322    -0.72325671
   Si      1.66284713    -2.86905359     0.35458878
   Si      2.13374764    -1.35379177     2.07142129
   Si     -1.16648735    -2.34286125    -1.18439525
   Si      3.65866205     2.02537781     2.03554195
   Si     -1.73559770     0.94196346    -5.62644236
   Si     -2.93973931     2.71237331    -1.37963701
   Si      0.15120630     0.78579833    -0.61632501
   Si     -5.18542998     0.94939147     2.21225071
   Si     -0.55709556    -1.71428693     3.54716791
   Si      1.03341597    -0.85169132    -1.03294773
   Si     -1.84519945     0.12707911     2.15652877
   Si     -0.62405379     0.81182662     0.72798655
   Si      2.91684948    -1.70255606     1.65517903
   Si      0.12487403     0.83068802     1.17507593
   Si     -1.77564035     1.53860639     0.78232686
   Si     -0.02580499    -2.27295277     1.96618979
   Si      1.14439044     0.66045519    -1.15149428
   Si      4.55667672     1.23208804    -1.40443324
   Si      0.80326117     2.04145984    -3.06340072
   Si      2.07347923    -5.42479169     0.25382309
   Si      0.47536084    -2.27487370     1.78364305
   Si      0.65724416     4.12039551    -2.42378548
   Si     -2.91670077    -2.73727489    -0.30783888
   Si     -1.08757603    -1.63672208     0.07332738
   Si     -2.88897883     0.88751813     2.12980636
   Si     -0.14093618    -1.30685797    -6.77860619
   Si      2.94469997     2.48864543     1.85221181
   Si     -5.13893642     2.52325382     1.55199728
   Si     -3.45686914    -1.58754223     1.26852407
   Si      1.93706268    -3.02100572    -0.64865242
   Si      3.84096537    -1.70648356     3.18602966
   Si     -0.08004050    -0.84350696     3.33433151
   Si      2.06979586    -0.00817386    -2.96508439
   Si      1.51887186     0.55866381     0.08330438
   Si      0.39019147    -2.47833321    -0.82439445
   Si     -2.31669671    -0.78594409     2.19205335
   Si      0.25732418    -0.76710901    -0.82425080
   Si     -0.08003713    -1.09378505     1.55979476
   Si      2.65706308    -0.73081504    -2.14346218
   Si     -3.19767633     5.64209954     0.12531488
   Si      1.02231616    -1.37494621    -1.68608194
   Si     -3.19027658     4.49494808     2.59068763
   Si      4.12639154    -4.39142562     1.04707435
   Si     -3.01672947     1.19271771     3.38236172
   Si      2.29085139    -0.29829999     0.98502068
   Si     -0.75909601    -1.72415584     6.62604913
   Si     -4.66733686     0.05867974    -2.46577120
   Si      2.53716754     0.10575756    -3.00618474
   Si      0.20136884    -3.95477367     3.76450552
   Si      2.63666066    -1.05282154     0.00280514
   Si     -0.43262297    -3.46046826    -0.56619684
   Si      0.41613438     1.86903316    -3.24006603
   Si      1.90819579    -1.96602563     2.25957011
   Si     -5.09134967    -1.60668878    -2.81863898
   Si      0.69272011     1.15495663     0.12449403
   Si      1.16743258    -7.01245652    -2.00537454
   Si      1.26179338     4.79922734    -1.09497447
   Si      0.05039900    -0.46906602     2.45779257
   Si      1.39792031     1.54013156    -1.94682302
   Si      2.19396038     0.94560793     0.30271297
   Si     -4.42747871     3.73958780     3.82279636
   Si     -2.80188523     3.55660715    -1.48389271
   Si      4.73811017    -1.01568229     3.83220219
   Si     -2.67157277     0.09204649    -1.05982447
   Si      5.68891314    -2.46936317     2.19876258
   Si     -0.49656291     1.18286255     0.55727051
   Si     -1.17926080     4.16694969    -0.88737182
   Si     -1.26987621    -3.14428590    -1.39542998
   Si      0.40202654    -2.67243428    -0.91432909
   Si      0.71347363    -0.43661757     3.12067274
   Si     -0.85668993     1.19027360     1.47425351
   Si     -0.20996133     0.80360207     2.09295456
   Si     -2.20984576     1.39012025     3.91000094
   Si      2.05420076    -1.11554249    -2.00659682
   Si     -1.09230896     2.80938231     0.81615999
   Si      1.82776234     0.52521797    -2.13927986
   Si     -0.73050456     3.06616470    -1.19357877
   Si      3.86541014     2.09618512     0.45265748
   Si     -0.04576965    -6.42411518    -1.42917018
   Si      3.81595959    -0.78065440     0.74962001
   Si     -5.88321670     3.09030686    -6.82789515
 ZG-velocities vs exact velocities from momentum operator in second quantization:
   Si   2.50209906  2.51647055  2.25698854
   Si   2.46995879  2.46995879  2.46995879
   Si   2.55348230  2.49717563  2.48211340
   Si   2.46995793  2.46995793  2.46995793
