PBE                 
'cc'  4.0000    1    0    0   F    1   F -0.727050878E+01
  14.0000000000  -7.0000000000   0.0125000000 1141    2

 -0.31727275241E+01 -0.31727275223E+01 -0.31727275238E+01 -0.31727275264E+01
 -0.31727275268E+01 -0.31727275253E+01 -0.31727275244E+01 -0.31727275258E+01
 -0.31727275269E+01 -0.31727275265E+01 -0.31727275268E+01 -0.31727275264E+01
 -0.31727275264E+01 -0.31727275267E+01 -0.31727275263E+01 -0.31727275268E+01
 -0.31727275271E+01 -0.31727275270E+01 -0.31727275274E+01 -0.31727275270E+01
 -0.31727275265E+01 -0.31727275266E+01 -0.31727275267E+01 -0.31727275273E+01
 -0.31727275271E+01 -0.31727275262E+01 -0.31727275263E+01 -0.31727275273E+01
 -0.31727275286E+01 -0.31727275288E+01 -0.31727275283E+01 -0.31727275277E+01
 -0.31727275275E+01 -0.31727275283E+01 -0.31727275285E+01 -0.31727275280E+01
 -0.31727275278E+01 -0.31727275282E+01 -0.31727275296E+01 -0.31727275305E+01
 -0.31727275303E+01 -0.31727275294E+01 -0.31727275291E+01 -0.31727275296E+01
 -0.31727275296E+01 -0.31727275299E+01 -0.31727275302E+01 -0.31727275303E+01
 -0.31727275306E+01 -0.31727275305E+01 -0.31727275306E+01 -0.31727275307E+01
 -0.31727275310E+01 -0.31727275318E+01 -0.31727275322E+01 -0.31727275321E+01
 -0.31727275318E+01 -0.31727275320E+01 -0.31727275326E+01 -0.31727275327E+01
 -0.31727275326E+01 -0.31727275327E+01 -0.31727275332E+01 -0.31727275340E+01
 -0.31727275344E+01 -0.31727275344E+01 -0.31727275342E+01 -0.31727275344E+01
 -0.31727275349E+01 -0.31727275353E+01 -0.31727275357E+01 -0.31727275357E+01
 -0.31727275357E+01 -0.31727275364E+01 -0.31727275370E+01 -0.31727275372E+01
 -0.31727275375E+01 -0.31727275379E+01 -0.31727275383E+01 -0.31727275385E+01
 -0.31727275388E+01 -0.31727275394E+01 -0.31727275398E+01 -0.31727275402E+01
 -0.31727275407E+01 -0.31727275411E+01 -0.31727275412E+01 -0.31727275415E+01
 -0.31727275421E+01 -0.31727275424E+01 -0.31727275430E+01 -0.31727275435E+01
 -0.31727275439E+01 -0.31727275445E+01 -0.31727275452E+01 -0.31727275458E+01
 -0.31727275463E+01 -0.31727275468E+01 -0.31727275474E+01 -0.31727275480E+01
 -0.31727275485E+01 -0.31727275490E+01 -0.31727275495E+01 -0.31727275502E+01
 -0.31727275510E+01 -0.31727275517E+01 -0.31727275524E+01 -0.31727275531E+01
 -0.31727275539E+01 -0.31727275546E+01 -0.31727275552E+01 -0.31727275559E+01
 -0.31727275568E+01 -0.31727275577E+01 -0.31727275586E+01 -0.31727275595E+01
 -0.31727275604E+01 -0.31727275613E+01 -0.31727275623E+01 -0.31727275632E+01
 -0.31727275642E+01 -0.31727275652E+01 -0.31727275662E+01 -0.31727275674E+01
 -0.31727275685E+01 -0.31727275695E+01 -0.31727275706E+01 -0.31727275718E+01
 -0.31727275731E+01 -0.31727275744E+01 -0.31727275756E+01 -0.31727275769E+01
 -0.31727275782E+01 -0.31727275796E+01 -0.31727275810E+01 -0.31727275825E+01
 -0.31727275839E+01 -0.31727275854E+01 -0.31727275869E+01 -0.31727275886E+01
 -0.31727275902E+01 -0.31727275918E+01 -0.31727275935E+01 -0.31727275952E+01
 -0.31727275970E+01 -0.31727275988E+01 -0.31727276007E+01 -0.31727276027E+01
 -0.31727276047E+01 -0.31727276068E+01 -0.31727276089E+01 -0.31727276110E+01
 -0.31727276131E+01 -0.31727276154E+01 -0.31727276177E+01 -0.31727276201E+01
 -0.31727276225E+01 -0.31727276250E+01 -0.31727276275E+01 -0.31727276301E+01
 -0.31727276328E+01 -0.31727276356E+01 -0.31727276384E+01 -0.31727276413E+01
 -0.31727276442E+01 -0.31727276473E+01 -0.31727276504E+01 -0.31727276536E+01
 -0.31727276568E+01 -0.31727276602E+01 -0.31727276636E+01 -0.31727276672E+01
 -0.31727276708E+01 -0.31727276745E+01 -0.31727276783E+01 -0.31727276822E+01
 -0.31727276862E+01 -0.31727276903E+01 -0.31727276945E+01 -0.31727276988E+01
 -0.31727277032E+01 -0.31727277077E+01 -0.31727277124E+01 -0.31727277171E+01
 -0.31727277220E+01 -0.31727277270E+01 -0.31727277322E+01 -0.31727277374E+01
 -0.31727277428E+01 -0.31727277483E+01 -0.31727277540E+01 -0.31727277598E+01
 -0.31727277658E+01 -0.31727277719E+01 -0.31727277782E+01 -0.31727277846E+01
 -0.31727277912E+01 -0.31727277979E+01 -0.31727278049E+01 -0.31727278120E+01
 -0.31727278192E+01 -0.31727278267E+01 -0.31727278344E+01 -0.31727278422E+01
 -0.31727278502E+01 -0.31727278585E+01 -0.31727278670E+01 -0.31727278756E+01
 -0.31727278845E+01 -0.31727278936E+01 -0.31727279030E+01 -0.31727279126E+01
 -0.31727279224E+01 -0.31727279325E+01 -0.31727279428E+01 -0.31727279534E+01
 -0.31727279643E+01 -0.31727279754E+01 -0.31727279868E+01 -0.31727279985E+01
 -0.31727280105E+01 -0.31727280228E+01 -0.31727280354E+01 -0.31727280484E+01
 -0.31727280617E+01 -0.31727280753E+01 -0.31727280892E+01 -0.31727281035E+01
 -0.31727281182E+01 -0.31727281332E+01 -0.31727281486E+01 -0.31727281644E+01
 -0.31727281806E+01 -0.31727281972E+01 -0.31727282143E+01 -0.31727282317E+01
 -0.31727282496E+01 -0.31727282680E+01 -0.31727282868E+01 -0.31727283061E+01
 -0.31727283259E+01 -0.31727283462E+01 -0.31727283670E+01 -0.31727283883E+01
 -0.31727284102E+01 -0.31727284326E+01 -0.31727284556E+01 -0.31727284792E+01
 -0.31727285033E+01 -0.31727285281E+01 -0.31727285535E+01 -0.31727285796E+01
 -0.31727286063E+01 -0.31727286337E+01 -0.31727286618E+01 -0.31727286906E+01
 -0.31727287201E+01 -0.31727287504E+01 -0.31727287814E+01 -0.31727288132E+01
 -0.31727288458E+01 -0.31727288793E+01 -0.31727289136E+01 -0.31727289488E+01
 -0.31727289848E+01 -0.31727290218E+01 -0.31727290597E+01 -0.31727290986E+01
 -0.31727291384E+01 -0.31727291793E+01 -0.31727292212E+01 -0.31727292641E+01
 -0.31727293081E+01 -0.31727293533E+01 -0.31727293996E+01 -0.31727294471E+01
 -0.31727294957E+01 -0.31727295456E+01 -0.31727295968E+01 -0.31727296493E+01
 -0.31727297031E+01 -0.31727297582E+01 -0.31727298147E+01 -0.31727298727E+01
 -0.31727299322E+01 -0.31727299931E+01 -0.31727300556E+01 -0.31727301197E+01
 -0.31727301854E+01 -0.31727302527E+01 -0.31727303218E+01 -0.31727303926E+01
 -0.31727304652E+01 -0.31727305397E+01 -0.31727306160E+01 -0.31727306942E+01
 -0.31727307745E+01 -0.31727308567E+01 -0.31727309411E+01 -0.31727310276E+01
 -0.31727311163E+01 -0.31727312072E+01 -0.31727313004E+01 -0.31727313960E+01
 -0.31727314940E+01 -0.31727315945E+01 -0.31727316975E+01 -0.31727318031E+01
 -0.31727319114E+01 -0.31727320225E+01 -0.31727321363E+01 -0.31727322530E+01
 -0.31727323727E+01 -0.31727324955E+01 -0.31727326213E+01 -0.31727327503E+01
 -0.31727328826E+01 -0.31727330182E+01 -0.31727331572E+01 -0.31727332998E+01
 -0.31727334460E+01 -0.31727335959E+01 -0.31727337495E+01 -0.31727339071E+01
 -0.31727340687E+01 -0.31727342343E+01 -0.31727344041E+01 -0.31727345783E+01
 -0.31727347568E+01 -0.31727349398E+01 -0.31727351275E+01 -0.31727353199E+01
 -0.31727355172E+01 -0.31727357195E+01 -0.31727359270E+01 -0.31727361396E+01
 -0.31727363577E+01 -0.31727365812E+01 -0.31727368104E+01 -0.31727370454E+01
 -0.31727372864E+01 -0.31727375334E+01 -0.31727377868E+01 -0.31727380465E+01
 -0.31727383128E+01 -0.31727385858E+01 -0.31727388657E+01 -0.31727391527E+01
 -0.31727394470E+01 -0.31727397487E+01 -0.31727400581E+01 -0.31727403752E+01
 -0.31727407004E+01 -0.31727410339E+01 -0.31727413757E+01 -0.31727417262E+01
 -0.31727420856E+01 -0.31727424540E+01 -0.31727428318E+01 -0.31727432192E+01
 -0.31727436163E+01 -0.31727440235E+01 -0.31727444409E+01 -0.31727448690E+01
 -0.31727453078E+01 -0.31727457578E+01 -0.31727462191E+01 -0.31727466921E+01
 -0.31727471771E+01 -0.31727476743E+01 -0.31727481841E+01 -0.31727487068E+01
 -0.31727492427E+01 -0.31727497921E+01 -0.31727503555E+01 -0.31727509331E+01
 -0.31727515252E+01 -0.31727521324E+01 -0.31727527549E+01 -0.31727533931E+01
 -0.31727540475E+01 -0.31727547184E+01 -0.31727554063E+01 -0.31727561115E+01
 -0.31727568346E+01 -0.31727575760E+01 -0.31727583361E+01 -0.31727591153E+01
 -0.31727599143E+01 -0.31727607335E+01 -0.31727615734E+01 -0.31727624345E+01
 -0.31727633173E+01 -0.31727642225E+01 -0.31727651505E+01 -0.31727661019E+01
 -0.31727670774E+01 -0.31727680775E+01 -0.31727691029E+01 -0.31727701542E+01
 -0.31727712320E+01 -0.31727723370E+01 -0.31727734700E+01 -0.31727746315E+01
 -0.31727758224E+01 -0.31727770433E+01 -0.31727782951E+01 -0.31727795784E+01
 -0.31727808941E+01 -0.31727822431E+01 -0.31727836260E+01 -0.31727850439E+01
 -0.31727864976E+01 -0.31727879879E+01 -0.31727895158E+01 -0.31727910822E+01
 -0.31727926882E+01 -0.31727943347E+01 -0.31727960226E+01 -0.31727977532E+01
 -0.31727995273E+01 -0.31728013462E+01 -0.31728032110E+01 -0.31728051227E+01
 -0.31728070826E+01 -0.31728090919E+01 -0.31728111518E+01 -0.31728132637E+01
 -0.31728154287E+01 -0.31728176482E+01 -0.31728199236E+01 -0.31728222563E+01
 -0.31728246478E+01 -0.31728270994E+01 -0.31728296128E+01 -0.31728321894E+01
 -0.31728348308E+01 -0.31728375386E+01 -0.31728403146E+01 -0.31728431604E+01
 -0.31728460778E+01 -0.31728490684E+01 -0.31728521343E+01 -0.31728552772E+01
 -0.31728584991E+01 -0.31728618019E+01 -0.31728651876E+01 -0.31728686584E+01
 -0.31728722163E+01 -0.31728758636E+01 -0.31728796023E+01 -0.31728834349E+01
 -0.31728873636E+01 -0.31728913908E+01 -0.31728955190E+01 -0.31728997507E+01
 -0.31729040884E+01 -0.31729085348E+01 -0.31729130926E+01 -0.31729177644E+01
 -0.31729225533E+01 -0.31729274620E+01 -0.31729324935E+01 -0.31729376508E+01
 -0.31729429371E+01 -0.31729483555E+01 -0.31729539093E+01 -0.31729596018E+01
 -0.31729654365E+01 -0.31729714168E+01 -0.31729775464E+01 -0.31729838288E+01
 -0.31729902679E+01 -0.31729968675E+01 -0.31730036315E+01 -0.31730105639E+01
 -0.31730176689E+01 -0.31730249507E+01 -0.31730324137E+01 -0.31730400621E+01
 -0.31730479007E+01 -0.31730559339E+01 -0.31730641665E+01 -0.31730726034E+01
 -0.31730812496E+01 -0.31730901101E+01 -0.31730991900E+01 -0.31731084948E+01
 -0.31731180299E+01 -0.31731278008E+01 -0.31731378131E+01 -0.31731480728E+01
 -0.31731585858E+01 -0.31731693581E+01 -0.31731803959E+01 -0.31731917057E+01
 -0.31732032940E+01 -0.31732151673E+01 -0.31732273326E+01 -0.31732397966E+01
 -0.31732525666E+01 -0.31732656498E+01 -0.31732790536E+01 -0.31732927856E+01
 -0.31733068536E+01 -0.31733212654E+01 -0.31733360292E+01 -0.31733511531E+01
 -0.31733666457E+01 -0.31733825155E+01 -0.31733987714E+01 -0.31734154223E+01
 -0.31734324774E+01 -0.31734499461E+01 -0.31734678379E+01 -0.31734861625E+01
 -0.31735049299E+01 -0.31735241503E+01 -0.31735438340E+01 -0.31735639915E+01
 -0.31735846337E+01 -0.31736057715E+01 -0.31736274161E+01 -0.31736495790E+01
 -0.31736722717E+01 -0.31736955061E+01 -0.31737192942E+01 -0.31737436485E+01
 -0.31737685813E+01 -0.31737941055E+01 -0.31738202341E+01 -0.31738469801E+01
 -0.31738743572E+01 -0.31739023790E+01 -0.31739310593E+01 -0.31739604124E+01
 -0.31739904526E+01 -0.31740211945E+01 -0.31740526529E+01 -0.31740848431E+01
 -0.31741177802E+01 -0.31741514799E+01 -0.31741859578E+01 -0.31742212301E+01
 -0.31742573129E+01 -0.31742942227E+01 -0.31743319763E+01 -0.31743705904E+01
 -0.31744100822E+01 -0.31744504690E+01 -0.31744917683E+01 -0.31745339979E+01
 -0.31745771757E+01 -0.31746213198E+01 -0.31746664484E+01 -0.31747125800E+01
 -0.31747597331E+01 -0.31748079267E+01 -0.31748571794E+01 -0.31749075105E+01
 -0.31749589389E+01 -0.31750114840E+01 -0.31750651651E+01 -0.31751200015E+01
 -0.31751760128E+01 -0.31752332185E+01 -0.31752916380E+01 -0.31753512909E+01
 -0.31754121966E+01 -0.31754743748E+01 -0.31755378446E+01 -0.31756026255E+01
 -0.31756687367E+01 -0.31757361970E+01 -0.31758050255E+01 -0.31758752408E+01
 -0.31759468612E+01 -0.31760199049E+01 -0.31760943897E+01 -0.31761703330E+01
 -0.31762477520E+01 -0.31763266633E+01 -0.31764070830E+01 -0.31764890267E+01
 -0.31765725095E+01 -0.31766575458E+01 -0.31767441494E+01 -0.31768323332E+01
 -0.31769221093E+01 -0.31770134893E+01 -0.31771064834E+01 -0.31772011012E+01
 -0.31772973509E+01 -0.31773952398E+01 -0.31774947740E+01 -0.31775959583E+01
 -0.31776987961E+01 -0.31778032893E+01 -0.31779094384E+01 -0.31780172422E+01
 -0.31781266980E+01 -0.31782378010E+01 -0.31783505449E+01 -0.31784649210E+01
 -0.31785809188E+01 -0.31786985256E+01 -0.31788177263E+01 -0.31789385036E+01
 -0.31790608375E+01 -0.31791847055E+01 -0.31793100824E+01 -0.31794369401E+01
 -0.31795652477E+01 -0.31796949712E+01 -0.31798260734E+01 -0.31799585137E+01
 -0.31800922485E+01 -0.31802272303E+01 -0.31803634081E+01 -0.31805007274E+01
 -0.31806391297E+01 -0.31807785524E+01 -0.31809189292E+01 -0.31810601896E+01
 -0.31812022587E+01 -0.31813450574E+01 -0.31814885023E+01 -0.31816325056E+01
 -0.31817769747E+01 -0.31819218127E+01 -0.31820669180E+01 -0.31822121843E+01
 -0.31823575008E+01 -0.31825027520E+01 -0.31826478176E+01 -0.31827925728E+01
 -0.31829368882E+01 -0.31830806300E+01 -0.31832236597E+01 -0.31833658349E+01
 -0.31835070088E+01 -0.31836470305E+01 -0.31837857456E+01 -0.31839229960E+01
 -0.31840586201E+01 -0.31841924537E+01 -0.31843243297E+01 -0.31844540786E+01
 -0.31845815293E+01 -0.31847065092E+01 -0.31848288447E+01 -0.31849483623E+01
 -0.31850648883E+01 -0.31851782504E+01 -0.31852882780E+01 -0.31853948030E+01
 -0.31854976607E+01 -0.31855966909E+01 -0.31856917388E+01 -0.31857826562E+01
 -0.31858693023E+01 -0.31859515456E+01 -0.31860292647E+01 -0.31861023500E+01
 -0.31861707051E+01 -0.31862342487E+01 -0.31862929160E+01 -0.31863466605E+01
 -0.31863954565E+01 -0.31864393003E+01 -0.31864782131E+01 -0.31865122431E+01
 -0.31865414674E+01 -0.31865659952E+01 -0.31865859701E+01 -0.31866015730E+01
 -0.31866130248E+01 -0.31866205897E+01 -0.31866245781E+01 -0.31866253504E+01
 -0.31866233197E+01 -0.31866189562E+01 -0.31866127903E+01 -0.31866054169E+01
 -0.31865974993E+01 -0.31865897735E+01 -0.31865830521E+01 -0.31865782295E+01
 -0.31865762861E+01 -0.31865782930E+01 -0.31865854176E+01 -0.31865989279E+01
 -0.31866201983E+01 -0.31866507151E+01 -0.31866920819E+01 -0.31867460252E+01
 -0.31868144009E+01 -0.31868991999E+01 -0.31870025545E+01 -0.31871267449E+01
 -0.31872742057E+01 -0.31874475328E+01 -0.31876494902E+01 -0.31878830169E+01
 -0.31881512344E+01 -0.31884574543E+01 -0.31888051852E+01 -0.31891981410E+01
 -0.31896402486E+01 -0.31901356556E+01 -0.31906887390E+01 -0.31913041131E+01
 -0.31919866383E+01 -0.31927414291E+01 -0.31935738633E+01 -0.31944895908E+01
 -0.31954945421E+01 -0.31965949376E+01 -0.31977972966E+01 -0.31991084466E+01
 -0.32005355321E+01 -0.32020860241E+01 -0.32037677290E+01 -0.32055887981E+01
 -0.32075577365E+01 -0.32096834118E+01 -0.32119750634E+01 -0.32144423109E+01
 -0.32170951626E+01 -0.32199440233E+01 -0.32229997026E+01 -0.32262734216E+01
 -0.32297768202E+01 -0.32335219632E+01 -0.32375213455E+01 -0.32417878975E+01
 -0.32463349881E+01 -0.32511764282E+01 -0.32563264719E+01 -0.32617998170E+01
 -0.32676116036E+01 -0.32737774114E+01 -0.32803132546E+01 -0.32872355755E+01
 -0.32945612351E+01 -0.33023075009E+01 -0.33104920330E+01 -0.33191328658E+01
 -0.33282483867E+01 -0.33378573111E+01 -0.33479786530E+01 -0.33586316910E+01
 -0.33698359292E+01 -0.33816110526E+01 -0.33939768768E+01 -0.34069532902E+01
 -0.34205601902E+01 -0.34348174109E+01 -0.34497446424E+01 -0.34653613418E+01
 -0.34816866331E+01 -0.34987391975E+01 -0.35165371523E+01 -0.35350979168E+01
 -0.35544380660E+01 -0.35745731697E+01 -0.35955176169E+01 -0.36172844247E+01
 -0.36398850293E+01 -0.36633290609E+01 -0.36876240985E+01 -0.37127754057E+01
 -0.37387856465E+01 -0.37656545795E+01 -0.37933787308E+01 -0.38219510448E+01
 -0.38513605128E+01 -0.38815917797E+01 -0.39126247293E+01 -0.39444340484E+01
 -0.39769887733E+01 -0.40102518180E+01 -0.40441794901E+01 -0.40787209967E+01
 -0.41138179451E+01 -0.41494038466E+01 -0.41854036290E+01 -0.42217331687E+01
 -0.42582988523E+01 -0.42949971817E+01 -0.43317144353E+01 -0.43683264028E+01
 -0.44046982110E+01 -0.44406842584E+01 -0.44761282779E+01 -0.45108635481E+01
 -0.45447132697E+01 -0.45774911256E+01 -0.46090020362E+01 -0.46390431228E+01
 -0.46674048811E+01 -0.46938725660E+01 -0.47182277803E+01 -0.47402502527E+01
 -0.47597197866E+01 -0.47764183546E+01 -0.47901323107E+01 -0.48006546900E+01
 -0.48077875694E+01 -0.48113444626E+01 -0.48111527321E+01 -0.48070560058E+01
 -0.47989165963E+01 -0.47866179265E+01 -0.47700669720E+01 -0.47491967345E+01
 -0.47239687579E+01 -0.46943756943E+01 -0.46604439162E+01 -0.46222361571E+01
 -0.45798541407E+01 -0.45334411401E+01 -0.44831843806E+01 -0.44293171733E+01
 -0.43721206383E+01 -0.43119248492E+01 -0.42491091956E+01 -0.41841017344E+01
 -0.41173772598E+01 -0.40494537885E+01 -0.39808871082E+01 -0.39122629905E+01
 -0.38441866017E+01 -0.37772685774E+01 -0.37121071327E+01 -0.36492654723E+01
 -0.35892436380E+01 -0.35324437726E+01 -0.34791276028E+01 -0.34293647365E+01
 -0.33829701354E+01 -0.33394286089E+01 -0.32978006072E+01 -0.32569309367E+01
 -0.32165554166E+01 -0.31766723550E+01 -0.31372765889E+01 -0.30983627673E+01
 -0.30599255712E+01 -0.30219597107E+01 -0.29844599221E+01 -0.29474209677E+01
 -0.29108376348E+01 -0.28747047369E+01 -0.28390171141E+01 -0.28037696349E+01
 -0.27689571968E+01 -0.27345747286E+01 -0.27006171912E+01 -0.26670795797E+01
 -0.26339569245E+01 -0.26012442928E+01 -0.25689367901E+01 -0.25370295610E+01
 -0.25055177907E+01 -0.24743967060E+01 -0.24436615761E+01 -0.24133077137E+01
 -0.23833304757E+01 -0.23537252639E+01 -0.23244875259E+01 -0.22956127554E+01
 -0.22670964930E+01 -0.22389343267E+01 -0.22111218918E+01 -0.21836548719E+01
 -0.21565289988E+01 -0.21297400526E+01 -0.21032838620E+01 -0.20771563042E+01
 -0.20513533049E+01 -0.20258708383E+01 -0.20007049268E+01 -0.19758516407E+01
 -0.19513070980E+01 -0.19270674643E+01 -0.19031289520E+01 -0.18794878203E+01
 -0.18561403743E+01 -0.18330829650E+01 -0.18103119887E+01 -0.17878238863E+01
 -0.17656151428E+01 -0.17436822872E+01 -0.17220218915E+01 -0.17006305702E+01
 -0.16795049802E+01 -0.16586418199E+01 -0.16380378288E+01 -0.16176897868E+01
 -0.15975945141E+01 -0.15777488703E+01 -0.15581497542E+01 -0.15387941031E+01
 -0.15196788923E+01 -0.15008011349E+01 -0.14821578810E+01 -0.14637462174E+01
 -0.14455632670E+01 -0.14276061888E+01 -0.14098721769E+01 -0.13923584601E+01
 -0.13750623020E+01 -0.13579809999E+01 -0.13411118848E+01 -0.13244523211E+01
 -0.13079997055E+01 -0.12917514673E+01 -0.12757050678E+01 -0.12598579998E+01
 -0.12442077870E+01 -0.12287519842E+01 -0.12134881764E+01 -0.11984139786E+01
 -0.11835270355E+01 -0.11688250210E+01 -0.11543056380E+01 -0.11399666176E+01
 -0.11258057196E+01 -0.11118207311E+01 -0.10980094672E+01 -0.10843697696E+01
 -0.10708995072E+01 -0.10575965753E+01 -0.10444588952E+01 -0.10314844142E+01
 -0.10186711050E+01 -0.10060169654E+01 -0.99352001831E+00 -0.98117831093E+00
 -0.96898991489E+00 -0.95695292570E+00 -0.94506546258E+00 -0.93332566806E+00
 -0.92173170777E+00 -0.91028177013E+00 -0.89897406606E+00 -0.88780682868E+00
 -0.87677831310E+00 -0.86588679607E+00 -0.85513057577E+00 -0.84450797151E+00
 -0.83401732346E+00 -0.82365699246E+00 -0.81342535965E+00 -0.80332082632E+00
 -0.79334181362E+00 -0.78348676229E+00 -0.77375413245E+00 -0.76414240336E+00
 -0.75465007315E+00 -0.74527565863E+00 -0.73601769502E+00 -0.72687473573E+00
 -0.71784535217E+00 -0.70892813346E+00 -0.70012168626E+00 -0.69142463455E+00
 -0.68283561939E+00 -0.67435329872E+00 -0.66597634717E+00 -0.65770345582E+00
 -0.64953333200E+00 -0.64146469911E+00 -0.63349629641E+00 -0.62562687883E+00
 -0.61785521673E+00 -0.61018009580E+00 -0.60260031676E+00 -0.59511469527E+00
 -0.58772206167E+00 -0.58042125644E+00 -0.57321114804E+00 -0.56609058875E+00
 -0.55905852056E+00 -0.55211378387E+00 -0.54525531610E+00 -0.53848204352E+00
 -0.53179291214E+00 -0.52518687449E+00 -0.51866289836E+00 -0.51221996435E+00
 -0.50585706576E+00 -0.49957320837E+00 -0.49336741031E+00 -0.48723870190E+00
 -0.48118614555E+00 -0.47520875501E+00 -0.46930568584E+00 -0.46347578143E+00
 -0.45771839291E+00 -0.45203252381E+00 -0.44641729364E+00 -0.44087180896E+00
 -0.43539521139E+00 -0.42998664521E+00 -0.42464526532E+00 -0.41937023711E+00
 -0.41416073636E+00 -0.40901594906E+00 -0.40393507134E+00 -0.39891730930E+00
 -0.39396187889E+00 -0.38906800584E+00 -0.38423492545E+00 -0.37946188254E+00
 -0.37474813133E+00 -0.37009293528E+00 -0.36549556700E+00 -0.36095530815E+00
 -0.35647144930E+00 -0.35204328984E+00 -0.34767013786E+00 -0.34335131004E+00
 -0.33908613157E+00 -0.33487393599E+00 -0.33071406515E+00 -0.32660586905E+00
 -0.32254870578E+00 -0.31854194141E+00 -0.31458494986E+00 -0.31067711286E+00
 -0.30681781978E+00 -0.30300646761E+00 -0.29924246082E+00 -0.29552521127E+00
 -0.29185413813E+00 -0.28822866780E+00 -0.28464823379E+00 -0.28111227664E+00
 -0.27762024386E+00 -0.27417158981E+00 -0.27076577562E+00 -0.26740226913E+00
 -0.26408054480E+00 -0.26080008359E+00 -0.25756037292E+00 -0.25436090658E+00
 -0.25120118465E+00 -0.24808071342E+00 -0.24499900530E+00 -0.24195557878E+00
 -0.23894995831E+00 -0.23598167426E+00 -0.23305026282E+00 -0.23015526596E+00
 -0.22729623133E+00 -0.22447271219E+00 -0.22168426738E+00 -0.21893046118E+00
 -0.21621086332E+00 -0.21352504884E+00 -0.21087259808E+00 -0.20825309660E+00
 -0.20566613508E+00 -0.20311130932E+00 -0.20058822012E+00 -0.19809647323E+00
 -0.19563567932E+00 -0.19320545388E+00 -0.19080541718E+00 -0.18843519422E+00
 -0.18609441465E+00 -0.18378271270E+00 -0.18149972718E+00 -0.17924510136E+00
 -0.17701848295E+00 -0.17481952404E+00 -0.17264788103E+00 -0.17050321461E+00
 -0.16838518966E+00 -0.16629347524E+00 -0.16422774451E+00 -0.16218767471E+00
 -0.16017294706E+00 -0.15818324675E+00 -0.15621826290E+00 -0.15427768847E+00
 -0.15236122025E+00 -0.15046855877E+00 -0.14859940832E+00 -0.14675347682E+00
 -0.14493047585E+00 -0.14313012057E+00 -0.14135212965E+00 -0.13959622530E+00
 -0.13786213314E+00 -0.13614958222E+00 -0.13445830494E+00 -0.13278803705E+00
 -0.13113851757E+00 -0.12950948874E+00 -0.12790069603E+00 -0.12631188807E+00
 -0.12474281659E+00 -0.12319323644E+00 -0.12166290548E+00 -0.12015158459E+00
 -0.11865903764E+00 -0.11718503140E+00 -0.11572933556E+00 -0.11429172267E+00
 -0.11287196809E+00 -0.11146984998E+00 -0.11008514926E+00 -0.10871764958E+00
 -0.10736713724E+00 -0.10603340125E+00 -0.10471623318E+00 -0.10341542724E+00
 -0.10213078017E+00 -0.10086209124E+00 -0.99609162224E-01 -0.98371797338E-01
 -0.97149803246E-01 -0.95942989008E-01 -0.94751166058E-01 -0.93574148169E-01
 -0.92411751432E-01 -0.91263794219E-01 -0.90130097160E-01 -0.89010483111E-01
 -0.87904777132E-01 -0.86812806453E-01 -0.85734400451E-01 -0.84669390625E-01
 -0.83617610562E-01 -0.82578895921E-01 -0.81553084401E-01 -0.80540015717E-01
 -0.79539531573E-01

 -0.55528948296E+01 -0.55528948278E+01 -0.55528948293E+01 -0.55528948319E+01
 -0.55528948323E+01 -0.55528948308E+01 -0.55528948299E+01 -0.55528948313E+01
 -0.55528948324E+01 -0.55528948320E+01 -0.55528948323E+01 -0.55528948319E+01
 -0.55528948319E+01 -0.55528948322E+01 -0.55528948318E+01 -0.55528948323E+01
 -0.55528948326E+01 -0.55528948325E+01 -0.55528948329E+01 -0.55528948325E+01
 -0.55528948319E+01 -0.55528948321E+01 -0.55528948322E+01 -0.55528948327E+01
 -0.55528948325E+01 -0.55528948317E+01 -0.55528948318E+01 -0.55528948328E+01
 -0.55528948341E+01 -0.55528948343E+01 -0.55528948338E+01 -0.55528948332E+01
 -0.55528948330E+01 -0.55528948338E+01 -0.55528948340E+01 -0.55528948335E+01
 -0.55528948333E+01 -0.55528948337E+01 -0.55528948351E+01 -0.55528948360E+01
 -0.55528948358E+01 -0.55528948349E+01 -0.55528948346E+01 -0.55528948351E+01
 -0.55528948351E+01 -0.55528948353E+01 -0.55528948357E+01 -0.55528948358E+01
 -0.55528948360E+01 -0.55528948360E+01 -0.55528948361E+01 -0.55528948362E+01
 -0.55528948365E+01 -0.55528948373E+01 -0.55528948377E+01 -0.55528948376E+01
 -0.55528948373E+01 -0.55528948375E+01 -0.55528948381E+01 -0.55528948382E+01
 -0.55528948381E+01 -0.55528948382E+01 -0.55528948387E+01 -0.55528948395E+01
 -0.55528948399E+01 -0.55528948399E+01 -0.55528948397E+01 -0.55528948399E+01
 -0.55528948404E+01 -0.55528948408E+01 -0.55528948412E+01 -0.55528948412E+01
 -0.55528948412E+01 -0.55528948418E+01 -0.55528948425E+01 -0.55528948427E+01
 -0.55528948430E+01 -0.55528948434E+01 -0.55528948438E+01 -0.55528948440E+01
 -0.55528948443E+01 -0.55528948448E+01 -0.55528948453E+01 -0.55528948457E+01
 -0.55528948462E+01 -0.55528948465E+01 -0.55528948467E+01 -0.55528948470E+01
 -0.55528948475E+01 -0.55528948479E+01 -0.55528948485E+01 -0.55528948490E+01
 -0.55528948494E+01 -0.55528948500E+01 -0.55528948507E+01 -0.55528948513E+01
 -0.55528948517E+01 -0.55528948522E+01 -0.55528948529E+01 -0.55528948535E+01
 -0.55528948540E+01 -0.55528948545E+01 -0.55528948550E+01 -0.55528948557E+01
 -0.55528948565E+01 -0.55528948572E+01 -0.55528948579E+01 -0.55528948586E+01
 -0.55528948594E+01 -0.55528948601E+01 -0.55528948607E+01 -0.55528948614E+01
 -0.55528948623E+01 -0.55528948632E+01 -0.55528948641E+01 -0.55528948650E+01
 -0.55528948659E+01 -0.55528948668E+01 -0.55528948678E+01 -0.55528948687E+01
 -0.55528948696E+01 -0.55528948706E+01 -0.55528948717E+01 -0.55528948728E+01
 -0.55528948740E+01 -0.55528948750E+01 -0.55528948761E+01 -0.55528948773E+01
 -0.55528948786E+01 -0.55528948799E+01 -0.55528948811E+01 -0.55528948824E+01
 -0.55528948837E+01 -0.55528948850E+01 -0.55528948865E+01 -0.55528948880E+01
 -0.55528948894E+01 -0.55528948909E+01 -0.55528948924E+01 -0.55528948941E+01
 -0.55528948957E+01 -0.55528948973E+01 -0.55528948990E+01 -0.55528949007E+01
 -0.55528949025E+01 -0.55528949043E+01 -0.55528949062E+01 -0.55528949082E+01
 -0.55528949102E+01 -0.55528949123E+01 -0.55528949144E+01 -0.55528949165E+01
 -0.55528949186E+01 -0.55528949209E+01 -0.55528949232E+01 -0.55528949256E+01
 -0.55528949280E+01 -0.55528949305E+01 -0.55528949330E+01 -0.55528949356E+01
 -0.55528949383E+01 -0.55528949411E+01 -0.55528949439E+01 -0.55528949468E+01
 -0.55528949497E+01 -0.55528949528E+01 -0.55528949559E+01 -0.55528949591E+01
 -0.55528949623E+01 -0.55528949657E+01 -0.55528949691E+01 -0.55528949726E+01
 -0.55528949762E+01 -0.55528949800E+01 -0.55528949838E+01 -0.55528949877E+01
 -0.55528949917E+01 -0.55528949957E+01 -0.55528950000E+01 -0.55528950043E+01
 -0.55528950087E+01 -0.55528950132E+01 -0.55528950179E+01 -0.55528950226E+01
 -0.55528950275E+01 -0.55528950325E+01 -0.55528950376E+01 -0.55528950429E+01
 -0.55528950483E+01 -0.55528950538E+01 -0.55528950595E+01 -0.55528950653E+01
 -0.55528950713E+01 -0.55528950774E+01 -0.55528950836E+01 -0.55528950901E+01
 -0.55528950967E+01 -0.55528951034E+01 -0.55528951103E+01 -0.55528951174E+01
 -0.55528951247E+01 -0.55528951322E+01 -0.55528951398E+01 -0.55528951477E+01
 -0.55528951557E+01 -0.55528951640E+01 -0.55528951724E+01 -0.55528951811E+01
 -0.55528951900E+01 -0.55528951991E+01 -0.55528952085E+01 -0.55528952181E+01
 -0.55528952279E+01 -0.55528952380E+01 -0.55528952483E+01 -0.55528952589E+01
 -0.55528952697E+01 -0.55528952809E+01 -0.55528952923E+01 -0.55528953040E+01
 -0.55528953160E+01 -0.55528953283E+01 -0.55528953409E+01 -0.55528953539E+01
 -0.55528953671E+01 -0.55528953807E+01 -0.55528953947E+01 -0.55528954090E+01
 -0.55528954236E+01 -0.55528954387E+01 -0.55528954541E+01 -0.55528954699E+01
 -0.55528954861E+01 -0.55528955027E+01 -0.55528955197E+01 -0.55528955372E+01
 -0.55528955551E+01 -0.55528955735E+01 -0.55528955923E+01 -0.55528956116E+01
 -0.55528956314E+01 -0.55528956517E+01 -0.55528956725E+01 -0.55528956938E+01
 -0.55528957157E+01 -0.55528957381E+01 -0.55528957611E+01 -0.55528957847E+01
 -0.55528958088E+01 -0.55528958336E+01 -0.55528958590E+01 -0.55528958851E+01
 -0.55528959118E+01 -0.55528959392E+01 -0.55528959673E+01 -0.55528959961E+01
 -0.55528960256E+01 -0.55528960558E+01 -0.55528960869E+01 -0.55528961187E+01
 -0.55528961513E+01 -0.55528961848E+01 -0.55528962191E+01 -0.55528962542E+01
 -0.55528962903E+01 -0.55528963273E+01 -0.55528963652E+01 -0.55528964040E+01
 -0.55528964439E+01 -0.55528964847E+01 -0.55528965266E+01 -0.55528965696E+01
 -0.55528966136E+01 -0.55528966588E+01 -0.55528967051E+01 -0.55528967525E+01
 -0.55528968012E+01 -0.55528968511E+01 -0.55528969023E+01 -0.55528969547E+01
 -0.55528970085E+01 -0.55528970637E+01 -0.55528971202E+01 -0.55528971782E+01
 -0.55528972376E+01 -0.55528972986E+01 -0.55528973611E+01 -0.55528974251E+01
 -0.55528974908E+01 -0.55528975582E+01 -0.55528976273E+01 -0.55528976981E+01
 -0.55528977707E+01 -0.55528978451E+01 -0.55528979214E+01 -0.55528979997E+01
 -0.55528980799E+01 -0.55528981622E+01 -0.55528982465E+01 -0.55528983330E+01
 -0.55528984217E+01 -0.55528985126E+01 -0.55528986058E+01 -0.55528987014E+01
 -0.55528987994E+01 -0.55528988999E+01 -0.55528990029E+01 -0.55528991085E+01
 -0.55528992168E+01 -0.55528993278E+01 -0.55528994417E+01 -0.55528995584E+01
 -0.55528996781E+01 -0.55528998008E+01 -0.55528999266E+01 -0.55529000556E+01
 -0.55529001879E+01 -0.55529003235E+01 -0.55529004626E+01 -0.55529006051E+01
 -0.55529007513E+01 -0.55529009012E+01 -0.55529010548E+01 -0.55529012124E+01
 -0.55529013739E+01 -0.55529015396E+01 -0.55529017094E+01 -0.55529018835E+01
 -0.55529020620E+01 -0.55529022451E+01 -0.55529024327E+01 -0.55529026251E+01
 -0.55529028224E+01 -0.55529030247E+01 -0.55529032321E+01 -0.55529034447E+01
 -0.55529036628E+01 -0.55529038863E+01 -0.55529041155E+01 -0.55529043505E+01
 -0.55529045914E+01 -0.55529048384E+01 -0.55529050917E+01 -0.55529053514E+01
 -0.55529056177E+01 -0.55529058907E+01 -0.55529061706E+01 -0.55529064575E+01
 -0.55529067518E+01 -0.55529070535E+01 -0.55529073628E+01 -0.55529076799E+01
 -0.55529080051E+01 -0.55529083384E+01 -0.55529086803E+01 -0.55529090307E+01
 -0.55529093900E+01 -0.55529097584E+01 -0.55529101362E+01 -0.55529105234E+01
 -0.55529109205E+01 -0.55529113276E+01 -0.55529117450E+01 -0.55529121730E+01
 -0.55529126118E+01 -0.55529130616E+01 -0.55529135229E+01 -0.55529139958E+01
 -0.55529144807E+01 -0.55529149778E+01 -0.55529154875E+01 -0.55529160101E+01
 -0.55529165459E+01 -0.55529170952E+01 -0.55529176584E+01 -0.55529182359E+01
 -0.55529188279E+01 -0.55529194349E+01 -0.55529200573E+01 -0.55529206953E+01
 -0.55529213496E+01 -0.55529220203E+01 -0.55529227080E+01 -0.55529234130E+01
 -0.55529241359E+01 -0.55529248770E+01 -0.55529256369E+01 -0.55529264159E+01
 -0.55529272147E+01 -0.55529280336E+01 -0.55529288732E+01 -0.55529297340E+01
 -0.55529306165E+01 -0.55529315213E+01 -0.55529324490E+01 -0.55529334001E+01
 -0.55529343752E+01 -0.55529353750E+01 -0.55529363999E+01 -0.55529374508E+01
 -0.55529385281E+01 -0.55529396327E+01 -0.55529407651E+01 -0.55529419261E+01
 -0.55529431164E+01 -0.55529443368E+01 -0.55529455879E+01 -0.55529468706E+01
 -0.55529481857E+01 -0.55529495339E+01 -0.55529509161E+01 -0.55529523332E+01
 -0.55529537860E+01 -0.55529552754E+01 -0.55529568024E+01 -0.55529583679E+01
 -0.55529599728E+01 -0.55529616182E+01 -0.55529633051E+01 -0.55529650344E+01
 -0.55529668074E+01 -0.55529686250E+01 -0.55529704883E+01 -0.55529723986E+01
 -0.55529743570E+01 -0.55529763647E+01 -0.55529784230E+01 -0.55529805330E+01
 -0.55529826962E+01 -0.55529849138E+01 -0.55529871871E+01 -0.55529895177E+01
 -0.55529919069E+01 -0.55529943562E+01 -0.55529968670E+01 -0.55529994410E+01
 -0.55530020796E+01 -0.55530047846E+01 -0.55530075575E+01 -0.55530104001E+01
 -0.55530133140E+01 -0.55530163012E+01 -0.55530193633E+01 -0.55530225023E+01
 -0.55530257200E+01 -0.55530290185E+01 -0.55530323997E+01 -0.55530358657E+01
 -0.55530394186E+01 -0.55530430605E+01 -0.55530467937E+01 -0.55530506205E+01
 -0.55530545430E+01 -0.55530585638E+01 -0.55530626852E+01 -0.55530669097E+01
 -0.55530712399E+01 -0.55530756784E+01 -0.55530802279E+01 -0.55530848910E+01
 -0.55530896707E+01 -0.55530945697E+01 -0.55530995911E+01 -0.55531047378E+01
 -0.55531100129E+01 -0.55531154195E+01 -0.55531209609E+01 -0.55531266404E+01
 -0.55531324614E+01 -0.55531384274E+01 -0.55531445418E+01 -0.55531508083E+01
 -0.55531572307E+01 -0.55531638127E+01 -0.55531705582E+01 -0.55531774713E+01
 -0.55531845559E+01 -0.55531918162E+01 -0.55531992566E+01 -0.55532068814E+01
 -0.55532146950E+01 -0.55532227020E+01 -0.55532309071E+01 -0.55532393150E+01
 -0.55532479307E+01 -0.55532567592E+01 -0.55532658055E+01 -0.55532750749E+01
 -0.55532845728E+01 -0.55532943046E+01 -0.55533042758E+01 -0.55533144923E+01
 -0.55533249598E+01 -0.55533356844E+01 -0.55533466721E+01 -0.55533579291E+01
 -0.55533694619E+01 -0.55533812769E+01 -0.55533933808E+01 -0.55534057804E+01
 -0.55534184827E+01 -0.55534314947E+01 -0.55534448236E+01 -0.55534584769E+01
 -0.55534724621E+01 -0.55534867869E+01 -0.55535014592E+01 -0.55535164870E+01
 -0.55535318786E+01 -0.55535476422E+01 -0.55535637864E+01 -0.55535803199E+01
 -0.55535972515E+01 -0.55536145904E+01 -0.55536323458E+01 -0.55536505270E+01
 -0.55536691437E+01 -0.55536882056E+01 -0.55537077227E+01 -0.55537277051E+01
 -0.55537481632E+01 -0.55537691074E+01 -0.55537905486E+01 -0.55538124975E+01
 -0.55538349653E+01 -0.55538579634E+01 -0.55538815030E+01 -0.55539055961E+01
 -0.55539302543E+01 -0.55539554898E+01 -0.55539813149E+01 -0.55540077419E+01
 -0.55540347836E+01 -0.55540624528E+01 -0.55540907625E+01 -0.55541197259E+01
 -0.55541493565E+01 -0.55541796679E+01 -0.55542106737E+01 -0.55542423880E+01
 -0.55542748249E+01 -0.55543079987E+01 -0.55543419239E+01 -0.55543766151E+01
 -0.55544120870E+01 -0.55544483547E+01 -0.55544854332E+01 -0.55545233376E+01
 -0.55545620834E+01 -0.55546016860E+01 -0.55546421609E+01 -0.55546835239E+01
 -0.55547257907E+01 -0.55547689770E+01 -0.55548130989E+01 -0.55548581722E+01
 -0.55549042128E+01 -0.55549512369E+01 -0.55549992602E+01 -0.55550482989E+01
 -0.55550983688E+01 -0.55551494858E+01 -0.55552016656E+01 -0.55552549239E+01
 -0.55553092762E+01 -0.55553647379E+01 -0.55554213242E+01 -0.55554790500E+01
 -0.55555379301E+01 -0.55555979787E+01 -0.55556592101E+01 -0.55557216379E+01
 -0.55557852754E+01 -0.55558501356E+01 -0.55559162308E+01 -0.55559835728E+01
 -0.55560521729E+01 -0.55561220417E+01 -0.55561931891E+01 -0.55562656243E+01
 -0.55563393556E+01 -0.55564143904E+01 -0.55564907352E+01 -0.55565683956E+01
 -0.55566473759E+01 -0.55567276793E+01 -0.55568093078E+01 -0.55568922620E+01
 -0.55569765411E+01 -0.55570621427E+01 -0.55571490629E+01 -0.55572372961E+01
 -0.55573268347E+01 -0.55574176694E+01 -0.55575097885E+01 -0.55576031785E+01
 -0.55576978235E+01 -0.55577937050E+01 -0.55578908021E+01 -0.55579890913E+01
 -0.55580885460E+01 -0.55581891367E+01 -0.55582908310E+01 -0.55583935929E+01
 -0.55584973829E+01 -0.55586021582E+01 -0.55587078717E+01 -0.55588144728E+01
 -0.55589219063E+01 -0.55590301129E+01 -0.55591390284E+01 -0.55592485841E+01
 -0.55593587062E+01 -0.55594693156E+01 -0.55595803279E+01 -0.55596916528E+01
 -0.55598031943E+01 -0.55599148502E+01 -0.55600265119E+01 -0.55601380641E+01
 -0.55602493846E+01 -0.55603603442E+01 -0.55604708060E+01 -0.55605806258E+01
 -0.55606896512E+01 -0.55607977215E+01 -0.55609046677E+01 -0.55610103118E+01
 -0.55611144670E+01 -0.55612169370E+01 -0.55613175158E+01 -0.55614159876E+01
 -0.55615121265E+01 -0.55616056958E+01 -0.55616964484E+01 -0.55617841260E+01
 -0.55618684591E+01 -0.55619491664E+01 -0.55620259551E+01 -0.55620985199E+01
 -0.55621665437E+01 -0.55622296963E+01 -0.55622876350E+01 -0.55623400040E+01
 -0.55623864343E+01 -0.55624265434E+01 -0.55624599352E+01 -0.55624861999E+01
 -0.55625049138E+01 -0.55625156391E+01 -0.55625179238E+01 -0.55625113019E+01
 -0.55624952929E+01 -0.55624694021E+01 -0.55624331203E+01 -0.55623859242E+01
 -0.55623272761E+01 -0.55622566242E+01 -0.55621734026E+01 -0.55620770314E+01
 -0.55619669169E+01 -0.55618424522E+01 -0.55617030166E+01 -0.55615479768E+01
 -0.55613766867E+01 -0.55611884879E+01 -0.55609827101E+01 -0.55607586715E+01
 -0.55605156795E+01 -0.55602530310E+01 -0.55599700131E+01 -0.55596659037E+01
 -0.55593399723E+01 -0.55589914803E+01 -0.55586196824E+01 -0.55582238266E+01
 -0.55578031559E+01 -0.55573569084E+01 -0.55568843189E+01 -0.55563846191E+01
 -0.55558570395E+01 -0.55553008096E+01 -0.55547151592E+01 -0.55540993200E+01
 -0.55534525258E+01 -0.55527740145E+01 -0.55520630286E+01 -0.55513188168E+01
 -0.55505406350E+01 -0.55497277475E+01 -0.55488794282E+01 -0.55479949620E+01
 -0.55470736455E+01 -0.55461147889E+01 -0.55451177165E+01 -0.55440817684E+01
 -0.55430063013E+01 -0.55418906898E+01 -0.55407343273E+01 -0.55395366272E+01
 -0.55382970242E+01 -0.55370149744E+01 -0.55356899572E+01 -0.55343214754E+01
 -0.55329090565E+01 -0.55314522531E+01 -0.55299506437E+01 -0.55284038332E+01
 -0.55268114535E+01 -0.55251731635E+01 -0.55234886501E+01 -0.55217576278E+01
 -0.55199798390E+01 -0.55181550540E+01 -0.55162830707E+01 -0.55143637147E+01
 -0.55123968387E+01 -0.55103823218E+01 -0.55083200691E+01 -0.55062100109E+01
 -0.55040521017E+01 -0.55018463188E+01 -0.54995926615E+01 -0.54972911495E+01
 -0.54949418209E+01 -0.54925447309E+01 -0.54900999495E+01 -0.54876075592E+01
 -0.54850676526E+01 -0.54824803300E+01 -0.54798456960E+01 -0.54771638565E+01
 -0.54744349155E+01 -0.54716589708E+01 -0.54688361105E+01 -0.54659664082E+01
 -0.54630499185E+01 -0.54600866719E+01 -0.54570766693E+01 -0.54540198760E+01
 -0.54509162155E+01 -0.54477655626E+01 -0.54445677364E+01 -0.54413224921E+01
 -0.54380295126E+01 -0.54346884000E+01 -0.54312986652E+01 -0.54278597180E+01
 -0.54243708562E+01 -0.54208312529E+01 -0.54172399445E+01 -0.54135958164E+01
 -0.54098975886E+01 -0.54061437995E+01 -0.54023327894E+01 -0.53984626816E+01
 -0.53945313631E+01 -0.53905364630E+01 -0.53864753300E+01 -0.53823450076E+01
 -0.53781422073E+01 -0.53738632800E+01 -0.53695041848E+01 -0.53650604556E+01
 -0.53605271640E+01 -0.53558988807E+01 -0.53511696316E+01 -0.53463328524E+01
 -0.53413813372E+01 -0.53363071846E+01 -0.53311017376E+01 -0.53257555197E+01
 -0.53202581652E+01 -0.53145983435E+01 -0.53087636781E+01 -0.53027406590E+01
 -0.52965145487E+01 -0.52900692824E+01 -0.52833873613E+01 -0.52764497408E+01
 -0.52692357133E+01 -0.52617227869E+01 -0.52538865624E+01 -0.52457006087E+01
 -0.52371363422E+01 -0.52281629105E+01 -0.52187470881E+01 -0.52088531868E+01
 -0.51984429884E+01 -0.51874757075E+01 -0.51759079911E+01 -0.51636939667E+01
 -0.51507853467E+01 -0.51371315998E+01 -0.51226802008E+01 -0.51073769654E+01
 -0.50911664798E+01 -0.50739926291E+01 -0.50557992260E+01 -0.50365307368E+01
 -0.50161330970E+01 -0.49945546005E+01 -0.49717468445E+01 -0.49476656989E+01
 -0.49222722719E+01 -0.48955338321E+01 -0.48674246496E+01 -0.48379267176E+01
 -0.48070303201E+01 -0.47747344164E+01 -0.47410468257E+01 -0.47059842035E+01
 -0.46695718169E+01 -0.46318431386E+01 -0.45928392926E+01 -0.45526083934E+01
 -0.45112048300E+01 -0.44686885455E+01 -0.44251243673E+01 -0.43805814309E+01
 -0.43351327386E+01 -0.42888548763E+01 -0.42418279024E+01 -0.41941354053E+01
 -0.41458647104E+01 -0.40971072027E+01 -0.40479587148E+01 -0.39985199155E+01
 -0.39488966190E+01 -0.38991999217E+01 -0.38495460595E+01 -0.38000558642E+01
 -0.37508536863E+01 -0.37020656379E+01 -0.36538169933E+01 -0.36062285701E+01
 -0.35594118923E+01 -0.35134629068E+01 -0.34684539840E+01 -0.34244238771E+01
 -0.33813652312E+01 -0.33392088630E+01 -0.32978006072E+01 -0.32569309367E+01
 -0.32165554166E+01 -0.31766723550E+01 -0.31372765889E+01 -0.30983627673E+01
 -0.30599255712E+01 -0.30219597107E+01 -0.29844599221E+01 -0.29474209677E+01
 -0.29108376348E+01 -0.28747047369E+01 -0.28390171141E+01 -0.28037696349E+01
 -0.27689571968E+01 -0.27345747286E+01 -0.27006171912E+01 -0.26670795797E+01
 -0.26339569245E+01 -0.26012442928E+01 -0.25689367901E+01 -0.25370295610E+01
 -0.25055177907E+01 -0.24743967060E+01 -0.24436615761E+01 -0.24133077137E+01
 -0.23833304757E+01 -0.23537252639E+01 -0.23244875259E+01 -0.22956127554E+01
 -0.22670964930E+01 -0.22389343267E+01 -0.22111218918E+01 -0.21836548719E+01
 -0.21565289988E+01 -0.21297400526E+01 -0.21032838620E+01 -0.20771563042E+01
 -0.20513533049E+01 -0.20258708383E+01 -0.20007049268E+01 -0.19758516407E+01
 -0.19513070980E+01 -0.19270674643E+01 -0.19031289520E+01 -0.18794878203E+01
 -0.18561403743E+01 -0.18330829650E+01 -0.18103119887E+01 -0.17878238863E+01
 -0.17656151428E+01 -0.17436822872E+01 -0.17220218915E+01 -0.17006305702E+01
 -0.16795049802E+01 -0.16586418199E+01 -0.16380378288E+01 -0.16176897868E+01
 -0.15975945141E+01 -0.15777488703E+01 -0.15581497542E+01 -0.15387941031E+01
 -0.15196788923E+01 -0.15008011349E+01 -0.14821578810E+01 -0.14637462174E+01
 -0.14455632670E+01 -0.14276061888E+01 -0.14098721769E+01 -0.13923584601E+01
 -0.13750623020E+01 -0.13579809999E+01 -0.13411118848E+01 -0.13244523211E+01
 -0.13079997055E+01 -0.12917514673E+01 -0.12757050678E+01 -0.12598579998E+01
 -0.12442077870E+01 -0.12287519842E+01 -0.12134881764E+01 -0.11984139786E+01
 -0.11835270355E+01 -0.11688250210E+01 -0.11543056380E+01 -0.11399666176E+01
 -0.11258057196E+01 -0.11118207311E+01 -0.10980094672E+01 -0.10843697696E+01
 -0.10708995072E+01 -0.10575965753E+01 -0.10444588952E+01 -0.10314844142E+01
 -0.10186711050E+01 -0.10060169654E+01 -0.99352001831E+00 -0.98117831093E+00
 -0.96898991489E+00 -0.95695292570E+00 -0.94506546258E+00 -0.93332566806E+00
 -0.92173170777E+00 -0.91028177013E+00 -0.89897406606E+00 -0.88780682868E+00
 -0.87677831310E+00 -0.86588679607E+00 -0.85513057577E+00 -0.84450797151E+00
 -0.83401732346E+00 -0.82365699246E+00 -0.81342535965E+00 -0.80332082632E+00
 -0.79334181362E+00 -0.78348676229E+00 -0.77375413245E+00 -0.76414240336E+00
 -0.75465007315E+00 -0.74527565863E+00 -0.73601769502E+00 -0.72687473573E+00
 -0.71784535217E+00 -0.70892813346E+00 -0.70012168626E+00 -0.69142463455E+00
 -0.68283561939E+00 -0.67435329872E+00 -0.66597634717E+00 -0.65770345582E+00
 -0.64953333200E+00 -0.64146469911E+00 -0.63349629641E+00 -0.62562687883E+00
 -0.61785521673E+00 -0.61018009580E+00 -0.60260031676E+00 -0.59511469527E+00
 -0.58772206167E+00 -0.58042125644E+00 -0.57321114804E+00 -0.56609058875E+00
 -0.55905852056E+00 -0.55211378387E+00 -0.54525531610E+00 -0.53848204352E+00
 -0.53179291214E+00 -0.52518687449E+00 -0.51866289836E+00 -0.51221996435E+00
 -0.50585706576E+00 -0.49957320837E+00 -0.49336741031E+00 -0.48723870190E+00
 -0.48118614555E+00 -0.47520875501E+00 -0.46930568584E+00 -0.46347578143E+00
 -0.45771839291E+00 -0.45203252381E+00 -0.44641729364E+00 -0.44087180896E+00
 -0.43539521139E+00 -0.42998664521E+00 -0.42464526532E+00 -0.41937023711E+00
 -0.41416073636E+00 -0.40901594906E+00 -0.40393507134E+00 -0.39891730930E+00
 -0.39396187889E+00 -0.38906800584E+00 -0.38423492545E+00 -0.37946188254E+00
 -0.37474813133E+00 -0.37009293528E+00 -0.36549556700E+00 -0.36095530815E+00
 -0.35647144930E+00 -0.35204328984E+00 -0.34767013786E+00 -0.34335131004E+00
 -0.33908613157E+00 -0.33487393599E+00 -0.33071406515E+00 -0.32660586905E+00
 -0.32254870578E+00 -0.31854194141E+00 -0.31458494986E+00 -0.31067711286E+00
 -0.30681781978E+00 -0.30300646761E+00 -0.29924246082E+00 -0.29552521127E+00
 -0.29185413813E+00 -0.28822866780E+00 -0.28464823379E+00 -0.28111227664E+00
 -0.27762024386E+00 -0.27417158981E+00 -0.27076577562E+00 -0.26740226913E+00
 -0.26408054480E+00 -0.26080008359E+00 -0.25756037292E+00 -0.25436090658E+00
 -0.25120118465E+00 -0.24808071342E+00 -0.24499900530E+00 -0.24195557878E+00
 -0.23894995831E+00 -0.23598167426E+00 -0.23305026282E+00 -0.23015526596E+00
 -0.22729623133E+00 -0.22447271219E+00 -0.22168426738E+00 -0.21893046118E+00
 -0.21621086332E+00 -0.21352504884E+00 -0.21087259808E+00 -0.20825309660E+00
 -0.20566613508E+00 -0.20311130932E+00 -0.20058822012E+00 -0.19809647323E+00
 -0.19563567932E+00 -0.19320545388E+00 -0.19080541718E+00 -0.18843519422E+00
 -0.18609441465E+00 -0.18378271270E+00 -0.18149972718E+00 -0.17924510136E+00
 -0.17701848295E+00 -0.17481952404E+00 -0.17264788103E+00 -0.17050321461E+00
 -0.16838518966E+00 -0.16629347524E+00 -0.16422774451E+00 -0.16218767471E+00
 -0.16017294706E+00 -0.15818324675E+00 -0.15621826290E+00 -0.15427768847E+00
 -0.15236122025E+00 -0.15046855877E+00 -0.14859940832E+00 -0.14675347682E+00
 -0.14493047585E+00 -0.14313012057E+00 -0.14135212965E+00 -0.13959622530E+00
 -0.13786213314E+00 -0.13614958222E+00 -0.13445830494E+00 -0.13278803705E+00
 -0.13113851757E+00 -0.12950948874E+00 -0.12790069603E+00 -0.12631188807E+00
 -0.12474281659E+00 -0.12319323644E+00 -0.12166290548E+00 -0.12015158459E+00
 -0.11865903764E+00 -0.11718503140E+00 -0.11572933556E+00 -0.11429172267E+00
 -0.11287196809E+00 -0.11146984998E+00 -0.11008514926E+00 -0.10871764958E+00
 -0.10736713724E+00 -0.10603340125E+00 -0.10471623318E+00 -0.10341542724E+00
 -0.10213078017E+00 -0.10086209124E+00 -0.99609162224E-01 -0.98371797338E-01
 -0.97149803246E-01 -0.95942989008E-01 -0.94751166058E-01 -0.93574148169E-01
 -0.92411751432E-01 -0.91263794219E-01 -0.90130097160E-01 -0.89010483111E-01
 -0.87904777132E-01 -0.86812806453E-01 -0.85734400451E-01 -0.84669390625E-01
 -0.83617610562E-01 -0.82578895921E-01 -0.81553084401E-01 -0.80540015717E-01
 -0.79539531573E-01

           0   2.00000000000000     
  0.26173169536E-04  0.26502387481E-04  0.26835746479E-04  0.27173298616E-04
  0.27515096636E-04  0.27861193946E-04  0.28211644624E-04  0.28566503430E-04
  0.28925825809E-04  0.29289667908E-04  0.29658086577E-04  0.30031139383E-04
  0.30408884615E-04  0.30791381297E-04  0.31178689195E-04  0.31570868827E-04
  0.31967981471E-04  0.32370089178E-04  0.32777254777E-04  0.33189541888E-04
  0.33607014933E-04  0.34029739143E-04  0.34457780569E-04  0.34891206093E-04
  0.35330083439E-04  0.35774481182E-04  0.36224468761E-04  0.36680116487E-04
  0.37141495556E-04  0.37608678059E-04  0.38081736995E-04  0.38560746279E-04
  0.39045780759E-04  0.39536916222E-04  0.40034229408E-04  0.40537798024E-04
  0.41047700754E-04  0.41564017270E-04  0.42086828249E-04  0.42616215380E-04
  0.43152261382E-04  0.43695050012E-04  0.44244666083E-04  0.44801195474E-04
  0.45364725142E-04  0.45935343141E-04  0.46513138631E-04  0.47098201893E-04
  0.47690624346E-04  0.48290498556E-04  0.48897918254E-04  0.49512978352E-04
  0.50135774954E-04  0.50766405372E-04  0.51404968145E-04  0.52051563049E-04
  0.52706291116E-04  0.53369254648E-04  0.54040557235E-04  0.54720303769E-04
  0.55408600462E-04  0.56105554861E-04  0.56811275868E-04  0.57525873753E-04
  0.58249460173E-04  0.58982148189E-04  0.59724052287E-04  0.60475288389E-04
  0.61235973879E-04  0.62006227614E-04  0.62786169949E-04  0.63575922751E-04
  0.64375609420E-04  0.65185354909E-04  0.66005285744E-04  0.66835530038E-04
  0.67676217521E-04  0.68527479551E-04  0.69389449139E-04  0.70262260970E-04
  0.71146051423E-04  0.72040958591E-04  0.72947122306E-04  0.73864684158E-04
  0.74793787518E-04  0.75734577559E-04  0.76687201283E-04  0.77651807538E-04
  0.78628547047E-04  0.79617572427E-04  0.80619038215E-04  0.81633100893E-04
  0.82659918909E-04  0.83699652706E-04  0.84752464745E-04  0.85818519530E-04
  0.86897983634E-04  0.87991025725E-04  0.89097816594E-04  0.90218529178E-04
  0.91353338592E-04  0.92502422152E-04  0.93665959405E-04  0.94844132155E-04
  0.96037124495E-04  0.97245122832E-04  0.98468315918E-04  0.99706894880E-04
  0.10096105325E-03  0.10223098699E-03  0.10351689453E-03  0.10481897680E-03
  0.10613743724E-03  0.10747248188E-03  0.10882431931E-03  0.11019316077E-03
  0.11157922013E-03  0.11298271398E-03  0.11440386161E-03  0.11584288507E-03
  0.11730000922E-03  0.11877546174E-03  0.12026947317E-03  0.12178227695E-03
  0.12331410946E-03  0.12486521005E-03  0.12643582109E-03  0.12802618798E-03
  0.12963655923E-03  0.13126718646E-03  0.13291832446E-03  0.13459023122E-03
  0.13628316797E-03  0.13799739925E-03  0.13973319291E-03  0.14149082017E-03
  0.14327055566E-03  0.14507267747E-03  0.14689746719E-03  0.14874520993E-03
  0.15061619442E-03  0.15251071300E-03  0.15442906170E-03  0.15637154025E-03
  0.15833845218E-03  0.16033010482E-03  0.16234680937E-03  0.16438888094E-03
  0.16645663861E-03  0.16855040548E-03  0.17067050870E-03  0.17281727954E-03
  0.17499105343E-03  0.17719217004E-03  0.17942097329E-03  0.18167781144E-03
  0.18396303713E-03  0.18627700742E-03  0.18862008388E-03  0.19099263262E-03
  0.19339502435E-03  0.19582763446E-03  0.19829084304E-03  0.20078503498E-03
  0.20331060000E-03  0.20586793272E-03  0.20845743274E-03  0.21107950466E-03
  0.21373455820E-03  0.21642300820E-03  0.21914527476E-03  0.22190178322E-03
  0.22469296430E-03  0.22751925412E-03  0.23038109430E-03  0.23327893201E-03
  0.23621322005E-03  0.23918441689E-03  0.24219298680E-03  0.24523939988E-03
  0.24832413212E-03  0.25144766554E-03  0.25461048818E-03  0.25781309424E-03
  0.26105598415E-03  0.26433966460E-03  0.26766464869E-03  0.27103145594E-03
  0.27444061243E-03  0.27789265085E-03  0.28138811059E-03  0.28492753781E-03
  0.28851148557E-03  0.29214051386E-03  0.29581518973E-03  0.29953608735E-03
  0.30330378813E-03  0.30711888077E-03  0.31098196139E-03  0.31489363362E-03
  0.31885450864E-03  0.32286520537E-03  0.32692635049E-03  0.33103857855E-03
  0.33520253210E-03  0.33941886177E-03  0.34368822637E-03  0.34801129300E-03
  0.35238873715E-03  0.35682124281E-03  0.36130950257E-03  0.36585421772E-03
  0.37045609839E-03  0.37511586364E-03  0.37983424156E-03  0.38461196942E-03
  0.38944979375E-03  0.39434847046E-03  0.39930876500E-03  0.40433145241E-03
  0.40941731751E-03  0.41456715497E-03  0.41978176947E-03  0.42506197582E-03
  0.43040859904E-03  0.43582247458E-03  0.44130444836E-03  0.44685537695E-03
  0.45247612770E-03  0.45816757887E-03  0.46393061977E-03  0.46976615088E-03
  0.47567508402E-03  0.48165834249E-03  0.48771686117E-03  0.49385158674E-03
  0.50006347776E-03  0.50635350485E-03  0.51272265085E-03  0.51917191097E-03
  0.52570229290E-03  0.53231481705E-03  0.53901051665E-03  0.54579043790E-03
  0.55265564021E-03  0.55960719627E-03  0.56664619230E-03  0.57377372814E-03
  0.58099091751E-03  0.58829888812E-03  0.59569878185E-03  0.60319175496E-03
  0.61077897826E-03  0.61846163727E-03  0.62624093243E-03  0.63411807929E-03
  0.64209430868E-03  0.65017086690E-03  0.65834901595E-03  0.66663003369E-03
  0.67501521407E-03  0.68350586729E-03  0.69210332005E-03  0.70080891573E-03
  0.70962401462E-03  0.71854999410E-03  0.72758824890E-03  0.73674019127E-03
  0.74600725124E-03  0.75539087683E-03  0.76489253426E-03  0.77451370821E-03
  0.78425590202E-03  0.79412063795E-03  0.80410945741E-03  0.81422392119E-03
  0.82446560972E-03  0.83483612330E-03  0.84533708238E-03  0.85597012777E-03
  0.86673692094E-03  0.87763914424E-03  0.88867850121E-03  0.89985671678E-03
  0.91117553761E-03  0.92263673232E-03  0.93424209178E-03  0.94599342938E-03
  0.95789258132E-03  0.96994140691E-03  0.98214178884E-03  0.99449563348E-03
  0.10070048712E-02  0.10196714566E-02  0.10324973689E-02  0.10454846123E-02
  0.10586352161E-02  0.10719512351E-02  0.10854347500E-02  0.10990878678E-02
  0.11129127218E-02  0.11269114721E-02  0.11410863063E-02  0.11554394392E-02
  0.11699731137E-02  0.11846896005E-02  0.11995911994E-02  0.12146802388E-02
  0.12299590765E-02  0.12454300998E-02  0.12610957263E-02  0.12769584039E-02
  0.12930206111E-02  0.13092848578E-02  0.13257536854E-02  0.13424296674E-02
  0.13593154095E-02  0.13764135501E-02  0.13937267611E-02  0.14112577478E-02
  0.14290092495E-02  0.14469840401E-02  0.14651849283E-02  0.14836147581E-02
  0.15022764094E-02  0.15211727982E-02  0.15403068773E-02  0.15596816366E-02
  0.15793001036E-02  0.15991653439E-02  0.16192804615E-02  0.16396485998E-02
  0.16602729415E-02  0.16811567092E-02  0.17023031665E-02  0.17237156176E-02
  0.17453974086E-02  0.17673519273E-02  0.17895826046E-02  0.18120929143E-02
  0.18348863738E-02  0.18579665449E-02  0.18813370343E-02  0.19050014939E-02
  0.19289636215E-02  0.19532271617E-02  0.19777959060E-02  0.20026736935E-02
  0.20278644119E-02  0.20533719976E-02  0.20792004365E-02  0.21053537647E-02
  0.21318360692E-02  0.21586514883E-02  0.21858042124E-02  0.22132984844E-02
  0.22411386011E-02  0.22693289127E-02  0.22978738248E-02  0.23267777978E-02
  0.23560453488E-02  0.23856810512E-02  0.24156895364E-02  0.24460754937E-02
  0.24768436718E-02  0.25079988787E-02  0.25395459831E-02  0.25714899152E-02
  0.26038356668E-02  0.26365882928E-02  0.26697529116E-02  0.27033347060E-02
  0.27373389241E-02  0.27717708799E-02  0.28066359544E-02  0.28419395963E-02
  0.28776873226E-02  0.29138847202E-02  0.29505374458E-02  0.29876512277E-02
  0.30252318661E-02  0.30632852340E-02  0.31018172787E-02  0.31408340221E-02
  0.31803415619E-02  0.32203460725E-02  0.32608538061E-02  0.33018710936E-02
  0.33434043455E-02  0.33854600529E-02  0.34280447888E-02  0.34711652087E-02
  0.35148280521E-02  0.35590401432E-02  0.36038083920E-02  0.36491397956E-02
  0.36950414391E-02  0.37415204968E-02  0.37885842333E-02  0.38362400047E-02
  0.38844952597E-02  0.39333575405E-02  0.39828344845E-02  0.40329338253E-02
  0.40836633937E-02  0.41350311190E-02  0.41870450304E-02  0.42397132584E-02
  0.42930440355E-02  0.43470456980E-02  0.44017266872E-02  0.44570955506E-02
  0.45131609435E-02  0.45699316298E-02  0.46274164840E-02  0.46856244925E-02
  0.47445647544E-02  0.48042464838E-02  0.48646790107E-02  0.49258717824E-02
  0.49878343654E-02  0.50505764465E-02  0.51141078348E-02  0.51784384625E-02
  0.52435783872E-02  0.53095377932E-02  0.53763269927E-02  0.54439564283E-02
  0.55124366738E-02  0.55817784362E-02  0.56519925575E-02  0.57230900163E-02
  0.57950819294E-02  0.58679795537E-02  0.59417942879E-02  0.60165376744E-02
  0.60922214010E-02  0.61688573027E-02  0.62464573636E-02  0.63250337191E-02
  0.64045986573E-02  0.64851646211E-02  0.65667442103E-02  0.66493501838E-02
  0.67329954608E-02  0.68176931237E-02  0.69034564198E-02  0.69902987633E-02
  0.70782337376E-02  0.71672750973E-02  0.72574367704E-02  0.73487328607E-02
  0.74411776497E-02  0.75347855991E-02  0.76295713529E-02  0.77255497399E-02
  0.78227357759E-02  0.79211446662E-02  0.80207918078E-02  0.81216927920E-02
  0.82238634070E-02  0.83273196399E-02  0.84320776798E-02  0.85381539201E-02
  0.86455649611E-02  0.87543276126E-02  0.88644588965E-02  0.89759760499E-02
  0.90888965273E-02  0.92032380037E-02  0.93190183773E-02  0.94362557723E-02
  0.95549685420E-02  0.96751752715E-02  0.97968947805E-02  0.99201461268E-02
  0.10044948609E-01  0.10171321769E-01  0.10299285397E-01  0.10428859531E-01
  0.10560064466E-01  0.10692920751E-01  0.10827449194E-01  0.10963670870E-01
  0.11101607116E-01  0.11241279542E-01  0.11382710031E-01  0.11525920743E-01
  0.11670934116E-01  0.11817772876E-01  0.11966460035E-01  0.12117018895E-01
  0.12269473055E-01  0.12423846412E-01  0.12580163167E-01  0.12738447826E-01
  0.12898725207E-01  0.13061020442E-01  0.13225358981E-01  0.13391766599E-01
  0.13560269395E-01  0.13730893802E-01  0.13903666585E-01  0.14078614853E-01
  0.14255766056E-01  0.14435147993E-01  0.14616788818E-01  0.14800717041E-01
  0.14986961534E-01  0.15175551537E-01  0.15366516662E-01  0.15559886896E-01
  0.15755692611E-01  0.15953964560E-01  0.16154733894E-01  0.16358032155E-01
  0.16563891289E-01  0.16772343651E-01  0.16983422004E-01  0.17197159533E-01
  0.17413589844E-01  0.17632746971E-01  0.17854665386E-01  0.18079379996E-01
  0.18306926158E-01  0.18537339679E-01  0.18770656823E-01  0.19006914321E-01
  0.19246149369E-01  0.19488399642E-01  0.19733703298E-01  0.19982098983E-01
  0.20233625836E-01  0.20488323501E-01  0.20746232129E-01  0.21007392386E-01
  0.21271845461E-01  0.21539633072E-01  0.21810797473E-01  0.22085381460E-01
  0.22363428382E-01  0.22644982145E-01  0.22930087219E-01  0.23218788650E-01
  0.23511132064E-01  0.23807163674E-01  0.24106930292E-01  0.24410479333E-01
  0.24717858827E-01  0.25029117424E-01  0.25344304405E-01  0.25663469687E-01
  0.25986663838E-01  0.26313938079E-01  0.26645344298E-01  0.26980935055E-01
  0.27320763598E-01  0.27664883862E-01  0.28013350491E-01  0.28366218836E-01
  0.28723544975E-01  0.29085385714E-01  0.29451798606E-01  0.29822841953E-01
  0.30198574825E-01  0.30579057063E-01  0.30964349294E-01  0.31354512944E-01
  0.31749610245E-01  0.32149704247E-01  0.32554858834E-01  0.32965138732E-01
  0.33380609520E-01  0.33801337648E-01  0.34227390444E-01  0.34658836128E-01
  0.35095743827E-01  0.35538183588E-01  0.35986226387E-01  0.36439944150E-01
  0.36899409760E-01  0.37364697075E-01  0.37835880944E-01  0.38313037215E-01
  0.38796242759E-01  0.39285575477E-01  0.39781114321E-01  0.40282939309E-01
  0.40791131537E-01  0.41305773202E-01  0.41826947614E-01  0.42354739215E-01
  0.42889233594E-01  0.43430517511E-01  0.43978678906E-01  0.44533806925E-01
  0.45095991937E-01  0.45665325551E-01  0.46241900637E-01  0.46825811348E-01
  0.47417153135E-01  0.48016022776E-01  0.48622518389E-01  0.49236739459E-01
  0.49858786859E-01  0.50488762871E-01  0.51126771212E-01  0.51772917056E-01
  0.52427307056E-01  0.53090049375E-01  0.53761253704E-01  0.54441031293E-01
  0.55129494973E-01  0.55826759189E-01  0.56532940021E-01  0.57248155215E-01
  0.57972524215E-01  0.58706168187E-01  0.59449210052E-01  0.60201774517E-01
  0.60963988107E-01  0.61735979194E-01  0.62517878036E-01  0.63309816806E-01
  0.64111929628E-01  0.64924352613E-01  0.65747223897E-01  0.66580683674E-01
  0.67424874241E-01  0.68279940030E-01  0.69146027652E-01  0.70023285940E-01
  0.70911865985E-01  0.71811921188E-01  0.72723607296E-01  0.73647082453E-01
  0.74582507246E-01  0.75530044750E-01  0.76489860581E-01  0.77462122944E-01
  0.78447002686E-01  0.79444673351E-01  0.80455311230E-01  0.81479095421E-01
  0.82516207886E-01  0.83566833509E-01  0.84631160159E-01  0.85709378750E-01
  0.86801683306E-01  0.87908271030E-01  0.89029342366E-01  0.90165101075E-01
  0.91315754301E-01  0.92481512649E-01  0.93662590260E-01  0.94859204885E-01
  0.96071577971E-01  0.97299934739E-01  0.98544504272E-01  0.99805519597E-01
  0.10108321778E+00  0.10237784002E+00  0.10368963173E+00  0.10501884266E+00
  0.10636572697E+00  0.10773054335E+00  0.10911355511E+00  0.11051503032E+00
  0.11193524189E+00  0.11337446771E+00  0.11483299076E+00  0.11631109920E+00
  0.11780908657E+00  0.11932725185E+00  0.12086589964E+00  0.12242534024E+00
  0.12400588988E+00  0.12560787077E+00  0.12723161133E+00  0.12887744626E+00
  0.13054571680E+00  0.13223677080E+00  0.13395096293E+00  0.13568865486E+00
  0.13745021540E+00  0.13923602071E+00  0.14104645450E+00  0.14288190817E+00
  0.14474278104E+00  0.14662948056E+00  0.14854242249E+00  0.15048203111E+00
  0.15244873948E+00  0.15444298960E+00  0.15646523268E+00  0.15851592936E+00
  0.16059554995E+00  0.16270457464E+00  0.16484349381E+00  0.16701280822E+00
  0.16921302930E+00  0.17144467943E+00  0.17370829215E+00  0.17600441247E+00
  0.17833359714E+00  0.18069641492E+00  0.18309344688E+00  0.18552528665E+00
  0.18799254072E+00  0.19049582876E+00  0.19303578386E+00  0.19561305284E+00
  0.19822829655E+00  0.20088219013E+00  0.20357542334E+00  0.20630870078E+00
  0.20908274221E+00  0.21189828279E+00  0.21475607339E+00  0.21765688077E+00
  0.22060148787E+00  0.22359069401E+00  0.22662531512E+00  0.22970618390E+00
  0.23283415000E+00  0.23601008016E+00  0.23923485830E+00  0.24250938564E+00
  0.24583458068E+00  0.24921137925E+00  0.25264073442E+00  0.25612361640E+00
  0.25966101239E+00  0.26325392636E+00  0.26690337868E+00  0.27061040581E+00
  0.27437605978E+00  0.27820140761E+00  0.28208753064E+00  0.28603552371E+00
  0.29004649421E+00  0.29412156101E+00  0.29826185318E+00  0.30246850862E+00
  0.30674267237E+00  0.31108549485E+00  0.31549812976E+00  0.31998173184E+00
  0.32453745423E+00  0.32916644565E+00  0.33386984723E+00  0.33864878898E+00
  0.34350438589E+00  0.34843773369E+00  0.35344990407E+00  0.35854193956E+00
  0.36371484782E+00  0.36896959546E+00  0.37430710125E+00  0.37972822876E+00
  0.38523377829E+00  0.39082447819E+00  0.39650097542E+00  0.40226382525E+00
  0.40811348032E+00  0.41405027863E+00  0.42007443080E+00  0.42618600628E+00
  0.43238491857E+00  0.43867090952E+00  0.44504353237E+00  0.45150213393E+00
  0.45804583543E+00  0.46467351236E+00  0.47138377313E+00  0.47817493651E+00
  0.48504500804E+00  0.49199165524E+00  0.49901218173E+00  0.50610350039E+00
  0.51326210553E+00  0.52048404421E+00  0.52776488687E+00  0.53509969738E+00
  0.54248300271E+00  0.54990876250E+00  0.55737033871E+00  0.56486046570E+00
  0.57237122114E+00  0.57989399803E+00  0.58741947841E+00  0.59493760921E+00
  0.60243758080E+00  0.60990780879E+00  0.61733591993E+00  0.62470874258E+00
  0.63201230273E+00  0.63923182622E+00  0.64635174808E+00  0.65335572982E+00
  0.66022668553E+00  0.66694681769E+00  0.67349766341E+00  0.67986015207E+00
  0.68601467482E+00  0.69194116683E+00  0.69761920246E+00  0.70302810389E+00
  0.70814706311E+00  0.71295527726E+00  0.71743209677E+00  0.72155718552E+00
  0.72531069201E+00  0.72867342990E+00  0.73162706605E+00  0.73415431366E+00
  0.73623912775E+00  0.73786689967E+00  0.73902464700E+00  0.73970119490E+00
  0.73988734424E+00  0.73957602227E+00  0.73876241063E+00  0.73744404607E+00
  0.73562088905E+00  0.73329535554E+00  0.73047230804E+00  0.72715900209E+00
  0.72336498567E+00  0.71910194972E+00  0.71438352943E+00  0.70922505752E+00
  0.70364327265E+00  0.69765598831E+00  0.69128173036E+00  0.68453935437E+00
  0.67744765781E+00  0.67002500645E+00  0.66228899940E+00  0.65425620361E+00
  0.64594199546E+00  0.63736055585E+00  0.62852507441E+00  0.61944821390E+00
  0.61014268922E+00  0.60062142902E+00  0.59089756421E+00  0.58098440256E+00
  0.57089540307E+00  0.56064414970E+00  0.55024432489E+00  0.53970968246E+00
  0.52905402042E+00  0.51829115323E+00  0.50743488394E+00  0.49649897607E+00
  0.48549712527E+00  0.47444293106E+00  0.46334986839E+00  0.45223125945E+00
  0.44110024567E+00  0.42996976002E+00  0.41885249989E+00  0.40776090056E+00
  0.39670710946E+00  0.38570296141E+00  0.37475995502E+00  0.36388923025E+00
  0.35310154753E+00  0.34240726841E+00  0.33181633786E+00  0.32133826848E+00
  0.31098212656E+00  0.30075652017E+00  0.29066958921E+00  0.28072899761E+00
  0.27094192755E+00  0.26131507572E+00  0.25185465158E+00  0.24256637760E+00
  0.23345549125E+00  0.22452674891E+00  0.21578443125E+00  0.20723235026E+00
  0.19887385759E+00  0.19071185418E+00  0.18274880100E+00  0.17498673074E+00
  0.16742726032E+00  0.16007160411E+00  0.15292058769E+00  0.14597466206E+00
  0.13923391814E+00  0.13269810149E+00  0.12636662713E+00  0.12023859438E+00
  0.11431280166E+00  0.10858776120E+00  0.10306171351E+00  0.97732641716E-01
  0.92598285636E-01  0.87656155625E-01  0.82903546143E-01  0.78337549092E-01
  0.73955066890E-01  0.69752825330E-01  0.65727386223E-01  0.61875159846E-01
  0.58192417230E-01  0.54675302296E-01  0.51319843871E-01  0.48121967590E-01
  0.45077507699E-01  0.42182218771E-01  0.39431787329E-01  0.36821843379E-01
  0.34347971831E-01  0.32005723799E-01  0.29790627759E-01  0.27698200527E-01
  0.25723958039E-01  0.23863425886E-01  0.22112149576E-01  0.20465704473E-01
  0.18919705391E-01  0.17469815785E-01  0.16111756517E-01  0.14841314152E-01
  0.13654348763E-01  0.12546801199E-01  0.11514699816E-01  0.10554166621E-01
  0.96614228458E-02  0.88327939104E-02  0.80647137891E-02  0.73537287699E-02
  0.66965006118E-02  0.60898091083E-02  0.55305540668E-02  0.50157567226E-02
  0.45425606031E-02  0.41082318666E-02  0.37101591404E-02  0.33458528843E-02
  0.30129443100E-02  0.27091838868E-02  0.24324394660E-02  0.21806940557E-02
  0.19520432818E-02  0.17446925663E-02  0.15569540573E-02  0.13872433450E-02
  0.12340759935E-02  0.10960639216E-02  0.97191166290E-03  0.86041253321E-03
  0.76044473339E-03  0.67096741384E-03  0.59101672447E-03  0.51970187300E-03
  0.45620121238E-03  0.39975837603E-03  0.34967847835E-03  0.30532439550E-03
  0.26611313997E-03  0.23151234079E-03  0.20103683914E-03  0.17424540778E-03
  0.15073760107E-03  0.13015074072E-03  0.11215704122E-03  0.96460877360E-04
  0.82796195182E-04  0.70924066581E-04  0.60630386669E-04  0.51723712203E-04
  0.44033238512E-04  0.37406911680E-04  0.31709672098E-04  0.26821825014E-04
  0.22637533252E-04  0.19063426920E-04  0.16017324695E-04  0.13427061015E-04
  0.11229460296E-04  0.93697280680E-05  0.77996417657E-05  0.64772289665E-05
  0.53660914334E-05  0.44347425539E-05  0.36560124481E-05  0.30065153199E-05
  0.24661738786E-05  0.20177959199E-05  0.16466984272E-05  0.13403748300E-05
  0.10882013331E-05  0.88117851207E-06  0.71170464528E-06  0.57336252982E-06
  0.46062793461E-06  0.36900824651E-06  0.29476183084E-06  0.23476866791E-06
  0.18643476000E-06  0.14760988670E-06  0.11651706978E-06  0.91692274659E-07
  0.71933029689E-07  0.56254787622E-07  0.43853984881E-07  0.34076874962E-07
  0.26393321911E-07  0.20374839424E-07  0.15676250976E-07  0.12020427041E-07
  0.91856276856E-08  0.69950429387E-08  0.53081802944E-08  0.40137987822E-08
  0.30241330843E-08  0.22701896174E-08  0.16979299398E-08  0.12651857991E-08
  0.93917508784E-09  0.69450938792E-09  0.51160206894E-09  0.37540145559E-09
  0.27438674027E-09  0.19977540794E-09  0.14490024594E-09  0.10472178628E-09
  0.75448499549E-10  0.54242428424E-10  0.38992394895E-10  0.27909072734E-10
  0.19888960843E-10  0.14110946504E-10  0.99667472395E-11  0.70077655680E-11
  0.49046697861E-11  0.34167957982E-11  0.23690921698E-11  0.16348311019E-11
  0.11227054269E-11  0.76724561779E-12  0.52173744966E-12  0.35301373608E-12
  0.23764345424E-12  0.15915748986E-12  0.10603939571E-12  0.70277767652E-13
  0.46328738688E-13  0.30376357306E-13  0.19808159816E-13  0.12845350138E-13
  0.82834435467E-14  0.53113930211E-14  0.33861603788E-14  0.21462326305E-14
  0.13523355768E-14  0.84702921405E-15  0.52733422836E-15  0.32629784065E-15
  0.20065486703E-15  0.12261924305E-15  0.74457207618E-16  0.44922028207E-16
  0.26926589186E-16  0.16033825266E-16  0.94839826590E-17  0.55719305479E-17
  0.32512102281E-17  0.18839589555E-17  0.10840441951E-17  0.61934604743E-18
  0.35131101315E-18  0.19782576934E-18  0.11057752477E-18  0.61348431504E-19
  0.33779393715E-19  0.18457407471E-19  0.10007328750E-19  0.53833408673E-20
  0.28729557232E-20  0.15209182844E-20  0.79861733287E-21  0.41589427197E-21
  0.21477978130E-21  0.10998271280E-21  0.55837991069E-22  0.28103644023E-22
  0.14020889258E-22  0.69329894090E-23  0.33974177093E-23  0.16497249900E-23
  0.79370387982E-24  0.37830259031E-24  0.17860880773E-24  0.83521332080E-25
  0.38678580377E-25  0.17736549716E-25  0.80526628707E-26  0.36193221522E-26
  0.16101903167E-26  0.70897942621E-27  0.30891572149E-27  0.13318003951E-27
  0.56803237693E-28  0.23965318699E-28  0.10000232573E-28  0.41266118798E-29
  0.16837316744E-29  0.67918206570E-30  0.27081403414E-30  0.10672459791E-30
  0.41562558114E-31  0.15992618132E-31  0.60792608267E-32  0.22825979855E-32
  0.84642448985E-33  0.30992670373E-33  0.11203990982E-33  0.00000000000E+00
  0.00000000000E+00  0.00000000000E+00  0.00000000000E+00  0.00000000000E+00
  0.00000000000E+00  0.00000000000E+00  0.00000000000E+00  0.00000000000E+00
  0.00000000000E+00  0.00000000000E+00  0.00000000000E+00  0.00000000000E+00
  0.00000000000E+00  0.00000000000E+00  0.00000000000E+00  0.00000000000E+00
  0.00000000000E+00

           1   1.50000000000000     
  0.17184320049E-08  0.17619343182E-08  0.18065378978E-08  0.18522706223E-08
  0.18991610763E-08  0.19472385678E-08  0.19965331468E-08  0.20470756240E-08
  0.20988975901E-08  0.21520314355E-08  0.22065103706E-08  0.22623684465E-08
  0.23196405764E-08  0.23783625571E-08  0.24385710918E-08  0.25003038128E-08
  0.25635993051E-08  0.26284971304E-08  0.26950378520E-08  0.27632630599E-08
  0.28332153972E-08  0.29049385864E-08  0.29784774567E-08  0.30538779724E-08
  0.31311872612E-08  0.32104536440E-08  0.32917266648E-08  0.33750571219E-08
  0.34604970996E-08  0.35481000006E-08  0.36379205796E-08  0.37300149774E-08
  0.38244407559E-08  0.39212569344E-08  0.40205240262E-08  0.41223040763E-08
  0.42266607006E-08  0.43336591254E-08  0.44433662283E-08  0.45558505796E-08
  0.46711824859E-08  0.47894340332E-08  0.49106791328E-08  0.50349935666E-08
  0.51624550352E-08  0.52931432063E-08  0.54271397642E-08  0.55645284611E-08
  0.57053951694E-08  0.58498279353E-08  0.59979170341E-08  0.61497550263E-08
  0.63054368155E-08  0.64650597080E-08  0.66287234732E-08  0.67965304063E-08
  0.69685853921E-08  0.71449959706E-08  0.73258724041E-08  0.75113277463E-08
  0.77014779127E-08  0.78964417536E-08  0.80963411275E-08  0.83013009782E-08
  0.85114494121E-08  0.87269177789E-08  0.89478407533E-08  0.91743564194E-08
  0.94066063568E-08  0.96447357294E-08  0.98888933756E-08  0.10139231902E-07
  0.10395907778E-07  0.10659081435E-07  0.10928917365E-07  0.11205584224E-07
  0.11489254938E-07  0.11780106809E-07  0.12078321631E-07  0.12384085797E-07
  0.12697590420E-07  0.13019031450E-07  0.13348609798E-07  0.13686531462E-07
  0.14033007653E-07  0.14388254930E-07  0.14752495335E-07  0.15125956530E-07
  0.15508871940E-07  0.15901480899E-07  0.16304028801E-07  0.16716767252E-07
  0.17139954226E-07  0.17573854230E-07  0.18018738463E-07  0.18474884995E-07
  0.18942578931E-07  0.19422112595E-07  0.19913785712E-07  0.20417905592E-07
  0.20934787328E-07  0.21464753986E-07  0.22008136815E-07  0.22565275445E-07
  0.23136518106E-07  0.23722221843E-07  0.24322752741E-07  0.24938486151E-07
  0.25569806925E-07  0.26217109661E-07  0.26880798943E-07  0.27561289599E-07
  0.28259006957E-07  0.28974387114E-07  0.29707877205E-07  0.30459935686E-07
  0.31231032617E-07  0.32021649959E-07  0.32832281874E-07  0.33663435033E-07
  0.34515628934E-07  0.35389396225E-07  0.36285283039E-07  0.37203849336E-07
  0.38145669248E-07  0.39111331444E-07  0.40101439493E-07  0.41116612247E-07
  0.42157484219E-07  0.43224705991E-07  0.44318944608E-07  0.45440884007E-07
  0.46591225436E-07  0.47770687895E-07  0.48980008588E-07  0.50219943377E-07
  0.51491267264E-07  0.52794774867E-07  0.54131280920E-07  0.55501620783E-07
  0.56906650962E-07  0.58347249648E-07  0.59824317261E-07  0.61338777017E-07
  0.62891575501E-07  0.64483683264E-07  0.66116095424E-07  0.67789832292E-07
  0.69505940007E-07  0.71265491193E-07  0.73069585627E-07  0.74919350924E-07
  0.76815943250E-07  0.78760548036E-07  0.80754380721E-07  0.82798687518E-07
  0.84894746183E-07  0.87043866821E-07  0.89247392703E-07  0.91506701103E-07
  0.93823204162E-07  0.96198349769E-07  0.98633622468E-07  0.10113054438E-06
  0.10369067617E-06  0.10631561800E-06  0.10900701053E-06  0.11176653599E-06
  0.11459591916E-06  0.11749692849E-06  0.12047137722E-06  0.12352112446E-06
  0.12664807642E-06  0.12985418753E-06  0.13314146172E-06  0.13651195364E-06
  0.13996776996E-06  0.14351107067E-06  0.14714407046E-06  0.15086904005E-06
  0.15468830769E-06  0.15860426053E-06  0.16261934618E-06  0.16673607418E-06
  0.17095701764E-06  0.17528481477E-06  0.17972217058E-06  0.18427185857E-06
  0.18893672244E-06  0.19371967788E-06  0.19862371438E-06  0.20365189714E-06
  0.20880736892E-06  0.21409335207E-06  0.21951315049E-06  0.22507015172E-06
  0.23076782908E-06  0.23660974380E-06  0.24259954725E-06  0.24874098327E-06
  0.25503789044E-06  0.26149420453E-06  0.26811396095E-06  0.27490129725E-06
  0.28186045574E-06  0.28899578612E-06  0.29631174819E-06  0.30381291467E-06
  0.31150397403E-06  0.31938973342E-06  0.32747512169E-06  0.33576519247E-06
  0.34426512732E-06  0.35298023898E-06  0.36191597465E-06  0.37107791947E-06
  0.38047179994E-06  0.39010348753E-06  0.39997900236E-06  0.41010451694E-06
  0.42048636003E-06  0.43113102062E-06  0.44204515196E-06  0.45323557572E-06
  0.46470928628E-06  0.47647345507E-06  0.48853543507E-06  0.50090276539E-06
  0.51358317601E-06  0.52658459259E-06  0.53991514141E-06  0.55358315451E-06
  0.56759717481E-06  0.58196596152E-06  0.59669849558E-06  0.61180398529E-06
  0.62729187206E-06  0.64317183630E-06  0.65945380348E-06  0.67614795035E-06
  0.69326471127E-06  0.71081478476E-06  0.72880914014E-06  0.74725902447E-06
  0.76617596949E-06  0.78557179888E-06  0.80545863564E-06  0.82584890966E-06
  0.84675536549E-06  0.86819107031E-06  0.89016942211E-06  0.91270415803E-06
  0.93580936298E-06  0.95949947842E-06  0.98378931141E-06  0.10086940438E-05
  0.10342292419E-05  0.10604108659E-05  0.10872552802E-05  0.11147792633E-05
  0.11430000186E-05  0.11719351849E-05  0.12016028475E-05  0.12320215497E-05
  0.12632103040E-05  0.12951886044E-05  0.13279764382E-05  0.13615942989E-05
  0.13960631986E-05  0.14314046814E-05  0.14676408369E-05  0.15047943136E-05
  0.15428883336E-05  0.15819467068E-05  0.16219938458E-05  0.16630547814E-05
  0.17051551777E-05  0.17483213488E-05  0.17925802747E-05  0.18379596187E-05
  0.18844877441E-05  0.19321937324E-05  0.19811074011E-05  0.20312593228E-05
  0.20826808438E-05  0.21354041041E-05  0.21894620571E-05  0.22448884907E-05
  0.23017180480E-05  0.23599862490E-05  0.24197295130E-05  0.24809851812E-05
  0.25437915402E-05  0.26081878456E-05  0.26742143469E-05  0.27419123126E-05
  0.28113240556E-05  0.28824929603E-05  0.29554635091E-05  0.30302813106E-05
  0.31069931280E-05  0.31856469081E-05  0.32662918118E-05  0.33489782441E-05
  0.34337578864E-05  0.35206837280E-05  0.36098101000E-05  0.37011927085E-05
  0.37948886701E-05  0.38909565472E-05  0.39894563845E-05  0.40904497470E-05
  0.41939997581E-05  0.43001711390E-05  0.44090302496E-05  0.45206451293E-05
  0.46350855402E-05  0.47524230103E-05  0.48727308783E-05  0.49960843395E-05
  0.51225604925E-05  0.52522383880E-05  0.53851990776E-05  0.55215256647E-05
  0.56613033565E-05  0.58046195171E-05  0.59515637222E-05  0.61022278152E-05
  0.62567059642E-05  0.64150947214E-05  0.65774930831E-05  0.67440025514E-05
  0.69147271982E-05  0.70897737297E-05  0.72692515534E-05  0.74532728463E-05
  0.76419526253E-05  0.78354088187E-05  0.80337623400E-05  0.82371371638E-05
  0.84456604027E-05  0.86594623874E-05  0.88786767477E-05  0.91034404959E-05
  0.93338941130E-05  0.95701816361E-05  0.98124507482E-05  0.10060852871E-04
  0.10315543260E-04  0.10576681099E-04  0.10844429603E-04  0.11118956118E-04
  0.11400432227E-04  0.11689033855E-04  0.11984941381E-04  0.12288339751E-04
  0.12599418592E-04  0.12918372331E-04  0.13245400316E-04  0.13580706943E-04
  0.13924501781E-04  0.14276999704E-04  0.14638421025E-04  0.15008991635E-04
  0.15388943141E-04  0.15778513016E-04  0.16177944742E-04  0.16587487964E-04
  0.17007398647E-04  0.17437939238E-04  0.17879378822E-04  0.18331993300E-04
  0.18796065556E-04  0.19271885633E-04  0.19759750917E-04  0.20259966322E-04
  0.20772844481E-04  0.21298705939E-04  0.21837879355E-04  0.22390701710E-04
  0.22957518511E-04  0.23538684015E-04  0.24134561442E-04  0.24745523209E-04
  0.25371951159E-04  0.26014236801E-04  0.26672781552E-04  0.27347996992E-04
  0.28040305119E-04  0.28750138612E-04  0.29477941101E-04  0.30224167448E-04
  0.30989284026E-04  0.31773769015E-04  0.32578112695E-04  0.33402817761E-04
  0.34248399629E-04  0.35115386760E-04  0.36004320994E-04  0.36915757884E-04
  0.37850267046E-04  0.38808432512E-04  0.39790853099E-04  0.40798142778E-04
  0.41830931063E-04  0.42889863400E-04  0.43975601571E-04  0.45088824109E-04
  0.46230226723E-04  0.47400522728E-04  0.48600443494E-04  0.49830738903E-04
  0.51092177816E-04  0.52385548554E-04  0.53711659389E-04  0.55071339053E-04
  0.56465437250E-04  0.57894825192E-04  0.59360396139E-04  0.60863065959E-04
  0.62403773700E-04  0.63983482177E-04  0.65603178571E-04  0.67263875049E-04
  0.68966609393E-04  0.70712445649E-04  0.72502474793E-04  0.74337815412E-04
  0.76219614399E-04  0.78149047674E-04  0.80127320917E-04  0.82155670319E-04
  0.84235363356E-04  0.86367699577E-04  0.88554011423E-04  0.90795665050E-04
  0.93094061186E-04  0.95450636009E-04  0.97866862036E-04  0.10034424905E-03
  0.10288434504E-03  0.10548873715E-03  0.10815905272E-03  0.11089696025E-03
  0.11370417044E-03  0.11658243730E-03  0.11953355923E-03  0.12255938011E-03
  0.12566179051E-03  0.12884272879E-03  0.13210418239E-03  0.13544818903E-03
  0.13887683798E-03  0.14239227138E-03  0.14599668555E-03  0.14969233241E-03
  0.15348152081E-03  0.15736661805E-03  0.16135005131E-03  0.16543430918E-03
  0.16962194319E-03  0.17391556943E-03  0.17831787018E-03  0.18283159557E-03
  0.18745956528E-03  0.19220467034E-03  0.19706987491E-03  0.20205821812E-03
  0.20717281598E-03  0.21241686331E-03  0.21779363575E-03  0.22330649178E-03
  0.22895887485E-03  0.23475431546E-03  0.24069643345E-03  0.24678894017E-03
  0.25303564085E-03  0.25944043695E-03  0.26600732860E-03  0.27274041709E-03
  0.27964390740E-03  0.28672211086E-03  0.29397944781E-03  0.30142045039E-03
  0.30904976528E-03  0.31687215670E-03  0.32489250929E-03  0.33311583121E-03
  0.34154725723E-03  0.35019205191E-03  0.35905561292E-03  0.36814347438E-03
  0.37746131029E-03  0.38701493809E-03  0.39681032224E-03  0.40685357797E-03
  0.41715097507E-03  0.42770894177E-03  0.43853406879E-03  0.44963311338E-03
  0.46101300354E-03  0.47268084234E-03  0.48464391235E-03  0.49690968012E-03
  0.50948580085E-03  0.52238012314E-03  0.53560069388E-03  0.54915576322E-03
  0.56305378972E-03  0.57730344558E-03  0.59191362205E-03  0.60689343493E-03
  0.62225223022E-03  0.63799958996E-03  0.65414533812E-03  0.67069954673E-03
  0.68767254212E-03  0.70507491132E-03  0.72291750863E-03  0.74121146231E-03
  0.75996818155E-03  0.77919936345E-03  0.79891700035E-03  0.81913338720E-03
  0.83986112916E-03  0.86111314948E-03  0.88290269741E-03  0.90524335644E-03
  0.92814905270E-03  0.95163406356E-03  0.97571302646E-03  0.10004009479E-02
  0.10257132130E-02  0.10516655943E-02  0.10782742625E-02  0.11055557956E-02
  0.11335271893E-02  0.11622058681E-02  0.11916096951E-02  0.12217569837E-02
  0.12526665085E-02  0.12843575172E-02  0.13168497422E-02  0.13501634129E-02
  0.13843192677E-02  0.14193385676E-02  0.14552431085E-02  0.14920552350E-02
  0.15297978538E-02  0.15684944483E-02  0.16081690924E-02  0.16488464656E-02
  0.16905518681E-02  0.17333112363E-02  0.17771511587E-02  0.18220988919E-02
  0.18681823779E-02  0.19154302603E-02  0.19638719028E-02  0.20135374062E-02
  0.20644576275E-02  0.21166641983E-02  0.21701895443E-02  0.22250669048E-02
  0.22813303533E-02  0.23390148178E-02  0.23981561026E-02  0.24587909094E-02
  0.25209568601E-02  0.25846925193E-02  0.26500374180E-02  0.27170320772E-02
  0.27857180326E-02  0.28561378597E-02  0.29283351995E-02  0.30023547850E-02
  0.30782424679E-02  0.31560452464E-02  0.32358112935E-02  0.33175899859E-02
  0.34014319338E-02  0.34873890111E-02  0.35755143866E-02  0.36658625558E-02
  0.37584893736E-02  0.38534520874E-02  0.39508093719E-02  0.40506213631E-02
  0.41529496952E-02  0.42578575362E-02  0.43654096264E-02  0.44756723159E-02
  0.45887136045E-02  0.47046031818E-02  0.48234124681E-02  0.49452146569E-02
  0.50700847576E-02  0.51980996399E-02  0.53293380787E-02  0.54638808004E-02
  0.56018105301E-02  0.57432120398E-02  0.58881721980E-02  0.60367800198E-02
  0.61891267192E-02  0.63453057616E-02  0.65054129177E-02  0.66695463191E-02
  0.68378065147E-02  0.70102965284E-02  0.71871219182E-02  0.73683908367E-02
  0.75542140924E-02  0.77447052135E-02  0.79399805116E-02  0.81401591479E-02
  0.83453632008E-02  0.85557177339E-02  0.87713508671E-02  0.89923938477E-02
  0.92189811239E-02  0.94512504197E-02  0.96893428111E-02  0.99334028045E-02
  0.10183578416E-01  0.10440021252E-01  0.10702886595E-01  0.10972333483E-01
  0.11248524803E-01  0.11531627371E-01  0.11821812029E-01  0.12119253733E-01
  0.12424131646E-01  0.12736629237E-01  0.13056934373E-01  0.13385239422E-01
  0.13721741351E-01  0.14066641833E-01  0.14420147347E-01  0.14782469286E-01
  0.15153824066E-01  0.15534433239E-01  0.15924523600E-01  0.16324327306E-01
  0.16734081989E-01  0.17154030878E-01  0.17584422915E-01  0.18025512881E-01
  0.18477561518E-01  0.18940835656E-01  0.19415608340E-01  0.19902158963E-01
  0.20400773395E-01  0.20911744115E-01  0.21435370354E-01  0.21971958225E-01
  0.22521820866E-01  0.23085278580E-01  0.23662658980E-01  0.24254297130E-01
  0.24860535694E-01  0.25481725083E-01  0.26118223602E-01  0.26770397606E-01
  0.27438621646E-01  0.28123278626E-01  0.28824759956E-01  0.29543465709E-01
  0.30279804774E-01  0.31034195017E-01  0.31807063438E-01  0.32598846328E-01
  0.33409989428E-01  0.34240948091E-01  0.35092187436E-01  0.35964182512E-01
  0.36857418455E-01  0.37772390643E-01  0.38709604856E-01  0.39669577434E-01
  0.40652835425E-01  0.41659916746E-01  0.42691370328E-01  0.43747756267E-01
  0.44829645970E-01  0.45937622299E-01  0.47072279706E-01  0.48234224376E-01
  0.49424074351E-01  0.50642459662E-01  0.51890022445E-01  0.53167417061E-01
  0.54475310203E-01  0.55814380997E-01  0.57185321093E-01  0.58588834760E-01
  0.60025638950E-01  0.61496463375E-01  0.63002050556E-01  0.64543155871E-01
  0.66120547584E-01  0.67735006864E-01  0.69387327791E-01  0.71078317340E-01
  0.72808795355E-01  0.74579594504E-01  0.76391560210E-01  0.78245550570E-01
  0.80142436241E-01  0.82083100315E-01  0.84068438160E-01  0.86099357240E-01
  0.88176776905E-01  0.90301628146E-01  0.92474853331E-01  0.94697405894E-01
  0.96970249996E-01  0.99294360147E-01  0.10167072078E+00  0.10410032581E+00
  0.10658417809E+00  0.10912328889E+00  0.11171867728E+00  0.11437136948E+00
  0.11708239813E+00  0.11985280152E+00  0.12268362277E+00  0.12557590893E+00
  0.12853070996E+00  0.13154907776E+00  0.13463206500E+00  0.13778072392E+00
  0.14099610508E+00  0.14427925594E+00  0.14763121941E+00  0.15105303229E+00
  0.15454572359E+00  0.15811031275E+00  0.16174780776E+00  0.16545920314E+00
  0.16924547781E+00  0.17310759282E+00  0.17704648899E+00  0.18106308432E+00
  0.18515827135E+00  0.18933291430E+00  0.19358784608E+00  0.19792386516E+00
  0.20234173220E+00  0.20684216658E+00  0.21142584267E+00  0.21609338600E+00
  0.22084536916E+00  0.22568230754E+00  0.23060465483E+00  0.23561279834E+00
  0.24070705410E+00  0.24588766170E+00  0.25115477894E+00  0.25650847626E+00
  0.26194873088E+00  0.26747542077E+00  0.27308831832E+00  0.27878708384E+00
  0.28457125873E+00  0.29044025851E+00  0.29639336556E+00  0.30242972165E+00
  0.30854832022E+00  0.31474799851E+00  0.32102742941E+00  0.32738511321E+00
  0.33381936908E+00  0.34032832650E+00  0.34690991648E+00  0.35356186274E+00
  0.36028167278E+00  0.36706662893E+00  0.37391377944E+00  0.38081992955E+00
  0.38778163274E+00  0.39479518206E+00  0.40185660180E+00  0.40896163931E+00
  0.41610575729E+00  0.42328412654E+00  0.43049161913E+00  0.43772280237E+00
  0.44497193344E+00  0.45223295486E+00  0.45949949103E+00  0.46676484577E+00
  0.47402200117E+00  0.48126361785E+00  0.48848203666E+00  0.49566928213E+00
  0.50281706774E+00  0.50991680317E+00  0.51695960373E+00  0.52393630202E+00
  0.53083746215E+00  0.53765339643E+00  0.54437418489E+00  0.55098969759E+00
  0.55748961988E+00  0.56386348068E+00  0.57010068386E+00  0.57619054264E+00
  0.58212231715E+00  0.58788525493E+00  0.59346863433E+00  0.59886181069E+00
  0.60405426497E+00  0.60903565461E+00  0.61379586624E+00  0.61832506977E+00
  0.62261377344E+00  0.62665287907E+00  0.63043373700E+00  0.63394819978E+00
  0.63718867399E+00  0.64014816899E+00  0.64282034193E+00  0.64519953770E+00
  0.64728082299E+00  0.64906001316E+00  0.65053369108E+00  0.65169921671E+00
  0.65255472659E+00  0.65309912248E+00  0.65333204845E+00  0.65325385617E+00
  0.65286555842E+00  0.65216877135E+00  0.65116564650E+00  0.64985879452E+00
  0.64825120324E+00  0.64634615407E+00  0.64414714175E+00  0.64165780457E+00
  0.63888187378E+00  0.63582315349E+00  0.63248554512E+00  0.62887313044E+00
  0.62499028625E+00  0.62084171729E+00  0.61643245355E+00  0.61176784412E+00
  0.60685355034E+00  0.60169553820E+00  0.59630006990E+00  0.59067369452E+00
  0.58482323787E+00  0.57875579136E+00  0.57247869981E+00  0.56599954839E+00
  0.55932614845E+00  0.55246652230E+00  0.54542888707E+00  0.53822163747E+00
  0.53085332769E+00  0.52333265239E+00  0.51566842691E+00  0.50786956684E+00
  0.49994506697E+00  0.49190397992E+00  0.48375539447E+00  0.47550841387E+00
  0.46717213422E+00  0.45875562318E+00  0.45026789911E+00  0.44171791095E+00
  0.43311451883E+00  0.42446647574E+00  0.41578241028E+00  0.40707081071E+00
  0.39834001024E+00  0.38959817390E+00  0.38085328674E+00  0.37211314364E+00
  0.36338534059E+00  0.35467726747E+00  0.34599610230E+00  0.33734880689E+00
  0.32874212380E+00  0.32018257452E+00  0.31167645880E+00  0.30322985492E+00
  0.29484862090E+00  0.28653839638E+00  0.27830460512E+00  0.27015245793E+00
  0.26208695593E+00  0.25411289398E+00  0.24623486408E+00  0.23845725877E+00
  0.23078427426E+00  0.22321991328E+00  0.21576798755E+00  0.20843211971E+00
  0.20121574483E+00  0.19412211129E+00  0.18715428110E+00  0.18031512968E+00
  0.17360734503E+00  0.16703342650E+00  0.16059568296E+00  0.15429623074E+00
  0.14813699115E+00  0.14211968796E+00  0.13624584461E+00  0.13051678158E+00
  0.12493361385E+00  0.11949724857E+00  0.11420838313E+00  0.10906750365E+00
  0.10407488401E+00  0.99230585514E-01  0.94534457243E-01  0.89986137123E-01
  0.85585053816E-01  0.81330429404E-01  0.77221282894E-01  0.73256434564E-01
  0.69434511105E-01  0.65753951562E-01  0.62213014020E-01  0.58809783005E-01
  0.55542177535E-01  0.52407959773E-01  0.49404744204E-01  0.46530007292E-01
  0.43781097513E-01  0.41155245724E-01  0.38649575772E-01  0.36261115288E-01
  0.33986806577E-01  0.31823517557E-01  0.29768052661E-01  0.27817163650E-01
  0.25967560281E-01  0.24215920762E-01  0.22558901959E-01  0.20993149298E-01
  0.19515306322E-01  0.18122023874E-01  0.16809968859E-01  0.15575832574E-01
  0.14416338571E-01  0.13328250036E-01  0.12308376672E-01  0.11353581079E-01
  0.10460784609E-01  0.96269727128E-02  0.88491997638E-02  0.81245933691E-02
  0.74503581715E-02  0.68237791527E-02  0.62422244486E-02  0.57031476903E-02
  0.52040898866E-02  0.47426808651E-02  0.43166402915E-02  0.39237782862E-02
  0.35619956607E-02  0.32292837945E-02  0.29237241769E-02  0.26434876362E-02
  0.23868332791E-02  0.21521071662E-02  0.19377407450E-02  0.17422490651E-02
  0.15642287989E-02  0.14023560901E-02  0.12553842522E-02  0.11221413391E-02
  0.10015276071E-02  0.89251289074E-03  0.79413390848E-03  0.70549151836E-03
  0.62574793968E-03  0.55412395672E-03  0.48989611926E-03  0.43239395336E-03
  0.38099878253E-03  0.33515355451E-03  0.29432932074E-03  0.25803819718E-03
  0.22583262399E-03  0.19730278735E-03  0.17207413476E-03  0.14980498736E-03
  0.13018425177E-03  0.11292923370E-03  0.97783554559E-04  0.84515172043E-04
  0.72914504864E-04  0.62792661530E-04  0.53979772691E-04  0.46322217086E-04
  0.39671540923E-04  0.33906099730E-04  0.28918410166E-04  0.24612597104E-04
  0.20903327202E-04  0.17714817914E-04  0.14979919151E-04  0.12639264586E-04
  0.10640489482E-04  0.89375118014E-05  0.74898732845E-05  0.62621371839E-05
  0.52233392850E-05  0.43464888999E-05  0.36081165473E-05  0.29878651015E-05
  0.24681212727E-05  0.20336843821E-05  0.16714695056E-05  0.13702421832E-05
  0.11203820204E-05  0.91367264905E-06  0.74311565346E-06  0.60276621325E-06
  0.48758836009E-06  0.39332788895E-06  0.31640110732E-06  0.25379774509E-06
  0.20299648248E-06  0.16189168379E-06  0.12873004880E-06  0.10205601191E-06
  0.80664830687E-07  0.63562410346E-07  0.49931008348E-07  0.39100054343E-07
  0.30521404469E-07  0.23748426153E-07  0.18418380080E-07  0.14237630101E-07
  0.10969269934E-07  0.84228078202E-08  0.64455972164E-08  0.49157434983E-08
  0.37362538759E-08  0.28302306632E-08  0.21369370846E-08  0.16085903040E-08
  0.12077586896E-08  0.90525985365E-09  0.67847307133E-09  0.50656655168E-09
  0.37675942897E-09  0.27912221115E-09  0.20597094793E-09  0.15138304307E-09
  0.11081187500E-09  0.80781334983E-10  0.58644725935E-10  0.42395268354E-10
  0.30517805647E-10  0.21873254623E-10  0.15608965373E-10  0.11089489233E-10
  0.78433483151E-11  0.55222937235E-11  0.38702653946E-11  0.26998530386E-11
  0.18745292023E-11  0.12953026610E-11  0.89074049502E-12  0.60954479849E-12
  0.41505707987E-12  0.28120997413E-12  0.18956008960E-12  0.12712431599E-12
  0.84810142180E-13  0.56282831414E-13  0.37152175959E-13  0.24391784220E-13
  0.15926646431E-13  0.10341812269E-13  0.66777508709E-14  0.42874034810E-14
  0.27368942926E-14  0.17369598040E-14  0.10958667405E-14  0.68727368303E-15
  0.42842324165E-15  0.26543281461E-15  0.16343347175E-15  0.99999610424E-16
  0.60798406118E-16  0.36727207517E-16  0.22041962546E-16  0.13141459850E-16
  0.77827285401E-17  0.45780289316E-17  0.26745244126E-17  0.15516669881E-17
  0.89391548725E-18  0.51133082979E-18  0.29038633619E-18  0.16371168342E-18
  0.91616266749E-19  0.50887902008E-19  0.28052053089E-19  0.15345516325E-19
  0.83295815193E-20  0.44858756742E-20  0.23966834161E-20  0.12701937472E-20
  0.66769951191E-21  0.34809622044E-21  0.17996146856E-21  0.92252036738E-22
  0.46885902367E-22  0.23622810127E-22  0.11797671470E-22  0.58396711582E-23
  0.28645679697E-23  0.13923845490E-23  0.67056154067E-24  0.31992405747E-24
  0.15119337526E-24  0.70769215367E-25  0.32804184868E-25  0.15056852976E-25
  0.68423522077E-26  0.30781401461E-26  0.13706542139E-26  0.60404331991E-27
  0.26342217891E-27  0.11366411039E-27  0.48520260006E-28  0.20487684129E-28
  0.85560460674E-29  0.35334879185E-29  0.14428572277E-29  0.58246601752E-30
  0.23242496086E-30
