Test Silane SiH4 gamma only                                                
normal modes for sih4                                                      
  2    5  2 12.0000000  0.0000000  0.0000000  0.0000000  0.0000000  0.0000000
           1  'Si '    25596.6606948790     
           2  'H  '    918.658191997365     
    1    1      0.0000000      0.0000000      0.0000000
    2    2      0.1285307      0.1285307      0.1285307
    3    2     -0.1285307     -0.1285307      0.1285307
    4    2     -0.1285307      0.1285307     -0.1285307
    5    2      0.1285307     -0.1285307     -0.1285307

     Dynamical  Matrix in cartesian axes

     q = (    0.000000000   0.000000000   0.000000000 ) 

  1  1
      0.763854736035E+00      0.000000000000E+00      0.832667268469E-16
      0.000000000000E+00      0.277555756156E-16      0.000000000000E+00
     -0.832667268469E-16      0.000000000000E+00      0.763854736035E+00
      0.000000000000E+00      0.832667268469E-16      0.000000000000E+00
      0.555111512313E-16      0.000000000000E+00      0.555111512313E-16
      0.000000000000E+00      0.763854736035E+00      0.000000000000E+00
  1  2
     -0.190976143332E+00      0.000000000000E+00     -0.134683596192E+00
      0.000000000000E+00     -0.134683596192E+00      0.000000000000E+00
     -0.134683596192E+00      0.000000000000E+00     -0.190976143332E+00
      0.000000000000E+00     -0.134683596192E+00      0.000000000000E+00
     -0.134683596192E+00      0.000000000000E+00     -0.134683596192E+00
      0.000000000000E+00     -0.190976143332E+00      0.000000000000E+00
  1  3
     -0.190976143332E+00      0.000000000000E+00     -0.134683596192E+00
      0.000000000000E+00      0.134683596192E+00      0.000000000000E+00
     -0.134683596192E+00      0.000000000000E+00     -0.190976143332E+00
      0.000000000000E+00      0.134683596192E+00      0.000000000000E+00
      0.134683596192E+00      0.000000000000E+00      0.134683596192E+00
      0.000000000000E+00     -0.190976143332E+00      0.000000000000E+00
  1  4
     -0.190976143332E+00      0.000000000000E+00      0.134683596192E+00
      0.000000000000E+00     -0.134683596192E+00      0.000000000000E+00
      0.134683596192E+00      0.000000000000E+00     -0.190976143332E+00
      0.000000000000E+00      0.134683596192E+00      0.000000000000E+00
     -0.134683596192E+00      0.000000000000E+00      0.134683596192E+00
      0.000000000000E+00     -0.190976143332E+00      0.000000000000E+00
  1  5
     -0.190976143332E+00      0.000000000000E+00      0.134683596192E+00
      0.000000000000E+00      0.134683596192E+00      0.000000000000E+00
      0.134683596192E+00      0.000000000000E+00     -0.190976143332E+00
      0.000000000000E+00     -0.134683596192E+00      0.000000000000E+00
      0.134683596192E+00      0.000000000000E+00     -0.134683596192E+00
      0.000000000000E+00     -0.190976143332E+00      0.000000000000E+00
  2  1
     -0.190963684009E+00      0.000000000000E+00     -0.134675004408E+00
      0.000000000000E+00     -0.134675004408E+00      0.000000000000E+00
     -0.134675004408E+00      0.000000000000E+00     -0.190963684009E+00
      0.000000000000E+00     -0.134675004408E+00      0.000000000000E+00
     -0.134675004408E+00      0.000000000000E+00     -0.134675004408E+00
      0.000000000000E+00     -0.190963684009E+00      0.000000000000E+00
  2  2
      0.179902456700E+00      0.000000000000E+00      0.155487272263E+00
      0.000000000000E+00      0.155487272263E+00      0.000000000000E+00
      0.155487272263E+00      0.000000000000E+00      0.179902456700E+00
      0.000000000000E+00      0.155487272263E+00      0.000000000000E+00
      0.155487272263E+00      0.000000000000E+00      0.155487272263E+00
      0.000000000000E+00      0.179902456700E+00      0.000000000000E+00
  2  3
     -0.735232826721E-02      0.000000000000E+00     -0.208036760712E-01
      0.000000000000E+00      0.110490928243E-02      0.000000000000E+00
     -0.208036760712E-01      0.000000000000E+00     -0.735232826721E-02
      0.000000000000E+00      0.110490928243E-02      0.000000000000E+00
     -0.110490928243E-02      0.000000000000E+00     -0.110490928243E-02
      0.000000000000E+00      0.257783431665E-01      0.000000000000E+00
  2  4
     -0.735232826721E-02      0.000000000000E+00      0.110490928243E-02
      0.000000000000E+00     -0.208036760712E-01      0.000000000000E+00
     -0.110490928243E-02      0.000000000000E+00      0.257783431665E-01
      0.000000000000E+00     -0.110490928243E-02      0.000000000000E+00
     -0.208036760712E-01      0.000000000000E+00      0.110490928243E-02
      0.000000000000E+00     -0.735232826721E-02      0.000000000000E+00
  2  5
      0.257783431665E-01      0.000000000000E+00     -0.110490928243E-02
      0.000000000000E+00     -0.110490928243E-02      0.000000000000E+00
      0.110490928243E-02      0.000000000000E+00     -0.735232826721E-02
      0.000000000000E+00     -0.208036760712E-01      0.000000000000E+00
      0.110490928243E-02      0.000000000000E+00     -0.208036760712E-01
      0.000000000000E+00     -0.735232826721E-02      0.000000000000E+00
  3  1
     -0.190963684009E+00      0.000000000000E+00     -0.134675004408E+00
      0.000000000000E+00      0.134675004408E+00      0.000000000000E+00
     -0.134675004408E+00      0.000000000000E+00     -0.190963684009E+00
      0.000000000000E+00      0.134675004408E+00      0.000000000000E+00
      0.134675004408E+00      0.000000000000E+00      0.134675004408E+00
      0.000000000000E+00     -0.190963684009E+00      0.000000000000E+00
  3  2
     -0.735232826721E-02      0.000000000000E+00     -0.208036760712E-01
      0.000000000000E+00     -0.110490928243E-02      0.000000000000E+00
     -0.208036760712E-01      0.000000000000E+00     -0.735232826721E-02
      0.000000000000E+00     -0.110490928243E-02      0.000000000000E+00
      0.110490928243E-02      0.000000000000E+00      0.110490928243E-02
      0.000000000000E+00      0.257783431665E-01      0.000000000000E+00
  3  3
      0.179902456700E+00      0.000000000000E+00      0.155487272263E+00
      0.000000000000E+00     -0.155487272263E+00      0.000000000000E+00
      0.155487272263E+00      0.000000000000E+00      0.179902456700E+00
      0.000000000000E+00     -0.155487272263E+00      0.000000000000E+00
     -0.155487272263E+00      0.000000000000E+00     -0.155487272263E+00
      0.000000000000E+00      0.179902456700E+00      0.000000000000E+00
  3  4
      0.257783431665E-01      0.000000000000E+00     -0.110490928243E-02
      0.000000000000E+00      0.110490928243E-02      0.000000000000E+00
      0.110490928243E-02      0.000000000000E+00     -0.735232826721E-02
      0.000000000000E+00      0.208036760712E-01      0.000000000000E+00
     -0.110490928243E-02      0.000000000000E+00      0.208036760712E-01
      0.000000000000E+00     -0.735232826721E-02      0.000000000000E+00
  3  5
     -0.735232826721E-02      0.000000000000E+00      0.110490928243E-02
      0.000000000000E+00      0.208036760712E-01      0.000000000000E+00
     -0.110490928243E-02      0.000000000000E+00      0.257783431665E-01
      0.000000000000E+00      0.110490928243E-02      0.000000000000E+00
      0.208036760712E-01      0.000000000000E+00     -0.110490928243E-02
      0.000000000000E+00     -0.735232826721E-02      0.000000000000E+00
  4  1
     -0.190963684009E+00      0.000000000000E+00      0.134675004408E+00
      0.000000000000E+00     -0.134675004408E+00      0.000000000000E+00
      0.134675004408E+00      0.000000000000E+00     -0.190963684009E+00
      0.000000000000E+00      0.134675004408E+00      0.000000000000E+00
     -0.134675004408E+00      0.000000000000E+00      0.134675004408E+00
      0.000000000000E+00     -0.190963684009E+00      0.000000000000E+00
  4  2
     -0.735232826721E-02      0.000000000000E+00     -0.110490928243E-02
      0.000000000000E+00     -0.208036760712E-01      0.000000000000E+00
      0.110490928243E-02      0.000000000000E+00      0.257783431665E-01
      0.000000000000E+00      0.110490928243E-02      0.000000000000E+00
     -0.208036760712E-01      0.000000000000E+00     -0.110490928243E-02
      0.000000000000E+00     -0.735232826721E-02      0.000000000000E+00
  4  3
      0.257783431665E-01      0.000000000000E+00      0.110490928243E-02
      0.000000000000E+00     -0.110490928243E-02      0.000000000000E+00
     -0.110490928243E-02      0.000000000000E+00     -0.735232826721E-02
      0.000000000000E+00      0.208036760712E-01      0.000000000000E+00
      0.110490928243E-02      0.000000000000E+00      0.208036760712E-01
      0.000000000000E+00     -0.735232826721E-02      0.000000000000E+00
  4  4
      0.179902456700E+00      0.000000000000E+00     -0.155487272263E+00
      0.000000000000E+00      0.155487272263E+00      0.000000000000E+00
     -0.155487272263E+00      0.000000000000E+00      0.179902456700E+00
      0.000000000000E+00     -0.155487272263E+00      0.000000000000E+00
      0.155487272263E+00      0.000000000000E+00     -0.155487272263E+00
      0.000000000000E+00      0.179902456700E+00      0.000000000000E+00
  4  5
     -0.735232826721E-02      0.000000000000E+00      0.208036760712E-01
      0.000000000000E+00      0.110490928243E-02      0.000000000000E+00
      0.208036760712E-01      0.000000000000E+00     -0.735232826721E-02
      0.000000000000E+00     -0.110490928243E-02      0.000000000000E+00
     -0.110490928243E-02      0.000000000000E+00      0.110490928243E-02
      0.000000000000E+00      0.257783431665E-01      0.000000000000E+00
  5  1
     -0.190963684009E+00      0.000000000000E+00      0.134675004408E+00
      0.000000000000E+00      0.134675004408E+00      0.000000000000E+00
      0.134675004408E+00      0.000000000000E+00     -0.190963684009E+00
      0.000000000000E+00     -0.134675004408E+00      0.000000000000E+00
      0.134675004408E+00      0.000000000000E+00     -0.134675004408E+00
      0.000000000000E+00     -0.190963684009E+00      0.000000000000E+00
  5  2
      0.257783431665E-01      0.000000000000E+00      0.110490928243E-02
      0.000000000000E+00      0.110490928243E-02      0.000000000000E+00
     -0.110490928243E-02      0.000000000000E+00     -0.735232826721E-02
      0.000000000000E+00     -0.208036760712E-01      0.000000000000E+00
     -0.110490928243E-02      0.000000000000E+00     -0.208036760712E-01
      0.000000000000E+00     -0.735232826721E-02      0.000000000000E+00
  5  3
     -0.735232826721E-02      0.000000000000E+00     -0.110490928243E-02
      0.000000000000E+00      0.208036760712E-01      0.000000000000E+00
      0.110490928243E-02      0.000000000000E+00      0.257783431665E-01
      0.000000000000E+00     -0.110490928243E-02      0.000000000000E+00
      0.208036760712E-01      0.000000000000E+00      0.110490928243E-02
      0.000000000000E+00     -0.735232826721E-02      0.000000000000E+00
  5  4
     -0.735232826721E-02      0.000000000000E+00      0.208036760712E-01
      0.000000000000E+00     -0.110490928243E-02      0.000000000000E+00
      0.208036760712E-01      0.000000000000E+00     -0.735232826721E-02
      0.000000000000E+00      0.110490928243E-02      0.000000000000E+00
      0.110490928243E-02      0.000000000000E+00     -0.110490928243E-02
      0.000000000000E+00      0.257783431665E-01      0.000000000000E+00
  5  5
      0.179902456700E+00      0.000000000000E+00     -0.155487272263E+00
      0.000000000000E+00     -0.155487272263E+00      0.000000000000E+00
     -0.155487272263E+00      0.000000000000E+00      0.179902456700E+00
      0.000000000000E+00      0.155487272263E+00      0.000000000000E+00
     -0.155487272263E+00      0.000000000000E+00      0.155487272263E+00
      0.000000000000E+00      0.179902456700E+00      0.000000000000E+00

     Dielectric Tensor:

      0.487111710216E+01      0.104127817480E-11     -0.510702591328E-14
      0.104283248703E-11      0.487111710218E+01      0.316635606623E-12
     -0.632827124036E-14      0.315969472808E-12      0.487111709818E+01

     Effective Charges E-U: Z_{alpha}{s,beta}

     atom #    1
     -0.448489167367E+00     -0.801081423418E-12      0.528049826087E-12
     -0.182187598341E-12     -0.448489167364E+00      0.116961995644E-12
     -0.434374758385E-12      0.600630656322E-13     -0.448489168014E+00
     atom #    2
     -0.113466989660E+01     -0.578725905458E+00     -0.578725907290E+00
     -0.578725905469E+00     -0.113466989660E+01     -0.578725907296E+00
     -0.578725904977E+00     -0.578725904977E+00     -0.113466989611E+01
     atom #    3
     -0.113466989660E+01     -0.578725905458E+00      0.578725907290E+00
     -0.578725905469E+00     -0.113466989660E+01      0.578725907296E+00
      0.578725904977E+00      0.578725904977E+00     -0.113466989611E+01
     atom #    4
     -0.113466989660E+01      0.578725905458E+00     -0.578725907290E+00
      0.578725905469E+00     -0.113466989660E+01      0.578725907296E+00
     -0.578725904977E+00      0.578725904977E+00     -0.113466989611E+01
     atom #    5
     -0.113466989660E+01      0.578725905458E+00      0.578725907290E+00
      0.578725905469E+00     -0.113466989660E+01     -0.578725907296E+00
      0.578725904977E+00     -0.578725904977E+00     -0.113466989611E+01
