    0.0000   -4.9250
    0.8660   -2.8390
    1.6952   -1.4630
    1.7385   -1.5030
    1.7818   -1.6140
    1.8251   -1.7770
    1.8684   -1.9640
    1.9117   -2.1660
    1.9550   -2.3680
    1.9983   -2.5670
    2.0416   -2.7570
    2.0849   -2.9370
    2.1282   -3.1040
    2.1715   -3.2570
    2.2148   -3.3960
    2.2581   -3.5200
    2.3014   -3.6280
    2.3447   -3.7200
    2.3880   -3.7960
    2.4313   -3.8550
    2.4746   -3.8960
    2.5179   -3.9210
    2.5612   -3.9290
    2.6112   -3.9180
    2.6612   -3.8850
    2.7112   -3.8290
    2.7612   -3.7500
    2.8112   -3.6490
    2.8612   -3.5270
    2.9112   -3.3810
    2.9612   -3.2150
    3.0112   -3.0250
    3.0612   -2.8150
    3.1112   -2.5840
    3.1612   -2.3310
    3.2112   -2.0590
    3.2612   -1.7650
    3.3112   -1.4550
    3.3612   -1.1270
    3.4112   -0.7810
    3.4612   -0.4170
    3.5112   -0.0380
    3.5612    0.3550
    4.5612    0.3550
    4.6083    0.3530
    4.6555    0.3440
    4.7026    0.3250
    4.7498    0.2930
    4.7969    0.2410
    4.8441    0.1630
    4.8912    0.0470
    4.9383   -0.1050
    4.9855   -0.2930
    5.0326   -0.5120
    5.0798   -0.7550
    5.1269   -1.0120
    5.1740   -1.2760
    5.2212   -1.5440
    5.2683   -1.8050
    5.3155   -2.0590
    5.3626   -2.3030
    5.4097   -2.5330
    5.4569   -2.7490
    5.5040   -2.9490
    5.5512   -3.1310
    5.5983   -3.2970
    5.6454   -3.4440
    5.6926   -3.5720
    5.7397   -3.6800
    5.7869   -3.7700
    5.8340   -3.8400
    5.8811   -3.8900
    5.9283   -3.9190
    5.9754   -3.9290
    6.9754    0.3550
    7.0187    0.1590
    7.0620   -0.0270
    7.1053   -0.2030
    7.1486   -0.3680
    7.1919   -0.5200
    7.2352   -0.6600
    7.2785   -0.7880
    7.3218   -0.9030
    7.3651   -1.0050
    7.4084   -1.0970
    7.4517   -1.1760
    7.4950   -1.2430
    7.5383   -1.3000
    7.5816   -1.3480
    7.6249   -1.3850
    7.6682   -1.4150
    7.7115   -1.4370
    7.7548   -1.4510
    7.7981   -1.4600
    7.8414   -1.4630
    7.8914   -1.4740
    7.9414   -1.5040
    7.9914   -1.5490
    8.0414   -1.6020
    8.0914   -1.6550
    8.1414   -1.7050
    8.1914   -1.7480
    8.2414   -1.7790
    8.2914   -1.7990
    8.3414   -1.8050
    8.3914   -1.7990
    8.4414   -1.7790
    8.4914   -1.7480
    8.5414   -1.7050
    8.5914   -1.6550
    8.6414   -1.6020
    8.6915   -1.5490
    8.7415   -1.5040
    8.7915   -1.4740
    8.8415   -1.4630
    9.8415   -1.4630
    9.8886   -1.4530
    9.9357   -1.4230
    9.9829   -1.3740
   10.0300   -1.3060
   10.0772   -1.2150
   10.1243   -1.1080
   10.1714   -0.9810
   10.2186   -0.8370
   10.2657   -0.6750
   10.3129   -0.4970
   10.3600   -0.3050
   10.4071   -0.0990
   10.4543    0.1150
   10.5014    0.3370
   10.5486    0.5580
   10.5957    0.3370
   10.6428    0.1150
   10.6900   -0.0990
   10.7371   -0.3050
   10.7843   -0.4970
   10.8314   -0.6750
   10.8785   -0.8370
   10.9257   -0.9810
   10.9728   -1.1080
   11.0200   -1.2150
   11.0671   -1.3060
   11.1142   -1.3740
   11.1614   -1.4230
   11.2085   -1.4530
   11.2557   -1.4630
   13.4351   -3.9290
   13.4784   -3.9210
   13.5217   -3.8960
   13.5650   -3.8550
   13.6083   -3.7960
   13.6516   -3.7200
   13.6949   -3.6280
   13.7382   -3.5200
   13.7815   -3.3960
   13.8248   -3.2570
   13.8681   -3.1040
   13.9114   -2.9370
   13.9547   -2.7570
   13.9980   -2.5670
   14.0413   -2.3680
   14.0846   -2.1660
   14.1279   -1.9640
   14.1712   -1.7770
   14.2145   -1.6140
   14.2578   -1.5030
   14.3011   -1.4630
   14.3511   -1.4740
   14.4011   -1.5040
   14.4511   -1.5490
   14.5011   -1.6020
   14.5511   -1.6550
   14.6011   -1.7050
   14.6511   -1.7480
   14.7011   -1.7790
   14.7511   -1.7990
   14.8011   -1.8050
   14.8511   -1.7990
   14.9011   -1.7790
   14.9511   -1.7480
   15.0011   -1.7050
   15.0511   -1.6550
   15.1011   -1.6020
   15.1511   -1.5490
   15.2011   -1.5040
   15.2511   -1.4740
   15.3011   -1.4630
   16.3011   -1.4630
   16.3483   -1.4920
   16.3954   -1.5710
   16.4426   -1.6890
   16.4897   -1.8260
   16.5369   -1.9700
   16.5840   -2.1120
   16.6311   -2.2490
   16.6783   -2.3760
   16.7254   -2.4890
   16.7726   -2.5870
   16.8197   -2.6680
   16.8668   -2.7320
   16.9140   -2.7780
   16.9611   -2.8060
   17.0083   -2.8150
   17.0554   -2.8060
   17.1025   -2.7780
   17.1497   -2.7320
   17.1968   -2.6680
   17.2440   -2.5870
   17.2911   -2.4890
   17.3382   -2.3760
   17.3854   -2.2490
   17.4325   -2.1120
   17.4797   -1.9700
   17.5268   -1.8260
   17.5739   -1.6890
   17.6211   -1.5710
   17.6682   -1.4920
   17.7154   -1.4630
   18.7154   -1.4630
   18.7587   -1.4600
   18.8020   -1.4510
   18.8453   -1.4370
   18.8886   -1.4150
   18.9319   -1.3850
   18.9752   -1.3480
   19.0185   -1.3000
   19.0618   -1.2430
   19.1051   -1.1760
   19.1484   -1.0970
   19.1917   -1.0050
   19.2350   -0.9030
   19.2783   -0.7880
   19.3216   -0.6600
   19.3649   -0.5200
   19.4082   -0.3680
   19.4515   -0.2030
   19.4948   -0.0270
   19.5381    0.1590
   19.5814    0.3550
   19.6314   -0.0380
   19.6814   -0.4170
   19.7314   -0.7810
   19.7814   -1.1270
   19.8314   -1.4550
   19.8814   -1.7650
   19.9314   -2.0590
   19.9814   -2.3310
   20.0314   -2.5840
   20.0814   -2.8150
   20.1314   -3.0250
   20.1814   -3.2150
   20.2314   -3.3810
   20.2814   -3.5270
   20.3314   -3.6490
   20.3814   -3.7500
   20.4314   -3.8290
   20.4814   -3.8850
   20.5314   -3.9180
   20.5814   -3.9290
   21.5814    0.3550
   21.6285    0.0940
   21.6757   -0.1560
   21.7228   -0.3910
   21.7699   -0.6100
   21.8171   -0.8130
   21.8642   -0.9990
   21.9114   -1.1660
   21.9585   -1.3140
   22.0056   -1.4440
   22.0528   -1.5540
   22.0999   -1.6430
   22.1471   -1.7140
   22.1942   -1.7650
   22.2413   -1.7950
   22.2885   -1.8050
   22.3356   -1.7950
   22.3828   -1.7650
   22.4299   -1.7140
   22.4770   -1.6430
   22.5242   -1.5540
   22.5713   -1.4440
   22.6185   -1.3140
   22.6656   -1.1660
   22.7127   -0.9990
   22.7599   -0.8130
   22.8070   -0.6100
   22.8542   -0.3910
   22.9013   -0.1560
   22.9485    0.0940
   22.9956    0.3550
   24.4098    0.3550
   24.4531    0.1590
   24.4964   -0.0270
   24.5397   -0.2030
   24.5830   -0.3680
   24.6263   -0.5200
   24.6696   -0.6600
   24.7129   -0.7880
   24.7562   -0.9030
   24.7995   -1.0050
   24.8428   -1.0970
   24.8861   -1.1760
   24.9294   -1.2430
   24.9727   -1.3000
   25.0160   -1.3480
   25.0593   -1.3850
   25.1026   -1.4150
   25.1459   -1.4370
   25.1892   -1.4510
   25.2325   -1.4600
   25.2758   -1.4630
   25.3258   -1.4740
   25.3758   -1.5040
   25.4258   -1.5490
   25.4758   -1.6020
   25.5258   -1.6550
   25.5758   -1.7050
   25.6258   -1.7480
   25.6758   -1.7790
   25.7258   -1.7990
   25.7758   -1.8050
   25.8258   -1.7990
   25.8758   -1.7790
   25.9258   -1.7480
   25.9758   -1.7050
   26.0258   -1.6550
   26.0758   -1.6020
   26.1258   -1.5490
   26.1758   -1.5040
   26.2258   -1.4740
   26.2758   -1.4630
   27.2758   -1.4630
   27.3229   -1.4920
   27.3701   -1.5710
   27.4172   -1.6890
   27.4644   -1.8260
   27.5115   -1.9700
   27.5586   -2.1120
   27.6058   -2.2490
   27.6529   -2.3760
   27.7001   -2.4890
   27.7472   -2.5870
   27.7944   -2.6680
   27.8415   -2.7320
   27.8886   -2.7780
   27.9358   -2.8060
   27.9829   -2.8150
   28.0301   -2.8060
   28.0772   -2.7780
   28.1243   -2.7320
   28.1715   -2.6680
   28.2186   -2.5870
   28.2658   -2.4890
   28.3129   -2.3760
   28.3600   -2.2490
   28.4072   -2.1120
   28.4543   -1.9700
   28.5015   -1.8260
   28.5486   -1.6890
   28.5957   -1.5710
   28.6429   -1.4920
   28.6900   -1.4630
   29.6900   -1.4630
   29.7333   -1.4600
   29.7766   -1.4510
   29.8199   -1.4370
   29.8632   -1.4150
   29.9065   -1.3850
   29.9498   -1.3480
   29.9931   -1.3000
   30.0364   -1.2430
   30.0797   -1.1760
   30.1230   -1.0970
   30.1663   -1.0050
   30.2096   -0.9030
   30.2529   -0.7880
   30.2962   -0.6600
   30.3395   -0.5200
   30.3828   -0.3680
   30.4261   -0.2030
   30.4694   -0.0270
   30.5127    0.1590
   30.5560    0.3550
   30.6060    0.3600
   30.6560    0.3730
   30.7060    0.3940
   30.7560    0.4210
   30.8060    0.4520
   30.8560    0.4830
   30.9060    0.5130
   30.9560    0.5380
   31.0060    0.5540
   31.0560    0.5580
   31.1060    0.5540
   31.1560    0.5380
   31.2060    0.5130
   31.2560    0.4830
   31.3060    0.4520
   31.3560    0.4210
   31.4060    0.3940
   31.4560    0.3730
   31.5060    0.3600
   31.5560    0.3550
   32.5560    0.3550
   32.6032    0.0940
   32.6503   -0.1560
   32.6974   -0.3910
   32.7446   -0.6100
   32.7917   -0.8130
   32.8389   -0.9990
   32.8860   -1.1660
   32.9331   -1.3140
   32.9803   -1.4440
   33.0274   -1.5540
   33.0746   -1.6430
   33.1217   -1.7140
   33.1688   -1.7650
   33.2160   -1.7950
   33.2631   -1.8050
   33.3103   -1.7950
   33.3574   -1.7650
   33.4045   -1.7140
   33.4517   -1.6430
   33.4988   -1.5540
   33.5460   -1.4440
   33.5931   -1.3140
   33.6402   -1.1660
   33.6874   -0.9990
   33.7345   -0.8130
   33.7817   -0.6100
   33.8288   -0.3910
   33.8759   -0.1560
   33.9231    0.0940
   33.9702    0.3550
   36.1497   -1.4630
   36.1930   -1.4600
   36.2363   -1.4510
   36.2796   -1.4370
   36.3229   -1.4150
   36.3662   -1.3850
   36.4095   -1.3480
   36.4528   -1.3000
   36.4961   -1.2430
   36.5394   -1.1760
   36.5827   -1.0970
   36.6260   -1.0050
   36.6693   -0.9030
   36.7126   -0.7880
   36.7559   -0.6600
   36.7992   -0.5200
   36.8425   -0.3680
   36.8858   -0.2030
   36.9291   -0.0270
   36.9724    0.1590
   37.0157    0.3550
   37.0657    0.3600
   37.1157    0.3730
   37.1657    0.3940
   37.2157    0.4210
   37.2657    0.4520
   37.3157    0.4830
   37.3657    0.5130
   37.4157    0.5380
   37.4657    0.5540
   37.5157    0.5580
   37.5657    0.5540
   37.6157    0.5380
   37.6657    0.5130
   37.7157    0.4830
   37.7657    0.4520
   37.8157    0.4210
   37.8657    0.3940
   37.9157    0.3730
   37.9657    0.3600
   38.0157    0.3550
   39.0157   -3.9290
   39.0628   -3.9190
   39.1099   -3.8900
   39.1571   -3.8400
   39.2042   -3.7700
   39.2514   -3.6800
   39.2985   -3.5720
   39.3456   -3.4440
   39.3928   -3.2970
   39.4399   -3.1310
   39.4870   -2.9490
   39.5342   -2.7490
   39.5813   -2.5330
   39.6285   -2.3030
   39.6756   -2.0590
   39.7227   -1.8050
   39.7699   -1.5440
   39.8170   -1.2760
   39.8642   -1.0120
   39.9113   -0.7550
   39.9584   -0.5120
   40.0056   -0.2930
   40.0527   -0.1050
   40.0999    0.0470
   40.1470    0.1630
   40.1941    0.2410
   40.2413    0.2930
   40.2884    0.3250
   40.3356    0.3440
   40.3827    0.3530
   40.4298    0.3550
   41.4298    0.3550
   41.4731    0.1590
   41.5164   -0.0270
   41.5597   -0.2030
   41.6030   -0.3680
   41.6463   -0.5200
   41.6896   -0.6600
   41.7329   -0.7880
   41.7762   -0.9030
   41.8195   -1.0050
   41.8628   -1.0970
   41.9061   -1.1760
   41.9494   -1.2430
   41.9927   -1.3000
   42.0360   -1.3480
   42.0793   -1.3850
   42.1227   -1.4150
   42.1660   -1.4370
   42.2093   -1.4510
   42.2526   -1.4600
   42.2959   -1.4630
   42.3459   -1.4740
   42.3959   -1.5040
   42.4459   -1.5490
   42.4958   -1.6020
   42.5458   -1.6550
   42.5958   -1.7050
   42.6458   -1.7480
   42.6958   -1.7790
   42.7458   -1.7990
   42.7958   -1.8050
   42.8458   -1.7990
   42.8958   -1.7790
   42.9458   -1.7480
   42.9958   -1.7050
   43.0458   -1.6550
   43.0958   -1.6020
   43.1458   -1.5490
   43.1958   -1.5040
   43.2458   -1.4740
   43.2958   -1.4630
   44.2958   -1.4630
   44.3430   -1.4530
   44.3901   -1.4230
   44.4373   -1.3740
   44.4844   -1.3060
   44.5315   -1.2150
   44.5787   -1.1080
   44.6258   -0.9810
   44.6730   -0.8370
   44.7201   -0.6750
   44.7672   -0.4970
   44.8144   -0.3050
   44.8615   -0.0990
   44.9086    0.1150
   44.9558    0.3370
   45.0029    0.5580
   45.0501    0.3370
   45.0972    0.1150
   45.1443   -0.0990
   45.1915   -0.3050
   45.2386   -0.4970
   45.2858   -0.6750
   45.3329   -0.8370
   45.3800   -0.9810
   45.4272   -1.1080
   45.4743   -1.2150
   45.5215   -1.3060
   45.5686   -1.3740
   45.6157   -1.4230
   45.6629   -1.4530
   45.7100   -1.4630
 
    0.0000    2.8170
    0.8660    0.2230
    1.6952    1.0070
    1.7385    1.0630
    1.7818    1.2220
    1.8251    1.4610
    1.8684    1.7600
    1.9117    2.1020
    1.9550    2.4780
    1.9983    2.8800
    2.0416    3.3050
    2.0849    3.7470
    2.1282    4.2070
    2.1715    4.6800
    2.2148    5.1610
    2.2581    5.6480
    2.3014    6.1380
    2.3447    6.6240
    2.3880    7.0970
    2.4313    7.5410
    2.4746    7.9280
    2.5179    8.2080
    2.5612    8.3150
    2.6112    8.2410
    2.6612    8.0350
    2.7112    7.7370
    2.7612    7.3800
    2.8112    6.9850
    2.8612    6.5660
    2.9112    6.1330
    2.9612    5.6860
    3.0112    5.2360
    3.0612    4.7820
    3.1112    4.3250
    3.1612    3.8660
    3.2112    3.4050
    3.2612    2.9510
    3.3112    2.5000
    3.3612    2.0540
    3.4112    1.6150
    3.4612    1.1820
    3.5112    0.7630
    3.5612    0.3550
    4.5612    0.3550
    4.6083    0.3660
    4.6555    0.3980
    4.7026    0.4510
    4.7498    0.5250
    4.7969    0.6180
    4.8441    0.7360
    4.8912    0.8740
    4.9383    1.0320
    4.9855    1.2110
    5.0326    1.4110
    5.0798    1.6310
    5.1269    1.8750
    5.1740    2.1360
    5.2212    2.4160
    5.2683    2.7170
    5.3155    3.0370
    5.3626    3.3760
    5.4097    3.7350
    5.4569    4.1100
    5.5040    4.5010
    5.5512    4.9110
    5.5983    5.3330
    5.6454    5.7700
    5.6926    6.2160
    5.7397    6.6650
    5.7869    7.1110
    5.8340    7.5380
    5.8811    7.9200
    5.9283    8.2060
    5.9754    8.3150
    6.9754    0.3550
    7.0187    0.5590
    7.0620    0.7690
    7.1053    0.9800
    7.1486    1.1880
    7.1919    1.3830
    7.2352    1.5560
    7.2785    1.6920
    7.3218    1.7750
    7.3651    1.7980
    7.4084    1.7650
    7.4517    1.6900
    7.4950    1.5920
    7.5383    1.4820
    7.5816    1.3720
    7.6249    1.2690
    7.6682    1.1790
    7.7115    1.1060
    7.7548    1.0520
    7.7981    1.0180
    7.8414    1.0070
    7.8914    1.0370
    7.9414    1.1250
    7.9914    1.2650
    8.0414    1.4500
    8.0914    1.6700
    8.1414    1.9150
    8.1914    2.1740
    8.2414    2.4260
    8.2914    2.6320
    8.3414    2.7170
    8.3914    2.6320
    8.4414    2.4260
    8.4914    2.1740
    8.5414    1.9150
    8.5914    1.6700
    8.6414    1.4500
    8.6915    1.2650
    8.7415    1.1250
    8.7915    1.0370
    8.8415    1.0070
    9.8415    1.0070
    9.8886    1.0140
    9.9357    1.0330
    9.9829    1.0640
   10.0300    1.1050
   10.0772    1.1540
   10.1243    1.2060
   10.1714    1.2580
   10.2186    1.2990
   10.2657    1.3190
   10.3129    1.3050
   10.3600    1.2420
   10.4071    1.1280
   10.4543    0.9680
   10.5014    0.7740
   10.5486    0.5580
   10.5957    0.7740
   10.6428    0.9680
   10.6900    1.1280
   10.7371    1.2420
   10.7843    1.3050
   10.8314    1.3190
   10.8785    1.2990
   10.9257    1.2580
   10.9728    1.2060
   11.0200    1.1540
   11.0671    1.1050
   11.1142    1.0640
   11.1614    1.0330
   11.2085    1.0140
   11.2557    1.0070
   13.4351    8.3150
   13.4784    8.2080
   13.5217    7.9280
   13.5650    7.5410
   13.6083    7.0970
   13.6516    6.6240
   13.6949    6.1380
   13.7382    5.6480
   13.7815    5.1610
   13.8248    4.6800
   13.8681    4.2070
   13.9114    3.7470
   13.9547    3.3050
   13.9980    2.8800
   14.0413    2.4780
   14.0846    2.1020
   14.1279    1.7600
   14.1712    1.4610
   14.2145    1.2220
   14.2578    1.0630
   14.3011    1.0070
   14.3511    1.0370
   14.4011    1.1250
   14.4511    1.2650
   14.5011    1.4500
   14.5511    1.6700
   14.6011    1.9150
   14.6511    2.1740
   14.7011    2.4260
   14.7511    2.6320
   14.8011    2.7170
   14.8511    2.6320
   14.9011    2.4260
   14.9511    2.1740
   15.0011    1.9150
   15.0511    1.6700
   15.1011    1.4500
   15.1511    1.2650
   15.2011    1.1250
   15.2511    1.0370
   15.3011    1.0070
   16.3011    1.0070
   16.3483    1.0540
   16.3954    1.1880
   16.4426    1.3930
   16.4897    1.6530
   16.5369    1.9550
   16.5840    2.2890
   16.6311    2.6430
   16.6783    3.0110
   16.7254    3.3820
   16.7726    3.7460
   16.8197    4.0840
   16.8668    4.3770
   16.9140    4.6010
   16.9611    4.7370
   17.0083    4.7820
   17.0554    4.7370
   17.1025    4.6010
   17.1497    4.3770
   17.1968    4.0840
   17.2440    3.7460
   17.2911    3.3820
   17.3382    3.0110
   17.3854    2.6430
   17.4325    2.2890
   17.4797    1.9550
   17.5268    1.6530
   17.5739    1.3930
   17.6211    1.1880
   17.6682    1.0540
   17.7154    1.0070
   18.7154    1.0070
   18.7587    1.0180
   18.8020    1.0520
   18.8453    1.1060
   18.8886    1.1790
   18.9319    1.2690
   18.9752    1.3720
   19.0185    1.4820
   19.0618    1.5920
   19.1051    1.6900
   19.1484    1.7650
   19.1917    1.7980
   19.2350    1.7750
   19.2783    1.6920
   19.3216    1.5560
   19.3649    1.3830
   19.4082    1.1880
   19.4515    0.9800
   19.4948    0.7690
   19.5381    0.5590
   19.5814    0.3550
   19.6314    0.7630
   19.6814    1.1820
   19.7314    1.6150
   19.7814    2.0540
   19.8314    2.5000
   19.8814    2.9510
   19.9314    3.4050
   19.9814    3.8660
   20.0314    4.3250
   20.0814    4.7820
   20.1314    5.2360
   20.1814    5.6860
   20.2314    6.1330
   20.2814    6.5660
   20.3314    6.9850
   20.3814    7.3800
   20.4314    7.7370
   20.4814    8.0350
   20.5314    8.2410
   20.5814    8.3150
   21.5814    0.3550
   21.6285    0.6270
   21.6757    0.9060
   21.7228    1.1860
   21.7699    1.4630
   21.8171    1.7280
   21.8642    1.9710
   21.9114    2.1840
   21.9585    2.3580
   22.0056    2.4910
   22.0528    2.5840
   22.0999    2.6460
   22.1471    2.6830
   22.1942    2.7030
   22.2413    2.7140
   22.2885    2.7170
   22.3356    2.7140
   22.3828    2.7030
   22.4299    2.6830
   22.4770    2.6460
   22.5242    2.5840
   22.5713    2.4910
   22.6185    2.3580
   22.6656    2.1840
   22.7127    1.9710
   22.7599    1.7280
   22.8070    1.4630
   22.8542    1.1860
   22.9013    0.9060
   22.9485    0.6270
   22.9956    0.3550
   24.4098    0.3550
   24.4531    0.5590
   24.4964    0.7690
   24.5397    0.9800
   24.5830    1.1880
   24.6263    1.3830
   24.6696    1.5560
   24.7129    1.6920
   24.7562    1.7750
   24.7995    1.7980
   24.8428    1.7650
   24.8861    1.6900
   24.9294    1.5920
   24.9727    1.4820
   25.0160    1.3720
   25.0593    1.2690
   25.1026    1.1790
   25.1459    1.1060
   25.1892    1.0520
   25.2325    1.0180
   25.2758    1.0070
   25.3258    1.0370
   25.3758    1.1250
   25.4258    1.2650
   25.4758    1.4500
   25.5258    1.6700
   25.5758    1.9150
   25.6258    2.1740
   25.6758    2.4260
   25.7258    2.6320
   25.7758    2.7170
   25.8258    2.6320
   25.8758    2.4260
   25.9258    2.1740
   25.9758    1.9150
   26.0258    1.6700
   26.0758    1.4500
   26.1258    1.2650
   26.1758    1.1250
   26.2258    1.0370
   26.2758    1.0070
   27.2758    1.0070
   27.3229    1.0540
   27.3701    1.1880
   27.4172    1.3930
   27.4644    1.6530
   27.5115    1.9550
   27.5586    2.2890
   27.6058    2.6430
   27.6529    3.0110
   27.7001    3.3820
   27.7472    3.7460
   27.7944    4.0840
   27.8415    4.3770
   27.8886    4.6010
   27.9358    4.7370
   27.9829    4.7820
   28.0301    4.7370
   28.0772    4.6010
   28.1243    4.3770
   28.1715    4.0840
   28.2186    3.7460
   28.2658    3.3820
   28.3129    3.0110
   28.3600    2.6430
   28.4072    2.2890
   28.4543    1.9550
   28.5015    1.6530
   28.5486    1.3930
   28.5957    1.1880
   28.6429    1.0540
   28.6900    1.0070
   29.6900    1.0070
   29.7333    1.0180
   29.7766    1.0520
   29.8199    1.1060
   29.8632    1.1790
   29.9065    1.2690
   29.9498    1.3720
   29.9931    1.4820
   30.0364    1.5920
   30.0797    1.6900
   30.1230    1.7650
   30.1663    1.7980
   30.2096    1.7750
   30.2529    1.6920
   30.2962    1.5560
   30.3395    1.3830
   30.3828    1.1880
   30.4261    0.9800
   30.4694    0.7690
   30.5127    0.5590
   30.5560    0.3550
   30.6060    0.3600
   30.6560    0.3730
   30.7060    0.3940
   30.7560    0.4210
   30.8060    0.4520
   30.8560    0.4830
   30.9060    0.5130
   30.9560    0.5380
   31.0060    0.5540
   31.0560    0.5580
   31.1060    0.5540
   31.1560    0.5380
   31.2060    0.5130
   31.2560    0.4830
   31.3060    0.4520
   31.3560    0.4210
   31.4060    0.3940
   31.4560    0.3730
   31.5060    0.3600
   31.5560    0.3550
   32.5560    0.3550
   32.6032    0.6270
   32.6503    0.9060
   32.6974    1.1860
   32.7446    1.4630
   32.7917    1.7280
   32.8389    1.9710
   32.8860    2.1840
   32.9331    2.3580
   32.9803    2.4910
   33.0274    2.5840
   33.0746    2.6460
   33.1217    2.6830
   33.1688    2.7030
   33.2160    2.7140
   33.2631    2.7170
   33.3103    2.7140
   33.3574    2.7030
   33.4045    2.6830
   33.4517    2.6460
   33.4988    2.5840
   33.5460    2.4910
   33.5931    2.3580
   33.6402    2.1840
   33.6874    1.9710
   33.7345    1.7280
   33.7817    1.4630
   33.8288    1.1860
   33.8759    0.9060
   33.9231    0.6270
   33.9702    0.3550
   36.1497    1.0070
   36.1930    1.0180
   36.2363    1.0520
   36.2796    1.1060
   36.3229    1.1790
   36.3662    1.2690
   36.4095    1.3720
   36.4528    1.4820
   36.4961    1.5920
   36.5394    1.6900
   36.5827    1.7650
   36.6260    1.7980
   36.6693    1.7750
   36.7126    1.6920
   36.7559    1.5560
   36.7992    1.3830
   36.8425    1.1880
   36.8858    0.9800
   36.9291    0.7690
   36.9724    0.5590
   37.0157    0.3550
   37.0657    0.3600
   37.1157    0.3730
   37.1657    0.3940
   37.2157    0.4210
   37.2657    0.4520
   37.3157    0.4830
   37.3657    0.5130
   37.4157    0.5380
   37.4657    0.5540
   37.5157    0.5580
   37.5657    0.5540
   37.6157    0.5380
   37.6657    0.5130
   37.7157    0.4830
   37.7657    0.4520
   37.8157    0.4210
   37.8657    0.3940
   37.9157    0.3730
   37.9657    0.3600
   38.0157    0.3550
   39.0157    8.3150
   39.0628    8.2060
   39.1099    7.9200
   39.1571    7.5380
   39.2042    7.1110
   39.2514    6.6650
   39.2985    6.2160
   39.3456    5.7700
   39.3928    5.3330
   39.4399    4.9110
   39.4870    4.5010
   39.5342    4.1100
   39.5813    3.7350
   39.6285    3.3760
   39.6756    3.0370
   39.7227    2.7170
   39.7699    2.4160
   39.8170    2.1360
   39.8642    1.8750
   39.9113    1.6310
   39.9584    1.4110
   40.0056    1.2110
   40.0527    1.0320
   40.0999    0.8740
   40.1470    0.7360
   40.1941    0.6180
   40.2413    0.5250
   40.2884    0.4510
   40.3356    0.3980
   40.3827    0.3660
   40.4298    0.3550
   41.4298    0.3550
   41.4731    0.5590
   41.5164    0.7690
   41.5597    0.9800
   41.6030    1.1880
   41.6463    1.3830
   41.6896    1.5560
   41.7329    1.6920
   41.7762    1.7750
   41.8195    1.7980
   41.8628    1.7650
   41.9061    1.6900
   41.9494    1.5920
   41.9927    1.4820
   42.0360    1.3720
   42.0793    1.2690
   42.1227    1.1790
   42.1660    1.1060
   42.2093    1.0520
   42.2526    1.0180
   42.2959    1.0070
   42.3459    1.0370
   42.3959    1.1250
   42.4459    1.2650
   42.4958    1.4500
   42.5458    1.6700
   42.5958    1.9150
   42.6458    2.1740
   42.6958    2.4260
   42.7458    2.6320
   42.7958    2.7170
   42.8458    2.6320
   42.8958    2.4260
   42.9458    2.1740
   42.9958    1.9150
   43.0458    1.6700
   43.0958    1.4500
   43.1458    1.2650
   43.1958    1.1250
   43.2458    1.0370
   43.2958    1.0070
   44.2958    1.0070
   44.3430    1.0140
   44.3901    1.0330
   44.4373    1.0640
   44.4844    1.1050
   44.5315    1.1540
   44.5787    1.2060
   44.6258    1.2580
   44.6730    1.2990
   44.7201    1.3190
   44.7672    1.3050
   44.8144    1.2420
   44.8615    1.1280
   44.9086    0.9680
   44.9558    0.7740
   45.0029    0.5580
   45.0501    0.7740
   45.0972    0.9680
   45.1443    1.1280
   45.1915    1.2420
   45.2386    1.3050
   45.2858    1.3190
   45.3329    1.2990
   45.3800    1.2580
   45.4272    1.2060
   45.4743    1.1540
   45.5215    1.1050
   45.5686    1.0640
   45.6157    1.0330
   45.6629    1.0140
   45.7100    1.0070
 
    0.0000    5.9670
    0.8660    3.1430
    1.6952    7.0310
    1.7385    7.0350
    1.7818    7.0490
    1.8251    7.0710
    1.8684    7.1040
    1.9117    7.1450
    1.9550    7.1950
    1.9983    7.2550
    2.0416    7.3230
    2.0849    7.3990
    2.1282    7.4830
    2.1715    7.5750
    2.2148    7.6730
    2.2581    7.7760
    2.3014    7.8820
    2.3447    7.9870
    2.3880    8.0870
    2.4313    8.1770
    2.4746    8.2510
    2.5179    8.2980
    2.5612    8.3150
    2.6112    8.2590
    2.6612    8.1070
    2.7112    7.8960
    2.7612    7.6560
    2.8112    7.4040
    2.8612    7.1530
    2.9112    6.9080
    2.9612    6.6730
    3.0112    6.4530
    3.0612    6.2490
    3.1112    6.0610
    3.1612    5.8920
    3.2112    5.7410
    3.2612    5.6090
    3.3112    5.4980
    3.3612    5.4060
    3.4112    5.3340
    3.4612    5.2820
    3.5112    5.2510
    3.5612    5.2400
    4.5612    5.2400
    4.6083    5.1620
    4.6555    4.9540
    4.7026    4.6770
    4.7498    4.3790
    4.7969    4.0970
    4.8441    3.8530
    4.8912    3.6630
    4.9383    3.5360
    4.9855    3.4760
    5.0326    3.4790
    5.0798    3.5380
    5.1269    3.6480
    5.1740    3.8000
    5.2212    3.9880
    5.2683    4.2060
    5.3155    4.4520
    5.3626    4.7210
    5.4097    5.0110
    5.4569    5.3170
    5.5040    5.6390
    5.5512    5.9730
    5.5983    6.3130
    5.6454    6.6550
    5.6926    6.9940
    5.7397    7.3220
    5.7869    7.6290
    5.8340    7.9010
    5.8811    8.1190
    5.9283    8.2640
    5.9754    8.3150
    6.9754    5.2400
    7.0187    5.1980
    7.0620    5.0820
    7.1053    4.9170
    7.1486    4.7330
    7.1919    4.5540
    7.2352    4.4060
    7.2785    4.3090
    7.3218    4.2830
    7.3651    4.3390
    7.4084    4.4760
    7.4517    4.6800
    7.4950    4.9340
    7.5383    5.2250
    7.5816    5.5390
    7.6249    5.8640
    7.6682    6.1890
    7.7115    6.4980
    7.7548    6.7670
    7.7981    6.9590
    7.8414    7.0310
    7.8914    6.9470
    7.9414    6.7230
    7.9914    6.4080
    8.0414    6.0440
    8.0914    5.6590
    8.1414    5.2710
    8.1914    4.8980
    8.2414    4.5630
    8.2914    4.3080
    8.3414    4.2060
    8.3914    4.3080
    8.4414    4.5630
    8.4914    4.8980
    8.5414    5.2710
    8.5914    5.6590
    8.6414    6.0440
    8.6915    6.4080
    8.7415    6.7230
    8.7915    6.9470
    8.8415    7.0310
    9.8415    7.0310
    9.8886    6.9300
    9.9357    6.6680
    9.9829    6.3150
   10.0300    5.9240
   10.0772    5.5250
   10.1243    5.1360
   10.1714    4.7700
   10.2186    4.4420
   10.2657    4.1650
   10.3129    3.9560
   10.3600    3.8260
   10.4071    3.7810
   10.4543    3.8170
   10.5014    3.9190
   10.5486    4.0740
   10.5957    3.9190
   10.6428    3.8170
   10.6900    3.7810
   10.7371    3.8260
   10.7843    3.9560
   10.8314    4.1650
   10.8785    4.4420
   10.9257    4.7700
   10.9728    5.1360
   11.0200    5.5250
   11.0671    5.9240
   11.1142    6.3150
   11.1614    6.6680
   11.2085    6.9300
   11.2557    7.0310
   13.4351    8.3150
   13.4784    8.2980
   13.5217    8.2510
   13.5650    8.1770
   13.6083    8.0870
   13.6516    7.9870
   13.6949    7.8820
   13.7382    7.7760
   13.7815    7.6730
   13.8248    7.5750
   13.8681    7.4830
   13.9114    7.3990
   13.9547    7.3230
   13.9980    7.2550
   14.0413    7.1950
   14.0846    7.1450
   14.1279    7.1040
   14.1712    7.0710
   14.2145    7.0490
   14.2578    7.0350
   14.3011    7.0310
   14.3511    6.9470
   14.4011    6.7230
   14.4511    6.4080
   14.5011    6.0440
   14.5511    5.6590
   14.6011    5.2710
   14.6511    4.8980
   14.7011    4.5630
   14.7511    4.3080
   14.8011    4.2060
   14.8511    4.3080
   14.9011    4.5630
   14.9511    4.8980
   15.0011    5.2710
   15.0511    5.6590
   15.1011    6.0440
   15.1511    6.4080
   15.2011    6.7230
   15.2511    6.9470
   15.3011    7.0310
   16.3011    7.0310
   16.3483    7.0080
   16.3954    6.9440
   16.4426    6.8500
   16.4897    6.7380
   16.5369    6.6190
   16.5840    6.4990
   16.6311    6.3880
   16.6783    6.2900
   16.7254    6.2100
   16.7726    6.1540
   16.8197    6.1270
   16.8668    6.1350
   16.9140    6.1740
   16.9611    6.2250
   17.0083    6.2490
   17.0554    6.2250
   17.1025    6.1740
   17.1497    6.1350
   17.1968    6.1270
   17.2440    6.1540
   17.2911    6.2100
   17.3382    6.2900
   17.3854    6.3880
   17.4325    6.4990
   17.4797    6.6190
   17.5268    6.7380
   17.5739    6.8500
   17.6211    6.9440
   17.6682    7.0080
   17.7154    7.0310
   18.7154    7.0310
   18.7587    6.9590
   18.8020    6.7670
   18.8453    6.4980
   18.8886    6.1890
   18.9319    5.8640
   18.9752    5.5390
   19.0185    5.2250
   19.0618    4.9340
   19.1051    4.6800
   19.1484    4.4760
   19.1917    4.3390
   19.2350    4.2830
   19.2783    4.3090
   19.3216    4.4060
   19.3649    4.5540
   19.4082    4.7330
   19.4515    4.9170
   19.4948    5.0820
   19.5381    5.1980
   19.5814    5.2400
   19.6314    5.2510
   19.6814    5.2820
   19.7314    5.3340
   19.7814    5.4060
   19.8314    5.4980
   19.8814    5.6090
   19.9314    5.7410
   19.9814    5.8920
   20.0314    6.0610
   20.0814    6.2490
   20.1314    6.4530
   20.1814    6.6730
   20.2314    6.9080
   20.2814    7.1530
   20.3314    7.4040
   20.3814    7.6560
   20.4314    7.8960
   20.4814    8.1070
   20.5314    8.2590
   20.5814    8.3150
   21.5814    5.2400
   21.6285    5.2260
   21.6757    5.1810
   21.7228    5.1090
   21.7699    5.0170
   21.8171    4.9110
   21.8642    4.8010
   21.9114    4.6910
   21.9585    4.5870
   22.0056    4.4910
   22.0528    4.4070
   22.0999    4.3370
   22.1471    4.2800
   22.1942    4.2390
   22.2413    4.2150
   22.2885    4.2060
   22.3356    4.2150
   22.3828    4.2390
   22.4299    4.2800
   22.4770    4.3370
   22.5242    4.4070
   22.5713    4.4910
   22.6185    4.5870
   22.6656    4.6910
   22.7127    4.8010
   22.7599    4.9110
   22.8070    5.0170
   22.8542    5.1090
   22.9013    5.1810
   22.9485    5.2260
   22.9956    5.2400
   24.4098    5.2400
   24.4531    5.1980
   24.4964    5.0820
   24.5397    4.9170
   24.5830    4.7330
   24.6263    4.5540
   24.6696    4.4060
   24.7129    4.3090
   24.7562    4.2830
   24.7995    4.3390
   24.8428    4.4760
   24.8861    4.6800
   24.9294    4.9340
   24.9727    5.2250
   25.0160    5.5390
   25.0593    5.8640
   25.1026    6.1890
   25.1459    6.4980
   25.1892    6.7670
   25.2325    6.9590
   25.2758    7.0310
   25.3258    6.9470
   25.3758    6.7230
   25.4258    6.4080
   25.4758    6.0440
   25.5258    5.6590
   25.5758    5.2710
   25.6258    4.8980
   25.6758    4.5630
   25.7258    4.3080
   25.7758    4.2060
   25.8258    4.3080
   25.8758    4.5630
   25.9258    4.8980
   25.9758    5.2710
   26.0258    5.6590
   26.0758    6.0440
   26.1258    6.4080
   26.1758    6.7230
   26.2258    6.9470
   26.2758    7.0310
   27.2758    7.0310
   27.3229    7.0080
   27.3701    6.9440
   27.4172    6.8500
   27.4644    6.7380
   27.5115    6.6190
   27.5586    6.4990
   27.6058    6.3880
   27.6529    6.2900
   27.7001    6.2100
   27.7472    6.1540
   27.7944    6.1270
   27.8415    6.1350
   27.8886    6.1740
   27.9358    6.2250
   27.9829    6.2490
   28.0301    6.2250
   28.0772    6.1740
   28.1243    6.1350
   28.1715    6.1270
   28.2186    6.1540
   28.2658    6.2100
   28.3129    6.2900
   28.3600    6.3880
   28.4072    6.4990
   28.4543    6.6190
   28.5015    6.7380
   28.5486    6.8500
   28.5957    6.9440
   28.6429    7.0080
   28.6900    7.0310
   29.6900    7.0310
   29.7333    6.9590
   29.7766    6.7670
   29.8199    6.4980
   29.8632    6.1890
   29.9065    5.8640
   29.9498    5.5390
   29.9931    5.2250
   30.0364    4.9340
   30.0797    4.6800
   30.1230    4.4760
   30.1663    4.3390
   30.2096    4.2830
   30.2529    4.3090
   30.2962    4.4060
   30.3395    4.5540
   30.3828    4.7330
   30.4261    4.9170
   30.4694    5.0820
   30.5127    5.1980
   30.5560    5.2400
   30.6060    5.2000
   30.6560    5.0890
   30.7060    4.9320
   30.7560    4.7530
   30.8060    4.5740
   30.8560    4.4090
   30.9060    4.2690
   30.9560    4.1630
   31.0060    4.0970
   31.0560    4.0740
   31.1060    4.0970
   31.1560    4.1630
   31.2060    4.2690
   31.2560    4.4090
   31.3060    4.5740
   31.3560    4.7530
   31.4060    4.9320
   31.4560    5.0890
   31.5060    5.2000
   31.5560    5.2400
   32.5560    5.2400
   32.6032    5.2260
   32.6503    5.1810
   32.6974    5.1090
   32.7446    5.0170
   32.7917    4.9110
   32.8389    4.8010
   32.8860    4.6910
   32.9331    4.5870
   32.9803    4.4910
   33.0274    4.4070
   33.0746    4.3370
   33.1217    4.2800
   33.1688    4.2390
   33.2160    4.2150
   33.2631    4.2060
   33.3103    4.2150
   33.3574    4.2390
   33.4045    4.2800
   33.4517    4.3370
   33.4988    4.4070
   33.5460    4.4910
   33.5931    4.5870
   33.6402    4.6910
   33.6874    4.8010
   33.7345    4.9110
   33.7817    5.0170
   33.8288    5.1090
   33.8759    5.1810
   33.9231    5.2260
   33.9702    5.2400
   36.1497    7.0310
   36.1930    6.9590
   36.2363    6.7670
   36.2796    6.4980
   36.3229    6.1890
   36.3662    5.8640
   36.4095    5.5390
   36.4528    5.2250
   36.4961    4.9340
   36.5394    4.6800
   36.5827    4.4760
   36.6260    4.3390
   36.6693    4.2830
   36.7126    4.3090
   36.7559    4.4060
   36.7992    4.5540
   36.8425    4.7330
   36.8858    4.9170
   36.9291    5.0820
   36.9724    5.1980
   37.0157    5.2400
   37.0657    5.2000
   37.1157    5.0890
   37.1657    4.9320
   37.2157    4.7530
   37.2657    4.5740
   37.3157    4.4090
   37.3657    4.2690
   37.4157    4.1630
   37.4657    4.0970
   37.5157    4.0740
   37.5657    4.0970
   37.6157    4.1630
   37.6657    4.2690
   37.7157    4.4090
   37.7657    4.5740
   37.8157    4.7530
   37.8657    4.9320
   37.9157    5.0890
   37.9657    5.2000
   38.0157    5.2400
   39.0157    8.3150
   39.0628    8.2640
   39.1099    8.1190
   39.1571    7.9010
   39.2042    7.6290
   39.2514    7.3220
   39.2985    6.9940
   39.3456    6.6550
   39.3928    6.3130
   39.4399    5.9730
   39.4870    5.6390
   39.5342    5.3170
   39.5813    5.0110
   39.6285    4.7210
   39.6756    4.4520
   39.7227    4.2060
   39.7699    3.9880
   39.8170    3.8000
   39.8642    3.6480
   39.9113    3.5380
   39.9584    3.4790
   40.0056    3.4760
   40.0527    3.5360
   40.0999    3.6630
   40.1470    3.8530
   40.1941    4.0970
   40.2413    4.3790
   40.2884    4.6770
   40.3356    4.9540
   40.3827    5.1620
   40.4298    5.2400
   41.4298    5.2400
   41.4731    5.1980
   41.5164    5.0820
   41.5597    4.9170
   41.6030    4.7330
   41.6463    4.5540
   41.6896    4.4060
   41.7329    4.3090
   41.7762    4.2830
   41.8195    4.3390
   41.8628    4.4760
   41.9061    4.6800
   41.9494    4.9340
   41.9927    5.2250
   42.0360    5.5390
   42.0793    5.8640
   42.1227    6.1890
   42.1660    6.4980
   42.2093    6.7670
   42.2526    6.9590
   42.2959    7.0310
   42.3459    6.9470
   42.3959    6.7230
   42.4459    6.4080
   42.4958    6.0440
   42.5458    5.6590
   42.5958    5.2710
   42.6458    4.8980
   42.6958    4.5630
   42.7458    4.3080
   42.7958    4.2060
   42.8458    4.3080
   42.8958    4.5630
   42.9458    4.8980
   42.9958    5.2710
   43.0458    5.6590
   43.0958    6.0440
   43.1458    6.4080
   43.1958    6.7230
   43.2458    6.9470
   43.2958    7.0310
   44.2958    7.0310
   44.3430    6.9300
   44.3901    6.6680
   44.4373    6.3150
   44.4844    5.9240
   44.5315    5.5250
   44.5787    5.1360
   44.6258    4.7700
   44.6730    4.4420
   44.7201    4.1650
   44.7672    3.9560
   44.8144    3.8260
   44.8615    3.7810
   44.9086    3.8170
   44.9558    3.9190
   45.0029    4.0740
   45.0501    3.9190
   45.0972    3.8170
   45.1443    3.7810
   45.1915    3.8260
   45.2386    3.9560
   45.2858    4.1650
   45.3329    4.4420
   45.3800    4.7700
   45.4272    5.1360
   45.4743    5.5250
   45.5215    5.9240
   45.5686    6.3150
   45.6157    6.6680
   45.6629    6.9300
   45.7100    7.0310
 
    0.0000    6.0750
    0.8660    4.4240
    1.6952    7.0310
    1.7385    7.0350
    1.7818    7.0490
    1.8251    7.0710
    1.8684    7.1040
    1.9117    7.1450
    1.9550    7.1950
    1.9983    7.2550
    2.0416    7.3230
    2.0849    7.3990
    2.1282    7.4830
    2.1715    7.5750
    2.2148    7.6730
    2.2581    7.7760
    2.3014    7.8820
    2.3447    7.9870
    2.3880    8.0870
    2.4313    8.1770
    2.4746    8.2510
    2.5179    8.2980
    2.5612    8.3150
    2.6112    8.2590
    2.6612    8.1070
    2.7112    7.8960
    2.7612    7.6560
    2.8112    7.4040
    2.8612    7.1530
    2.9112    6.9080
    2.9612    6.6730
    3.0112    6.4530
    3.0612    6.2490
    3.1112    6.0610
    3.1612    5.8920
    3.2112    5.7410
    3.2612    5.6090
    3.3112    5.4980
    3.3612    5.4060
    3.4112    5.3340
    3.4612    5.2820
    3.5112    5.2510
    3.5612    5.2400
    4.5612    5.2400
    4.6083    5.2490
    4.6555    5.2740
    4.7026    5.3150
    4.7498    5.3720
    4.7969    5.4450
    4.8441    5.5340
    4.8912    5.6370
    4.9383    5.7550
    4.9855    5.8860
    5.0326    6.0300
    5.0798    6.1840
    5.1269    6.3480
    5.1740    6.5200
    5.2212    6.6970
    5.2683    6.8770
    5.3155    7.0570
    5.3626    7.2340
    5.4097    7.4050
    5.4569    7.5620
    5.5040    7.7100
    5.5512    7.8430
    5.5983    7.9570
    5.6454    8.0530
    5.6926    8.1310
    5.7397    8.1930
    5.7869    8.2410
    5.8340    8.2750
    5.8811    8.2980
    5.9283    8.3110
    5.9754    8.3150
    6.9754    5.2400
    7.0187    5.2480
    7.0620    5.2690
    7.1053    5.3050
    7.1486    5.3560
    7.1919    5.4200
    7.2352    5.4970
    7.2785    5.5870
    7.3218    5.6900
    7.3651    5.8040
    7.4084    5.9270
    7.4517    6.0600
    7.4950    6.1990
    7.5383    6.3420
    7.5816    6.4850
    7.6249    6.6250
    7.6682    6.7540
    7.7115    6.8670
    7.7548    6.9540
    7.7981    7.0110
    7.8414    7.0310
    7.8914    7.0260
    7.9414    7.0150
    7.9914    6.9960
    8.0414    6.9740
    8.0914    6.9510
    8.1414    6.9270
    8.1914    6.9060
    8.2414    6.8910
    8.2914    6.8810
    8.3414    6.8770
    8.3914    6.8810
    8.4414    6.8910
    8.4914    6.9060
    8.5414    6.9270
    8.5914    6.9510
    8.6414    6.9740
    8.6915    6.9960
    8.7415    7.0150
    8.7915    7.0260
    8.8415    7.0310
    9.8415    7.0310
    9.8886    7.0100
    9.9357    6.9480
    9.9829    6.8440
   10.0300    6.7000
   10.0772    6.5190
   10.1243    6.3060
   10.1714    6.0670
   10.2186    5.8100
   10.2657    5.5420
   10.3129    5.2690
   10.3600    4.9990
   10.4071    4.7390
   10.4543    4.4930
   10.5014    4.2690
   10.5486    4.0740
   10.5957    4.2690
   10.6428    4.4930
   10.6900    4.7390
   10.7371    4.9990
   10.7843    5.2690
   10.8314    5.5420
   10.8785    5.8100
   10.9257    6.0670
   10.9728    6.3060
   11.0200    6.5190
   11.0671    6.7000
   11.1142    6.8440
   11.1614    6.9480
   11.2085    7.0100
   11.2557    7.0310
   13.4351    8.3150
   13.4784    8.2980
   13.5217    8.2510
   13.5650    8.1770
   13.6083    8.0870
   13.6516    7.9870
   13.6949    7.8820
   13.7382    7.7760
   13.7815    7.6730
   13.8248    7.5750
   13.8681    7.4830
   13.9114    7.3990
   13.9547    7.3230
   13.9980    7.2550
   14.0413    7.1950
   14.0846    7.1450
   14.1279    7.1040
   14.1712    7.0710
   14.2145    7.0490
   14.2578    7.0350
   14.3011    7.0310
   14.3511    7.0260
   14.4011    7.0150
   14.4511    6.9960
   14.5011    6.9740
   14.5511    6.9510
   14.6011    6.9270
   14.6511    6.9060
   14.7011    6.8910
   14.7511    6.8810
   14.8011    6.8770
   14.8511    6.8810
   14.9011    6.8910
   14.9511    6.9060
   15.0011    6.9270
   15.0511    6.9510
   15.1011    6.9740
   15.1511    6.9960
   15.2011    7.0150
   15.2511    7.0260
   15.3011    7.0310
   16.3011    7.0310
   16.3483    7.0190
   16.3954    6.9850
   16.4426    6.9340
   16.4897    6.8670
   16.5369    6.7900
   16.5840    6.7080
   16.6311    6.6260
   16.6783    6.5470
   16.7254    6.4730
   16.7726    6.4080
   16.8197    6.3520
   16.8668    6.3080
   16.9140    6.2750
   16.9611    6.2550
   17.0083    6.2490
   17.0554    6.2550
   17.1025    6.2750
   17.1497    6.3080
   17.1968    6.3520
   17.2440    6.4080
   17.2911    6.4730
   17.3382    6.5470
   17.3854    6.6260
   17.4325    6.7080
   17.4797    6.7900
   17.5268    6.8670
   17.5739    6.9340
   17.6211    6.9850
   17.6682    7.0190
   17.7154    7.0310
   18.7154    7.0310
   18.7587    7.0110
   18.8020    6.9540
   18.8453    6.8670
   18.8886    6.7540
   18.9319    6.6250
   18.9752    6.4850
   19.0185    6.3420
   19.0618    6.1990
   19.1051    6.0600
   19.1484    5.9270
   19.1917    5.8040
   19.2350    5.6900
   19.2783    5.5870
   19.3216    5.4970
   19.3649    5.4200
   19.4082    5.3560
   19.4515    5.3050
   19.4948    5.2690
   19.5381    5.2480
   19.5814    5.2400
   19.6314    5.2510
   19.6814    5.2820
   19.7314    5.3340
   19.7814    5.4060
   19.8314    5.4980
   19.8814    5.6090
   19.9314    5.7410
   19.9814    5.8920
   20.0314    6.0610
   20.0814    6.2490
   20.1314    6.4530
   20.1814    6.6730
   20.2314    6.9080
   20.2814    7.1530
   20.3314    7.4040
   20.3814    7.6560
   20.4314    7.8960
   20.4814    8.1070
   20.5314    8.2590
   20.5814    8.3150
   21.5814    5.2400
   21.6285    5.2280
   21.6757    5.1970
   21.7228    5.1590
   21.7699    5.1290
   21.8171    5.1210
   21.8642    5.1480
   21.9114    5.2240
   21.9585    5.3560
   22.0056    5.5470
   22.0528    5.7870
   22.0999    6.0640
   22.1471    6.3490
   22.1942    6.6130
   22.2413    6.8050
   22.2885    6.8770
   22.3356    6.8050
   22.3828    6.6130
   22.4299    6.3490
   22.4770    6.0640
   22.5242    5.7870
   22.5713    5.5470
   22.6185    5.3560
   22.6656    5.2240
   22.7127    5.1480
   22.7599    5.1210
   22.8070    5.1290
   22.8542    5.1590
   22.9013    5.1970
   22.9485    5.2280
   22.9956    5.2400
   24.4098    5.2400
   24.4531    5.2480
   24.4964    5.2690
   24.5397    5.3050
   24.5830    5.3560
   24.6263    5.4200
   24.6696    5.4970
   24.7129    5.5870
   24.7562    5.6900
   24.7995    5.8040
   24.8428    5.9270
   24.8861    6.0600
   24.9294    6.1990
   24.9727    6.3420
   25.0160    6.4850
   25.0593    6.6250
   25.1026    6.7540
   25.1459    6.8670
   25.1892    6.9540
   25.2325    7.0110
   25.2758    7.0310
   25.3258    7.0260
   25.3758    7.0150
   25.4258    6.9960
   25.4758    6.9740
   25.5258    6.9510
   25.5758    6.9270
   25.6258    6.9060
   25.6758    6.8910
   25.7258    6.8810
   25.7758    6.8770
   25.8258    6.8810
   25.8758    6.8910
   25.9258    6.9060
   25.9758    6.9270
   26.0258    6.9510
   26.0758    6.9740
   26.1258    6.9960
   26.1758    7.0150
   26.2258    7.0260
   26.2758    7.0310
   27.2758    7.0310
   27.3229    7.0190
   27.3701    6.9850
   27.4172    6.9340
   27.4644    6.8670
   27.5115    6.7900
   27.5586    6.7080
   27.6058    6.6260
   27.6529    6.5470
   27.7001    6.4730
   27.7472    6.4080
   27.7944    6.3520
   27.8415    6.3080
   27.8886    6.2750
   27.9358    6.2550
   27.9829    6.2490
   28.0301    6.2550
   28.0772    6.2750
   28.1243    6.3080
   28.1715    6.3520
   28.2186    6.4080
   28.2658    6.4730
   28.3129    6.5470
   28.3600    6.6260
   28.4072    6.7080
   28.4543    6.7900
   28.5015    6.8670
   28.5486    6.9340
   28.5957    6.9850
   28.6429    7.0190
   28.6900    7.0310
   29.6900    7.0310
   29.7333    7.0110
   29.7766    6.9540
   29.8199    6.8670
   29.8632    6.7540
   29.9065    6.6250
   29.9498    6.4850
   29.9931    6.3420
   30.0364    6.1990
   30.0797    6.0600
   30.1230    5.9270
   30.1663    5.8040
   30.2096    5.6900
   30.2529    5.5870
   30.2962    5.4970
   30.3395    5.4200
   30.3828    5.3560
   30.4261    5.3050
   30.4694    5.2690
   30.5127    5.2480
   30.5560    5.2400
   30.6060    5.2000
   30.6560    5.0890
   30.7060    4.9320
   30.7560    4.7530
   30.8060    4.5740
   30.8560    4.4090
   30.9060    4.2690
   30.9560    4.1630
   31.0060    4.0970
   31.0560    4.0740
   31.1060    4.0970
   31.1560    4.1630
   31.2060    4.2690
   31.2560    4.4090
   31.3060    4.5740
   31.3560    4.7530
   31.4060    4.9320
   31.4560    5.0890
   31.5060    5.2000
   31.5560    5.2400
   32.5560    5.2400
   32.6032    5.2280
   32.6503    5.1970
   32.6974    5.1590
   32.7446    5.1290
   32.7917    5.1210
   32.8389    5.1480
   32.8860    5.2240
   32.9331    5.3560
   32.9803    5.5470
   33.0274    5.7870
   33.0746    6.0640
   33.1217    6.3490
   33.1688    6.6130
   33.2160    6.8050
   33.2631    6.8770
   33.3103    6.8050
   33.3574    6.6130
   33.4045    6.3490
   33.4517    6.0640
   33.4988    5.7870
   33.5460    5.5470
   33.5931    5.3560
   33.6402    5.2240
   33.6874    5.1480
   33.7345    5.1210
   33.7817    5.1290
   33.8288    5.1590
   33.8759    5.1970
   33.9231    5.2280
   33.9702    5.2400
   36.1497    7.0310
   36.1930    7.0110
   36.2363    6.9540
   36.2796    6.8670
   36.3229    6.7540
   36.3662    6.6250
   36.4095    6.4850
   36.4528    6.3420
   36.4961    6.1990
   36.5394    6.0600
   36.5827    5.9270
   36.6260    5.8040
   36.6693    5.6900
   36.7126    5.5870
   36.7559    5.4970
   36.7992    5.4200
   36.8425    5.3560
   36.8858    5.3050
   36.9291    5.2690
   36.9724    5.2480
   37.0157    5.2400
   37.0657    5.2000
   37.1157    5.0890
   37.1657    4.9320
   37.2157    4.7530
   37.2657    4.5740
   37.3157    4.4090
   37.3657    4.2690
   37.4157    4.1630
   37.4657    4.0970
   37.5157    4.0740
   37.5657    4.0970
   37.6157    4.1630
   37.6657    4.2690
   37.7157    4.4090
   37.7657    4.5740
   37.8157    4.7530
   37.8657    4.9320
   37.9157    5.0890
   37.9657    5.2000
   38.0157    5.2400
   39.0157    8.3150
   39.0628    8.3110
   39.1099    8.2980
   39.1571    8.2750
   39.2042    8.2410
   39.2514    8.1930
   39.2985    8.1310
   39.3456    8.0530
   39.3928    7.9570
   39.4399    7.8430
   39.4870    7.7100
   39.5342    7.5620
   39.5813    7.4050
   39.6285    7.2340
   39.6756    7.0570
   39.7227    6.8770
   39.7699    6.6970
   39.8170    6.5200
   39.8642    6.3480
   39.9113    6.1840
   39.9584    6.0300
   40.0056    5.8860
   40.0527    5.7550
   40.0999    5.6370
   40.1470    5.5340
   40.1941    5.4450
   40.2413    5.3720
   40.2884    5.3150
   40.3356    5.2740
   40.3827    5.2490
   40.4298    5.2400
   41.4298    5.2400
   41.4731    5.2480
   41.5164    5.2690
   41.5597    5.3050
   41.6030    5.3560
   41.6463    5.4200
   41.6896    5.4970
   41.7329    5.5870
   41.7762    5.6900
   41.8195    5.8040
   41.8628    5.9270
   41.9061    6.0600
   41.9494    6.1990
   41.9927    6.3420
   42.0360    6.4850
   42.0793    6.6250
   42.1227    6.7540
   42.1660    6.8670
   42.2093    6.9540
   42.2526    7.0110
   42.2959    7.0310
   42.3459    7.0260
   42.3959    7.0150
   42.4459    6.9960
   42.4958    6.9740
   42.5458    6.9510
   42.5958    6.9270
   42.6458    6.9060
   42.6958    6.8910
   42.7458    6.8810
   42.7958    6.8770
   42.8458    6.8810
   42.8958    6.8910
   42.9458    6.9060
   42.9958    6.9270
   43.0458    6.9510
   43.0958    6.9740
   43.1458    6.9960
   43.1958    7.0150
   43.2458    7.0260
   43.2958    7.0310
   44.2958    7.0310
   44.3430    7.0100
   44.3901    6.9480
   44.4373    6.8440
   44.4844    6.7000
   44.5315    6.5190
   44.5787    6.3060
   44.6258    6.0670
   44.6730    5.8100
   44.7201    5.5420
   44.7672    5.2690
   44.8144    4.9990
   44.8615    4.7390
   44.9086    4.4930
   44.9558    4.2690
   45.0029    4.0740
   45.0501    4.2690
   45.0972    4.4930
   45.1443    4.7390
   45.1915    4.9990
   45.2386    5.2690
   45.2858    5.5420
   45.3329    5.8100
   45.3800    6.0670
   45.4272    6.3060
   45.4743    6.5190
   45.5215    6.7000
   45.5686    6.8440
   45.6157    6.9480
   45.6629    7.0100
   45.7100    7.0310
 
    0.0000    9.6330
    0.8660    9.0340
    1.6952    9.6420
    1.7385    9.6470
    1.7818    9.6690
    1.8251    9.6930
    1.8684    9.7270
    1.9117    9.7710
    1.9550    9.8280
    1.9983    9.8910
    2.0416    9.9630
    2.0849   10.0430
    2.1282   10.1290
    2.1715   10.2270
    2.2148   10.3270
    2.2581   10.4220
    2.3014   10.5150
    2.3447   10.6000
    2.3880   10.6670
    2.4313   10.7010
    2.4746   10.6890
    2.5179   10.6310
    2.5612   10.6080
    2.6112   10.5760
    2.6612   10.4850
    2.7112   10.3470
    2.7612   10.1750
    2.8112    9.9820
    2.8612    9.7770
    2.9112    9.5740
    2.9612    9.3760
    3.0112    9.1900
    3.0612    9.0170
    3.1112    8.8620
    3.1612    8.7260
    3.2112    8.6120
    3.2612    8.5210
    3.3112    8.4550
    3.3612    8.4080
    3.4112    8.3920
    3.4612    8.4000
    3.5112    8.4390
    3.5612    8.5080
    4.5612    8.5080
    4.6083    8.5180
    4.6555    8.5460
    4.7026    8.5930
    4.7498    8.6590
    4.7969    8.7420
    4.8441    8.8470
    4.8912    8.9660
    4.9383    9.1030
    4.9855    9.2550
    5.0326    9.4240
    5.0798    9.6040
    5.1269    9.7960
    5.1740    9.9960
    5.2212   10.2010
    5.2683   10.4060
    5.3155   10.6030
    5.3626   10.7860
    5.4097   10.9440
    5.4569   11.0660
    5.5040   11.1470
    5.5512   11.1880
    5.5983   11.1910
    5.6454   11.1070
    5.6926   10.9750
    5.7397   10.8630
    5.7869   10.7710
    5.8340   10.6990
    5.8811   10.6480
    5.9283   10.6180
    5.9754   10.6080
    6.9754    8.5080
    7.0187    8.4960
    7.0620    8.5190
    7.1053    8.5640
    7.1486    8.6290
    7.1919    8.7120
    7.2352    8.8120
    7.2785    8.9320
    7.3218    9.0660
    7.3651    9.2150
    7.4084    9.3790
    7.4517    9.5520
    7.4950    9.7320
    7.5383    9.9120
    7.5816   10.0790
    7.6249   10.2000
    7.6682   10.2220
    7.7115   10.0960
    7.7548    9.8880
    7.7981    9.7110
    7.8414    9.6420
    7.8914    9.7130
    7.9414    9.8980
    7.9914   10.1220
    8.0414   10.3110
    8.0914   10.4170
    8.1414   10.4470
    8.1914   10.4400
    8.2414   10.4240
    8.2914   10.4110
    8.3414   10.4060
    8.3914   10.4110
    8.4414   10.4240
    8.4914   10.4400
    8.5414   10.4470
    8.5914   10.4170
    8.6414   10.3110
    8.6915   10.1220
    8.7415    9.8980
    8.7915    9.7130
    8.8415    9.6420
    9.8415    9.6420
    9.8886    9.7320
    9.9357    9.9550
    9.9829   10.2190
   10.0300   10.4630
   10.0772   10.6760
   10.1243   10.8620
   10.1714   11.0270
   10.2186   11.0790
   10.2657   11.1650
   10.3129   11.2870
   10.3600   11.4380
   10.4071   11.6180
   10.4543   11.8190
   10.5014   12.0340
   10.5486   12.2310
   10.5957   12.0340
   10.6428   11.8190
   10.6900   11.6180
   10.7371   11.4380
   10.7843   11.2870
   10.8314   11.1650
   10.8785   11.0790
   10.9257   11.0270
   10.9728   10.8620
   11.0200   10.6760
   11.0671   10.4630
   11.1142   10.2190
   11.1614    9.9550
   11.2085    9.7320
   11.2557    9.6420
   13.4351   10.6080
   13.4784   10.6310
   13.5217   10.6890
   13.5650   10.7010
   13.6083   10.6670
   13.6516   10.6000
   13.6949   10.5150
   13.7382   10.4220
   13.7815   10.3270
   13.8248   10.2270
   13.8681   10.1290
   13.9114   10.0430
   13.9547    9.9630
   13.9980    9.8910
   14.0413    9.8280
   14.0846    9.7710
   14.1279    9.7270
   14.1712    9.6930
   14.2145    9.6690
   14.2578    9.6470
   14.3011    9.6420
   14.3511    9.7130
   14.4011    9.8980
   14.4511   10.1220
   14.5011   10.3110
   14.5511   10.4170
   14.6011   10.4470
   14.6511   10.4400
   14.7011   10.4240
   14.7511   10.4110
   14.8011   10.4060
   14.8511   10.4110
   14.9011   10.4240
   14.9511   10.4400
   15.0011   10.4470
   15.0511   10.4170
   15.1011   10.3110
   15.1511   10.1220
   15.2011    9.8980
   15.2511    9.7130
   15.3011    9.6420
   16.3011    9.6420
   16.3483    9.6770
   16.3954    9.7830
   16.4426    9.9270
   16.4897   10.0900
   16.5369   10.2280
   16.5840   10.2940
   16.6311   10.2760
   16.6783   10.1980
   16.7254   10.0760
   16.7726    9.9160
   16.8197    9.7180
   16.8668    9.4900
   16.9140    9.2600
   16.9611    9.0840
   17.0083    9.0170
   17.0554    9.0840
   17.1025    9.2600
   17.1497    9.4900
   17.1968    9.7180
   17.2440    9.9160
   17.2911   10.0760
   17.3382   10.1980
   17.3854   10.2760
   17.4325   10.2940
   17.4797   10.2280
   17.5268   10.0900
   17.5739    9.9270
   17.6211    9.7830
   17.6682    9.6770
   17.7154    9.6420
   18.7154    9.6420
   18.7587    9.7110
   18.8020    9.8880
   18.8453   10.0960
   18.8886   10.2220
   18.9319   10.2000
   18.9752   10.0790
   19.0185    9.9120
   19.0618    9.7320
   19.1051    9.5520
   19.1484    9.3790
   19.1917    9.2150
   19.2350    9.0660
   19.2783    8.9320
   19.3216    8.8120
   19.3649    8.7120
   19.4082    8.6290
   19.4515    8.5640
   19.4948    8.5190
   19.5381    8.4960
   19.5814    8.5080
   19.6314    8.4390
   19.6814    8.4000
   19.7314    8.3920
   19.7814    8.4080
   19.8314    8.4550
   19.8814    8.5210
   19.9314    8.6120
   19.9814    8.7260
   20.0314    8.8620
   20.0814    9.0170
   20.1314    9.1900
   20.1814    9.3760
   20.2314    9.5740
   20.2814    9.7770
   20.3314    9.9820
   20.3814   10.1750
   20.4314   10.3470
   20.4814   10.4850
   20.5314   10.5760
   20.5814   10.6080
   21.5814    8.5080
   21.6285    8.4900
   21.6757    8.5470
   21.7228    8.6750
   21.7699    8.8650
   21.8171    9.1090
   21.8642    9.3960
   21.9114    9.7200
   21.9585   10.0740
   22.0056   10.4520
   22.0528   10.8530
   22.0999   11.2720
   22.1471   11.1860
   22.1942   10.7830
   22.2413   10.5060
   22.2885   10.4060
   22.3356   10.5060
   22.3828   10.7830
   22.4299   11.1860
   22.4770   11.2720
   22.5242   10.8530
   22.5713   10.4520
   22.6185   10.0740
   22.6656    9.7200
   22.7127    9.3960
   22.7599    9.1090
   22.8070    8.8650
   22.8542    8.6750
   22.9013    8.5470
   22.9485    8.4900
   22.9956    8.5080
   24.4098    8.5080
   24.4531    8.4960
   24.4964    8.5190
   24.5397    8.5640
   24.5830    8.6290
   24.6263    8.7120
   24.6696    8.8120
   24.7129    8.9320
   24.7562    9.0660
   24.7995    9.2150
   24.8428    9.3790
   24.8861    9.5520
   24.9294    9.7320
   24.9727    9.9120
   25.0160   10.0790
   25.0593   10.2000
   25.1026   10.2220
   25.1459   10.0960
   25.1892    9.8880
   25.2325    9.7110
   25.2758    9.6420
   25.3258    9.7130
   25.3758    9.8980
   25.4258   10.1220
   25.4758   10.3110
   25.5258   10.4170
   25.5758   10.4470
   25.6258   10.4400
   25.6758   10.4240
   25.7258   10.4110
   25.7758   10.4060
   25.8258   10.4110
   25.8758   10.4240
   25.9258   10.4400
   25.9758   10.4470
   26.0258   10.4170
   26.0758   10.3110
   26.1258   10.1220
   26.1758    9.8980
   26.2258    9.7130
   26.2758    9.6420
   27.2758    9.6420
   27.3229    9.6770
   27.3701    9.7830
   27.4172    9.9270
   27.4644   10.0900
   27.5115   10.2280
   27.5586   10.2940
   27.6058   10.2760
   27.6529   10.1980
   27.7001   10.0760
   27.7472    9.9160
   27.7944    9.7180
   27.8415    9.4900
   27.8886    9.2600
   27.9358    9.0840
   27.9829    9.0170
   28.0301    9.0840
   28.0772    9.2600
   28.1243    9.4900
   28.1715    9.7180
   28.2186    9.9160
   28.2658   10.0760
   28.3129   10.1980
   28.3600   10.2760
   28.4072   10.2940
   28.4543   10.2280
   28.5015   10.0900
   28.5486    9.9270
   28.5957    9.7830
   28.6429    9.6770
   28.6900    9.6420
   29.6900    9.6420
   29.7333    9.7110
   29.7766    9.8880
   29.8199   10.0960
   29.8632   10.2220
   29.9065   10.2000
   29.9498   10.0790
   29.9931    9.9120
   30.0364    9.7320
   30.0797    9.5520
   30.1230    9.3790
   30.1663    9.2150
   30.2096    9.0660
   30.2529    8.9320
   30.2962    8.8120
   30.3395    8.7120
   30.3828    8.6290
   30.4261    8.5640
   30.4694    8.5190
   30.5127    8.4960
   30.5560    8.5080
   30.6060    8.5760
   30.6560    8.7700
   30.7060    9.0670
   30.7560    9.4410
   30.8060    9.8770
   30.8560   10.3540
   30.9060   10.8660
   30.9560   11.3990
   31.0060   11.9220
   31.0560   12.2310
   31.1060   11.9220
   31.1560   11.3990
   31.2060   10.8660
   31.2560   10.3540
   31.3060    9.8770
   31.3560    9.4410
   31.4060    9.0670
   31.4560    8.7700
   31.5060    8.5760
   31.5560    8.5080
   32.5560    8.5080
   32.6032    8.4900
   32.6503    8.5470
   32.6974    8.6750
   32.7446    8.8650
   32.7917    9.1090
   32.8389    9.3960
   32.8860    9.7200
   32.9331   10.0740
   32.9803   10.4520
   33.0274   10.8530
   33.0746   11.2720
   33.1217   11.1860
   33.1688   10.7830
   33.2160   10.5060
   33.2631   10.4060
   33.3103   10.5060
   33.3574   10.7830
   33.4045   11.1860
   33.4517   11.2720
   33.4988   10.8530
   33.5460   10.4520
   33.5931   10.0740
   33.6402    9.7200
   33.6874    9.3960
   33.7345    9.1090
   33.7817    8.8650
   33.8288    8.6750
   33.8759    8.5470
   33.9231    8.4900
   33.9702    8.5080
   36.1497    9.6420
   36.1930    9.7110
   36.2363    9.8880
   36.2796   10.0960
   36.3229   10.2220
   36.3662   10.2000
   36.4095   10.0790
   36.4528    9.9120
   36.4961    9.7320
   36.5394    9.5520
   36.5827    9.3790
   36.6260    9.2150
   36.6693    9.0660
   36.7126    8.9320
   36.7559    8.8120
   36.7992    8.7120
   36.8425    8.6290
   36.8858    8.5640
   36.9291    8.5190
   36.9724    8.4960
   37.0157    8.5080
   37.0657    8.5760
   37.1157    8.7700
   37.1657    9.0670
   37.2157    9.4410
   37.2657    9.8770
   37.3157   10.3540
   37.3657   10.8660
   37.4157   11.3990
   37.4657   11.9220
   37.5157   12.2310
   37.5657   11.9220
   37.6157   11.3990
   37.6657   10.8660
   37.7157   10.3540
   37.7657    9.8770
   37.8157    9.4410
   37.8657    9.0670
   37.9157    8.7700
   37.9657    8.5760
   38.0157    8.5080
   39.0157   10.6080
   39.0628   10.6180
   39.1099   10.6480
   39.1571   10.6990
   39.2042   10.7710
   39.2514   10.8630
   39.2985   10.9750
   39.3456   11.1070
   39.3928   11.1910
   39.4399   11.1880
   39.4870   11.1470
   39.5342   11.0660
   39.5813   10.9440
   39.6285   10.7860
   39.6756   10.6030
   39.7227   10.4060
   39.7699   10.2010
   39.8170    9.9960
   39.8642    9.7960
   39.9113    9.6040
   39.9584    9.4240
   40.0056    9.2550
   40.0527    9.1030
   40.0999    8.9660
   40.1470    8.8470
   40.1941    8.7420
   40.2413    8.6590
   40.2884    8.5930
   40.3356    8.5460
   40.3827    8.5180
   40.4298    8.5080
   41.4298    8.5080
   41.4731    8.4960
   41.5164    8.5190
   41.5597    8.5640
   41.6030    8.6290
   41.6463    8.7120
   41.6896    8.8120
   41.7329    8.9320
   41.7762    9.0660
   41.8195    9.2150
   41.8628    9.3790
   41.9061    9.5520
   41.9494    9.7320
   41.9927    9.9120
   42.0360   10.0790
   42.0793   10.2000
   42.1227   10.2220
   42.1660   10.0960
   42.2093    9.8880
   42.2526    9.7110
   42.2959    9.6420
   42.3459    9.7130
   42.3959    9.8980
   42.4459   10.1220
   42.4958   10.3110
   42.5458   10.4170
   42.5958   10.4470
   42.6458   10.4400
   42.6958   10.4240
   42.7458   10.4110
   42.7958   10.4060
   42.8458   10.4110
   42.8958   10.4240
   42.9458   10.4400
   42.9958   10.4470
   43.0458   10.4170
   43.0958   10.3110
   43.1458   10.1220
   43.1958    9.8980
   43.2458    9.7130
   43.2958    9.6420
   44.2958    9.6420
   44.3430    9.7320
   44.3901    9.9550
   44.4373   10.2190
   44.4844   10.4630
   44.5315   10.6760
   44.5787   10.8620
   44.6258   11.0270
   44.6730   11.0790
   44.7201   11.1650
   44.7672   11.2870
   44.8144   11.4380
   44.8615   11.6180
   44.9086   11.8190
   44.9558   12.0340
   45.0029   12.2310
   45.0501   12.0340
   45.0972   11.8190
   45.1443   11.6180
   45.1915   11.4380
   45.2386   11.2870
   45.2858   11.1650
   45.3329   11.0790
   45.3800   11.0270
   45.4272   10.8620
   45.4743   10.6760
   45.5215   10.4630
   45.5686   10.2190
   45.6157    9.9550
   45.6629    9.7320
   45.7100    9.6420
 
    0.0000   10.9860
    0.8660   11.8620
    1.6952   11.3170
    1.7385   11.3230
    1.7818   11.3420
    1.8251   11.3710
    1.8684   11.4120
    1.9117   11.4560
    1.9550   11.5020
    1.9983   11.5450
    2.0416   11.5770
    2.0849   11.5900
    2.1282   11.5750
    2.1715   11.5310
    2.2148   11.4520
    2.2581   11.3430
    2.3014   11.2120
    2.3447   11.0700
    2.3880   10.9290
    2.4313   10.8010
    2.4746   10.6980
    2.5179   10.6310
    2.5612   10.6080
    2.6112   10.6770
    2.6612   10.8690
    2.7112   11.1470
    2.7612   11.4810
    2.8112   11.8520
    2.8612   12.2490
    2.9112   12.2180
    2.9612   11.8200
    3.0112   11.4010
    3.0612   10.9870
    3.1112   10.5930
    3.1612   10.2280
    3.2112    9.8940
    3.2612    9.5960
    3.3112    9.3310
    3.3612    9.0990
    3.4112    8.9020
    3.4612    8.7390
    3.5112    8.6080
    3.5612    8.5080
    4.5612    8.5080
    4.6083    8.6190
    4.6555    8.9210
    4.7026    9.3590
    4.7498    9.8870
    4.7969   10.4760
    4.8441   11.1130
    4.8912   11.7780
    4.9383   12.4650
    4.9855   13.1570
    5.0326   13.8220
    5.0798   14.2150
    5.1269   13.8540
    5.1740   13.5110
    5.2212   13.1830
    5.2683   12.8750
    5.3155   12.5860
    5.3626   12.3150
    5.4097   12.0660
    5.4569   11.8320
    5.5040   11.6200
    5.5512   11.4320
    5.5983   11.2590
    5.6454   11.1680
    5.6926   11.1230
    5.7397   11.0620
    5.7869   10.9230
    5.8340   10.8000
    5.8811   10.7000
    5.9283   10.6320
    5.9754   10.6080
    6.9754    8.5080
    7.0187    8.5970
    7.0620    8.7910
    7.1053    9.0810
    7.1486    9.4430
    7.1919    9.8600
    7.2352   10.3190
    7.2785   10.8140
    7.3218   11.3340
    7.3651   11.8760
    7.4084   12.4280
    7.4517   12.9310
    7.4950   12.8130
    7.5383   12.3700
    7.5816   11.9400
    7.6249   11.5640
    7.6682   11.3100
    7.7115   11.2260
    7.7548   11.2510
    7.7981   11.2970
    7.8414   11.3170
    7.8914   11.3130
    7.9414   11.3100
    7.9914   11.3330
    8.0414   11.4320
    8.0914   11.6450
    8.1414   11.9550
    8.1914   12.3200
    8.2414   12.5900
    8.2914   12.7910
    8.3414   12.8750
    8.3914   12.7910
    8.4414   12.5900
    8.4914   12.3200
    8.5414   11.9550
    8.5914   11.6450
    8.6414   11.4320
    8.6915   11.3330
    8.7415   11.3100
    8.7915   11.3130
    8.8415   11.3170
    9.8415   11.3170
    9.8886   11.2950
    9.9357   11.2380
    9.9829   11.1600
   10.0300   11.0860
   10.0772   11.0340
   10.1243   11.0130
   10.1714   11.0390
   10.2186   11.2200
   10.2657   11.4070
   10.3129   11.6060
   10.3600   11.8140
   10.4071   12.0300
   10.4543   12.2250
   10.5014   12.3280
   10.5486   12.2310
   10.5957   12.3280
   10.6428   12.2250
   10.6900   12.0300
   10.7371   11.8140
   10.7843   11.6060
   10.8314   11.4070
   10.8785   11.2200
   10.9257   11.0390
   10.9728   11.0130
   11.0200   11.0340
   11.0671   11.0860
   11.1142   11.1600
   11.1614   11.2380
   11.2085   11.2950
   11.2557   11.3170
   13.4351   10.6080
   13.4784   10.6310
   13.5217   10.6980
   13.5650   10.8010
   13.6083   10.9290
   13.6516   11.0700
   13.6949   11.2120
   13.7382   11.3430
   13.7815   11.4520
   13.8248   11.5310
   13.8681   11.5750
   13.9114   11.5900
   13.9547   11.5770
   13.9980   11.5450
   14.0413   11.5020
   14.0846   11.4560
   14.1279   11.4120
   14.1712   11.3710
   14.2145   11.3420
   14.2578   11.3230
   14.3011   11.3170
   14.3511   11.3130
   14.4011   11.3100
   14.4511   11.3330
   14.5011   11.4320
   14.5511   11.6450
   14.6011   11.9550
   14.6511   12.3200
   14.7011   12.5900
   14.7511   12.7910
   14.8011   12.8750
   14.8511   12.7910
   14.9011   12.5900
   14.9511   12.3200
   15.0011   11.9550
   15.0511   11.6450
   15.1011   11.4320
   15.1511   11.3330
   15.2011   11.3100
   15.2511   11.3130
   15.3011   11.3170
   16.3011   11.3170
   16.3483   11.3060
   16.3954   11.2770
   16.4426   11.2420
   16.4897   11.2230
   16.5369   11.2540
   16.5840   11.3800
   16.6311   11.6060
   16.6783   11.9020
   16.7254   12.2260
   16.7726   12.0560
   16.8197   11.6500
   16.8668   11.3420
   16.9140   11.1370
   16.9611   11.0230
   17.0083   10.9870
   17.0554   11.0230
   17.1025   11.1370
   17.1497   11.3420
   17.1968   11.6500
   17.2440   12.0560
   17.2911   12.2260
   17.3382   11.9020
   17.3854   11.6060
   17.4325   11.3800
   17.4797   11.2540
   17.5268   11.2230
   17.5739   11.2420
   17.6211   11.2770
   17.6682   11.3060
   17.7154   11.3170
   18.7154   11.3170
   18.7587   11.2970
   18.8020   11.2510
   18.8453   11.2260
   18.8886   11.3100
   18.9319   11.5640
   18.9752   11.9400
   19.0185   12.3700
   19.0618   12.8130
   19.1051   12.9310
   19.1484   12.4280
   19.1917   11.8760
   19.2350   11.3340
   19.2783   10.8140
   19.3216   10.3190
   19.3649    9.8600
   19.4082    9.4430
   19.4515    9.0810
   19.4948    8.7910
   19.5381    8.5970
   19.5814    8.5080
   19.6314    8.6080
   19.6814    8.7390
   19.7314    8.9020
   19.7814    9.0990
   19.8314    9.3310
   19.8814    9.5960
   19.9314    9.8940
   19.9814   10.2280
   20.0314   10.5930
   20.0814   10.9870
   20.1314   11.4010
   20.1814   11.8200
   20.2314   12.2180
   20.2814   12.2490
   20.3314   11.8520
   20.3814   11.4810
   20.4314   11.1470
   20.4814   10.8690
   20.5314   10.6770
   20.5814   10.6080
   21.5814    8.5080
   21.6285    8.6010
   21.6757    8.7630
   21.7228    8.9860
   21.7699    9.2580
   21.8171    9.5770
   21.8642    9.9320
   21.9114   10.3210
   21.9585   10.7370
   22.0056   11.1740
   22.0528   11.6090
   22.0999   11.6410
   22.1471   11.7020
   22.1942   12.1390
   22.2413   12.5730
   22.2885   12.8750
   22.3356   12.5730
   22.3828   12.1390
   22.4299   11.7020
   22.4770   11.6410
   22.5242   11.6090
   22.5713   11.1740
   22.6185   10.7370
   22.6656   10.3210
   22.7127    9.9320
   22.7599    9.5770
   22.8070    9.2580
   22.8542    8.9860
   22.9013    8.7630
   22.9485    8.6010
   22.9956    8.5080
   24.4098    8.5080
   24.4531    8.5970
   24.4964    8.7910
   24.5397    9.0810
   24.5830    9.4430
   24.6263    9.8600
   24.6696   10.3190
   24.7129   10.8140
   24.7562   11.3340
   24.7995   11.8760
   24.8428   12.4280
   24.8861   12.9310
   24.9294   12.8130
   24.9727   12.3700
   25.0160   11.9400
   25.0593   11.5640
   25.1026   11.3100
   25.1459   11.2260
   25.1892   11.2510
   25.2325   11.2970
   25.2758   11.3170
   25.3258   11.3130
   25.3758   11.3100
   25.4258   11.3330
   25.4758   11.4320
   25.5258   11.6450
   25.5758   11.9550
   25.6258   12.3200
   25.6758   12.5900
   25.7258   12.7910
   25.7758   12.8750
   25.8258   12.7910
   25.8758   12.5900
   25.9258   12.3200
   25.9758   11.9550
   26.0258   11.6450
   26.0758   11.4320
   26.1258   11.3330
   26.1758   11.3100
   26.2258   11.3130
   26.2758   11.3170
   27.2758   11.3170
   27.3229   11.3060
   27.3701   11.2770
   27.4172   11.2420
   27.4644   11.2230
   27.5115   11.2540
   27.5586   11.3800
   27.6058   11.6060
   27.6529   11.9020
   27.7001   12.2260
   27.7472   12.0560
   27.7944   11.6500
   27.8415   11.3420
   27.8886   11.1370
   27.9358   11.0230
   27.9829   10.9870
   28.0301   11.0230
   28.0772   11.1370
   28.1243   11.3420
   28.1715   11.6500
   28.2186   12.0560
   28.2658   12.2260
   28.3129   11.9020
   28.3600   11.6060
   28.4072   11.3800
   28.4543   11.2540
   28.5015   11.2230
   28.5486   11.2420
   28.5957   11.2770
   28.6429   11.3060
   28.6900   11.3170
   29.6900   11.3170
   29.7333   11.2970
   29.7766   11.2510
   29.8199   11.2260
   29.8632   11.3100
   29.9065   11.5640
   29.9498   11.9400
   29.9931   12.3700
   30.0364   12.8130
   30.0797   12.9310
   30.1230   12.4280
   30.1663   11.8760
   30.2096   11.3340
   30.2529   10.8140
   30.2962   10.3190
   30.3395    9.8600
   30.3828    9.4430
   30.4261    9.0810
   30.4694    8.7910
   30.5127    8.5970
   30.5560    8.5080
   30.6060    8.5760
   30.6560    8.7700
   30.7060    9.0670
   30.7560    9.4410
   30.8060    9.8770
   30.8560   10.3540
   30.9060   10.8660
   30.9560   11.3990
   31.0060   11.9220
   31.0560   12.2310
   31.1060   11.9220
   31.1560   11.3990
   31.2060   10.8660
   31.2560   10.3540
   31.3060    9.8770
   31.3560    9.4410
   31.4060    9.0670
   31.4560    8.7700
   31.5060    8.5760
   31.5560    8.5080
   32.5560    8.5080
   32.6032    8.6010
   32.6503    8.7630
   32.6974    8.9860
   32.7446    9.2580
   32.7917    9.5770
   32.8389    9.9320
   32.8860   10.3210
   32.9331   10.7370
   32.9803   11.1740
   33.0274   11.6090
   33.0746   11.6410
   33.1217   11.7020
   33.1688   12.1390
   33.2160   12.5730
   33.2631   12.8750
   33.3103   12.5730
   33.3574   12.1390
   33.4045   11.7020
   33.4517   11.6410
   33.4988   11.6090
   33.5460   11.1740
   33.5931   10.7370
   33.6402   10.3210
   33.6874    9.9320
   33.7345    9.5770
   33.7817    9.2580
   33.8288    8.9860
   33.8759    8.7630
   33.9231    8.6010
   33.9702    8.5080
   36.1497   11.3170
   36.1930   11.2970
   36.2363   11.2510
   36.2796   11.2260
   36.3229   11.3100
   36.3662   11.5640
   36.4095   11.9400
   36.4528   12.3700
   36.4961   12.8130
   36.5394   12.9310
   36.5827   12.4280
   36.6260   11.8760
   36.6693   11.3340
   36.7126   10.8140
   36.7559   10.3190
   36.7992    9.8600
   36.8425    9.4430
   36.8858    9.0810
   36.9291    8.7910
   36.9724    8.5970
   37.0157    8.5080
   37.0657    8.5760
   37.1157    8.7700
   37.1657    9.0670
   37.2157    9.4410
   37.2657    9.8770
   37.3157   10.3540
   37.3657   10.8660
   37.4157   11.3990
   37.4657   11.9220
   37.5157   12.2310
   37.5657   11.9220
   37.6157   11.3990
   37.6657   10.8660
   37.7157   10.3540
   37.7657    9.8770
   37.8157    9.4410
   37.8657    9.0670
   37.9157    8.7700
   37.9657    8.5760
   38.0157    8.5080
   39.0157   10.6080
   39.0628   10.6320
   39.1099   10.7000
   39.1571   10.8000
   39.2042   10.9230
   39.2514   11.0620
   39.2985   11.1230
   39.3456   11.1680
   39.3928   11.2590
   39.4399   11.4320
   39.4870   11.6200
   39.5342   11.8320
   39.5813   12.0660
   39.6285   12.3150
   39.6756   12.5860
   39.7227   12.8750
   39.7699   13.1830
   39.8170   13.5110
   39.8642   13.8540
   39.9113   14.2150
   39.9584   13.8220
   40.0056   13.1570
   40.0527   12.4650
   40.0999   11.7780
   40.1470   11.1130
   40.1941   10.4760
   40.2413    9.8870
   40.2884    9.3590
   40.3356    8.9210
   40.3827    8.6190
   40.4298    8.5080
   41.4298    8.5080
   41.4731    8.5970
   41.5164    8.7910
   41.5597    9.0810
   41.6030    9.4430
   41.6463    9.8600
   41.6896   10.3190
   41.7329   10.8140
   41.7762   11.3340
   41.8195   11.8760
   41.8628   12.4280
   41.9061   12.9310
   41.9494   12.8130
   41.9927   12.3700
   42.0360   11.9400
   42.0793   11.5640
   42.1227   11.3100
   42.1660   11.2260
   42.2093   11.2510
   42.2526   11.2970
   42.2959   11.3170
   42.3459   11.3130
   42.3959   11.3100
   42.4459   11.3330
   42.4958   11.4320
   42.5458   11.6450
   42.5958   11.9550
   42.6458   12.3200
   42.6958   12.5900
   42.7458   12.7910
   42.7958   12.8750
   42.8458   12.7910
   42.8958   12.5900
   42.9458   12.3200
   42.9958   11.9550
   43.0458   11.6450
   43.0958   11.4320
   43.1458   11.3330
   43.1958   11.3100
   43.2458   11.3130
   43.2958   11.3170
   44.2958   11.3170
   44.3430   11.2950
   44.3901   11.2380
   44.4373   11.1600
   44.4844   11.0860
   44.5315   11.0340
   44.5787   11.0130
   44.6258   11.0390
   44.6730   11.2200
   44.7201   11.4070
   44.7672   11.6060
   44.8144   11.8140
   44.8615   12.0300
   44.9086   12.2250
   44.9558   12.3280
   45.0029   12.2310
   45.0501   12.3280
   45.0972   12.2250
   45.1443   12.0300
   45.1915   11.8140
   45.2386   11.6060
   45.2858   11.4070
   45.3329   11.2200
   45.3800   11.0390
   45.4272   11.0130
   45.4743   11.0340
   45.5215   11.0860
   45.5686   11.1600
   45.6157   11.2380
   45.6629   11.2950
   45.7100   11.3170
 
    0.0000   11.0820
    0.8660   13.3530
    1.6952   11.3170
    1.7385   11.3230
    1.7818   11.3420
    1.8251   11.3710
    1.8684   11.4120
    1.9117   11.4560
    1.9550   11.5020
    1.9983   11.5450
    2.0416   11.5770
    2.0849   11.5900
    2.1282   11.5750
    2.1715   11.5310
    2.2148   11.4520
    2.2581   11.3430
    2.3014   11.2120
    2.3447   11.0700
    2.3880   10.9290
    2.4313   10.8010
    2.4746   10.6980
    2.5179   10.6380
    2.5612   10.6080
    2.6112   10.6770
    2.6612   10.8690
    2.7112   11.1470
    2.7612   11.4810
    2.8112   11.8520
    2.8612   12.2490
    2.9112   12.6640
    2.9612   13.0850
    3.0112   13.5240
    3.0612   13.9680
    3.1112   14.4190
    3.1612   14.8750
    3.2112   15.3310
    3.2612   15.7980
    3.3112   16.2690
    3.3612   16.7380
    3.4112   17.2070
    3.4612   17.6630
    3.5112   18.0770
    3.5612   18.2900
    4.5612   18.2900
    4.6083   18.1810
    4.6555   17.9020
    4.7026   17.5260
    4.7498   17.1100
    4.7969   16.6780
    4.8441   16.2480
    4.8912   15.8140
    4.9383   15.3940
    4.9855   14.9850
    5.0326   14.5930
    5.0798   14.2550
    5.1269   14.1640
    5.1740   13.8770
    5.2212   13.5660
    5.2683   13.2620
    5.3155   12.9700
    5.3626   12.6950
    5.4097   12.4390
    5.4569   12.1940
    5.5040   11.9660
    5.5512   11.7570
    5.5983   11.5590
    5.6454   11.3790
    5.6926   11.2140
    5.7397   11.0660
    5.7869   10.9940
    5.8340   10.9030
    5.8811   10.7870
    5.9283   10.6650
    5.9754   10.6080
    6.9754   18.2900
    7.0187   18.1670
    7.0620   17.8470
    7.1053   17.4160
    7.1486   16.9380
    7.1919   16.4340
    7.2352   15.9370
    7.2785   15.4390
    7.3218   14.9520
    7.3651   14.4310
    7.4084   13.9200
    7.4517   13.4830
    7.4950   13.1800
    7.5383   12.7990
    7.5816   12.4490
    7.6249   12.1320
    7.6682   11.8570
    7.7115   11.6310
    7.7548   11.4590
    7.7981   11.3530
    7.8414   11.3170
    7.8914   11.3410
    7.9414   11.4120
    7.9914   11.5280
    8.0414   11.6860
    8.0914   11.8840
    8.1414   12.1070
    8.1914   12.3490
    8.2414   12.7080
    8.2914   13.0730
    8.3414   13.2620
    8.3914   13.0730
    8.4414   12.7080
    8.4914   12.3490
    8.5414   12.1070
    8.5914   11.8840
    8.6414   11.6860
    8.6915   11.5280
    8.7415   11.4120
    8.7915   11.3410
    8.8415   11.3170
    9.8415   11.3170
    9.8886   11.3590
    9.9357   11.4920
    9.9829   11.7360
   10.0300   12.1010
   10.0772   12.5760
   10.1243   13.1270
   10.1714   13.7360
   10.2186   14.3830
   10.2657   14.5390
   10.3129   14.1450
   10.3600   13.7710
   10.4071   13.4360
   10.4543   13.1530
   10.5014   13.0030
   10.5486   13.0870
   10.5957   13.0030
   10.6428   13.1530
   10.6900   13.4360
   10.7371   13.7710
   10.7843   14.1450
   10.8314   14.5390
   10.8785   14.3830
   10.9257   13.7360
   10.9728   13.1270
   11.0200   12.5760
   11.0671   12.1010
   11.1142   11.7360
   11.1614   11.4920
   11.2085   11.3590
   11.2557   11.3170
   13.4351   10.6080
   13.4784   10.6380
   13.5217   10.6980
   13.5650   10.8010
   13.6083   10.9290
   13.6516   11.0700
   13.6949   11.2120
   13.7382   11.3430
   13.7815   11.4520
   13.8248   11.5310
   13.8681   11.5750
   13.9114   11.5900
   13.9547   11.5770
   13.9980   11.5450
   14.0413   11.5020
   14.0846   11.4560
   14.1279   11.4120
   14.1712   11.3710
   14.2145   11.3420
   14.2578   11.3230
   14.3011   11.3170
   14.3511   11.3410
   14.4011   11.4120
   14.4511   11.5280
   14.5011   11.6860
   14.5511   11.8840
   14.6011   12.1070
   14.6511   12.3490
   14.7011   12.7080
   14.7511   13.0730
   14.8011   13.2620
   14.8511   13.0730
   14.9011   12.7080
   14.9511   12.3490
   15.0011   12.1070
   15.0511   11.8840
   15.1011   11.6860
   15.1511   11.5280
   15.2011   11.4120
   15.2511   11.3410
   15.3011   11.3170
   16.3011   11.3170
   16.3483   11.3440
   16.3954   11.4230
   16.4426   11.5530
   16.4897   11.7230
   16.5369   11.9300
   16.5840   12.1630
   16.6311   12.4190
   16.6783   12.6870
   16.7254   12.5980
   16.7726   12.6270
   16.8197   12.9840
   16.8668   13.3370
   16.9140   13.6520
   16.9611   13.8810
   17.0083   13.9680
   17.0554   13.8810
   17.1025   13.6520
   17.1497   13.3370
   17.1968   12.9840
   17.2440   12.6270
   17.2911   12.5980
   17.3382   12.6870
   17.3854   12.4190
   17.4325   12.1630
   17.4797   11.9300
   17.5268   11.7230
   17.5739   11.5530
   17.6211   11.4230
   17.6682   11.3440
   17.7154   11.3170
   18.7154   11.3170
   18.7587   11.3530
   18.8020   11.4590
   18.8453   11.6310
   18.8886   11.8570
   18.9319   12.1320
   18.9752   12.4490
   19.0185   12.7990
   19.0618   13.1800
   19.1051   13.4830
   19.1484   13.9200
   19.1917   14.4310
   19.2350   14.9520
   19.2783   15.4390
   19.3216   15.9370
   19.3649   16.4340
   19.4082   16.9380
   19.4515   17.4160
   19.4948   17.8470
   19.5381   18.1670
   19.5814   18.2900
   19.6314   18.0770
   19.6814   17.6630
   19.7314   17.2070
   19.7814   16.7380
   19.8314   16.2690
   19.8814   15.7980
   19.9314   15.3310
   19.9814   14.8750
   20.0314   14.4190
   20.0814   13.9680
   20.1314   13.5240
   20.1814   13.0850
   20.2314   12.6640
   20.2814   12.2490
   20.3314   11.8520
   20.3814   11.4810
   20.4314   11.1470
   20.4814   10.8690
   20.5314   10.6770
   20.5814   10.6080
   21.5814   18.2900
   21.6285   18.1100
   21.6757   17.6230
   21.7228   16.9900
   21.7699   16.3040
   21.8171   15.6040
   21.8642   14.9040
   21.9114   14.2170
   21.9585   13.5500
   22.0056   12.9150
   22.0528   12.3390
   22.0999   12.2370
   22.1471   12.6980
   22.1942   13.2180
   22.2413   13.5630
   22.2885   13.2620
   22.3356   13.5630
   22.3828   13.2180
   22.4299   12.6980
   22.4770   12.2370
   22.5242   12.3390
   22.5713   12.9150
   22.6185   13.5500
   22.6656   14.2170
   22.7127   14.9040
   22.7599   15.6040
   22.8070   16.3040
   22.8542   16.9900
   22.9013   17.6230
   22.9485   18.1100
   22.9956   18.2900
   24.4098   18.2900
   24.4531   18.1670
   24.4964   17.8470
   24.5397   17.4160
   24.5830   16.9380
   24.6263   16.4340
   24.6696   15.9370
   24.7129   15.4390
   24.7562   14.9520
   24.7995   14.4310
   24.8428   13.9200
   24.8861   13.4830
   24.9294   13.1800
   24.9727   12.7990
   25.0160   12.4490
   25.0593   12.1320
   25.1026   11.8570
   25.1459   11.6310
   25.1892   11.4590
   25.2325   11.3530
   25.2758   11.3170
   25.3258   11.3410
   25.3758   11.4120
   25.4258   11.5280
   25.4758   11.6860
   25.5258   11.8840
   25.5758   12.1070
   25.6258   12.3490
   25.6758   12.7080
   25.7258   13.0730
   25.7758   13.2620
   25.8258   13.0730
   25.8758   12.7080
   25.9258   12.3490
   25.9758   12.1070
   26.0258   11.8840
   26.0758   11.6860
   26.1258   11.5280
   26.1758   11.4120
   26.2258   11.3410
   26.2758   11.3170
   27.2758   11.3170
   27.3229   11.3440
   27.3701   11.4230
   27.4172   11.5530
   27.4644   11.7230
   27.5115   11.9300
   27.5586   12.1630
   27.6058   12.4190
   27.6529   12.6870
   27.7001   12.5980
   27.7472   12.6270
   27.7944   12.9840
   27.8415   13.3370
   27.8886   13.6520
   27.9358   13.8810
   27.9829   13.9680
   28.0301   13.8810
   28.0772   13.6520
   28.1243   13.3370
   28.1715   12.9840
   28.2186   12.6270
   28.2658   12.5980
   28.3129   12.6870
   28.3600   12.4190
   28.4072   12.1630
   28.4543   11.9300
   28.5015   11.7230
   28.5486   11.5530
   28.5957   11.4230
   28.6429   11.3440
   28.6900   11.3170
   29.6900   11.3170
   29.7333   11.3530
   29.7766   11.4590
   29.8199   11.6310
   29.8632   11.8570
   29.9065   12.1320
   29.9498   12.4490
   29.9931   12.7990
   30.0364   13.1800
   30.0797   13.4830
   30.1230   13.9200
   30.1663   14.4310
   30.2096   14.9520
   30.2529   15.4390
   30.2962   15.9370
   30.3395   16.4340
   30.3828   16.9380
   30.4261   17.4160
   30.4694   17.8470
   30.5127   18.1670
   30.5560   18.2900
   30.6060   18.1840
   30.6560   17.8300
   30.7060   17.2760
   30.7560   16.6420
   30.8060   15.9800
   30.8560   15.3100
   30.9060   14.6500
   30.9560   14.0110
   31.0060   13.4250
   31.0560   13.0870
   31.1060   13.4250
   31.1560   14.0110
   31.2060   14.6500
   31.2560   15.3100
   31.3060   15.9800
   31.3560   16.6420
   31.4060   17.2760
   31.4560   17.8300
   31.5060   18.1840
   31.5560   18.2900
   32.5560   18.2900
   32.6032   18.1100
   32.6503   17.6230
   32.6974   16.9900
   32.7446   16.3040
   32.7917   15.6040
   32.8389   14.9040
   32.8860   14.2170
   32.9331   13.5500
   32.9803   12.9150
   33.0274   12.3390
   33.0746   12.2370
   33.1217   12.6980
   33.1688   13.2180
   33.2160   13.5630
   33.2631   13.2620
   33.3103   13.5630
   33.3574   13.2180
   33.4045   12.6980
   33.4517   12.2370
   33.4988   12.3390
   33.5460   12.9150
   33.5931   13.5500
   33.6402   14.2170
   33.6874   14.9040
   33.7345   15.6040
   33.7817   16.3040
   33.8288   16.9900
   33.8759   17.6230
   33.9231   18.1100
   33.9702   18.2900
   36.1497   11.3170
   36.1930   11.3530
   36.2363   11.4590
   36.2796   11.6310
   36.3229   11.8570
   36.3662   12.1320
   36.4095   12.4490
   36.4528   12.7990
   36.4961   13.1800
   36.5394   13.4830
   36.5827   13.9200
   36.6260   14.4310
   36.6693   14.9520
   36.7126   15.4390
   36.7559   15.9370
   36.7992   16.4340
   36.8425   16.9380
   36.8858   17.4160
   36.9291   17.8470
   36.9724   18.1670
   37.0157   18.2900
   37.0657   18.1840
   37.1157   17.8300
   37.1657   17.2760
   37.2157   16.6420
   37.2657   15.9800
   37.3157   15.3100
   37.3657   14.6500
   37.4157   14.0110
   37.4657   13.4250
   37.5157   13.0870
   37.5657   13.4250
   37.6157   14.0110
   37.6657   14.6500
   37.7157   15.3100
   37.7657   15.9800
   37.8157   16.6420
   37.8657   17.2760
   37.9157   17.8300
   37.9657   18.1840
   38.0157   18.2900
   39.0157   10.6080
   39.0628   10.6650
   39.1099   10.7870
   39.1571   10.9030
   39.2042   10.9940
   39.2514   11.0660
   39.2985   11.2140
   39.3456   11.3790
   39.3928   11.5590
   39.4399   11.7570
   39.4870   11.9660
   39.5342   12.1940
   39.5813   12.4390
   39.6285   12.6950
   39.6756   12.9700
   39.7227   13.2620
   39.7699   13.5660
   39.8170   13.8770
   39.8642   14.1640
   39.9113   14.2550
   39.9584   14.5930
   40.0056   14.9850
   40.0527   15.3940
   40.0999   15.8140
   40.1470   16.2480
   40.1941   16.6780
   40.2413   17.1100
   40.2884   17.5260
   40.3356   17.9020
   40.3827   18.1810
   40.4298   18.2900
   41.4298   18.2900
   41.4731   18.1670
   41.5164   17.8470
   41.5597   17.4160
   41.6030   16.9380
   41.6463   16.4340
   41.6896   15.9370
   41.7329   15.4390
   41.7762   14.9520
   41.8195   14.4310
   41.8628   13.9200
   41.9061   13.4830
   41.9494   13.1800
   41.9927   12.7990
   42.0360   12.4490
   42.0793   12.1320
   42.1227   11.8570
   42.1660   11.6310
   42.2093   11.4590
   42.2526   11.3530
   42.2959   11.3170
   42.3459   11.3410
   42.3959   11.4120
   42.4459   11.5280
   42.4958   11.6860
   42.5458   11.8840
   42.5958   12.1070
   42.6458   12.3490
   42.6958   12.7080
   42.7458   13.0730
   42.7958   13.2620
   42.8458   13.0730
   42.8958   12.7080
   42.9458   12.3490
   42.9958   12.1070
   43.0458   11.8840
   43.0958   11.6860
   43.1458   11.5280
   43.1958   11.4120
   43.2458   11.3410
   43.2958   11.3170
   44.2958   11.3170
   44.3430   11.3590
   44.3901   11.4920
   44.4373   11.7360
   44.4844   12.1010
   44.5315   12.5760
   44.5787   13.1270
   44.6258   13.7360
   44.6730   14.3830
   44.7201   14.5390
   44.7672   14.1450
   44.8144   13.7710
   44.8615   13.4360
   44.9086   13.1530
   44.9558   13.0030
   45.0029   13.0870
   45.0501   13.0030
   45.0972   13.1530
   45.1443   13.4360
   45.1915   13.7710
   45.2386   14.1450
   45.2858   14.5390
   45.3329   14.3830
   45.3800   13.7360
   45.4272   13.1270
   45.4743   12.5760
   45.5215   12.1010
   45.5686   11.7360
   45.6157   11.4920
   45.6629   11.3590
   45.7100   11.3170
 
    0.0000   14.5540
    0.8660   13.4640
    1.6952   15.2610
    1.7385   15.2700
    1.7818   15.2990
    1.8251   15.3440
    1.8684   15.4050
    1.9117   15.4760
    1.9550   15.5470
    1.9983   15.5890
    2.0416   15.5490
    2.0849   15.3640
    2.1282   15.0490
    2.1715   14.6700
    2.2148   14.2600
    2.2581   13.8360
    2.3014   13.4070
    2.3447   12.9810
    2.3880   12.5740
    2.4313   12.2070
    2.4746   11.9180
    2.5179   11.7420
    2.5612   11.6860
    2.6112   11.7580
    2.6612   11.9510
    2.7112   12.2140
    2.7612   12.4730
    2.8112   12.6120
    2.8612   12.5210
    2.9112   12.6640
    2.9612   13.0850
    3.0112   13.5240
    3.0612   13.9680
    3.1112   14.4190
    3.1612   14.8750
    3.2112   15.3310
    3.2612   15.7980
    3.3112   16.2690
    3.3612   16.7380
    3.4112   17.2070
    3.4612   17.6630
    3.5112   18.0770
    3.5612   18.2900
    4.5612   18.2900
    4.6083   18.2290
    4.6555   18.0610
    4.7026   17.8150
    4.7498   17.5200
    4.7969   17.1970
    4.8441   16.8650
    4.8912   16.4140
    4.9383   15.9850
    4.9855   15.5870
    5.0326   15.2600
    5.0798   15.1890
    5.1269   14.9270
    5.1740   14.6560
    5.2212   14.4070
    5.2683   14.1860
    5.3155   13.9980
    5.3626   13.8490
    5.4097   13.7450
    5.4569   13.6860
    5.5040   13.6730
    5.5512   13.6880
    5.5983   13.6880
    5.6454   13.6170
    5.6926   13.4130
    5.7397   13.0800
    5.7869   12.6780
    5.8340   12.2800
    5.8811   11.9550
    5.9283   11.7520
    5.9754   11.6860
    6.9754   18.2900
    7.0187   18.1920
    7.0620   17.9180
    7.1053   17.5210
    7.1486   17.0530
    7.1919   16.5460
    7.2352   16.0230
    7.2785   15.4900
    7.3218   14.9570
    7.3651   14.4790
    7.4084   14.0230
    7.4517   13.5910
    7.4950   13.6990
    7.5383   14.2650
    7.5816   14.8410
    7.6249   15.3560
    7.6682   15.6320
    7.7115   15.5800
    7.7548   15.4260
    7.7981   15.3050
    7.8414   15.2610
    7.8914   15.3080
    7.9414   15.4430
    7.9914   15.6330
    8.0414   15.8100
    8.0914   15.8280
    8.1414   15.5840
    8.1914   15.1960
    8.2414   14.7710
    8.2914   14.3840
    8.3414   14.1860
    8.3914   14.3840
    8.4414   14.7710
    8.4914   15.1960
    8.5414   15.5840
    8.5914   15.8280
    8.6414   15.8100
    8.6915   15.6330
    8.7415   15.4430
    8.7915   15.3080
    8.8415   15.2610
    9.8415   15.2610
    9.8886   15.3180
    9.9357   15.4780
    9.9829   15.6970
   10.0300   15.9010
   10.0772   15.9810
   10.1243   15.8680
   10.1714   15.4040
   10.2186   14.9610
   10.2657   14.9540
   10.3129   14.6050
   10.3600   14.2620
   10.4071   13.9320
   10.4543   13.6120
   10.5014   13.3250
   10.5486   13.0870
   10.5957   13.3250
   10.6428   13.6120
   10.6900   13.9320
   10.7371   14.2620
   10.7843   14.6050
   10.8314   14.9540
   10.8785   14.9610
   10.9257   15.4040
   10.9728   15.8680
   11.0200   15.9810
   11.0671   15.9010
   11.1142   15.6970
   11.1614   15.4780
   11.2085   15.3180
   11.2557   15.2610
   13.4351   11.6860
   13.4784   11.7420
   13.5217   11.9180
   13.5650   12.2070
   13.6083   12.5740
   13.6516   12.9810
   13.6949   13.4070
   13.7382   13.8360
   13.7815   14.2600
   13.8248   14.6700
   13.8681   15.0490
   13.9114   15.3640
   13.9547   15.5490
   13.9980   15.5890
   14.0413   15.5470
   14.0846   15.4760
   14.1279   15.4050
   14.1712   15.3440
   14.2145   15.2990
   14.2578   15.2700
   14.3011   15.2610
   14.3511   15.3080
   14.4011   15.4430
   14.4511   15.6330
   14.5011   15.8100
   14.5511   15.8280
   14.6011   15.5840
   14.6511   15.1960
   14.7011   14.7710
   14.7511   14.3840
   14.8011   14.1860
   14.8511   14.3840
   14.9011   14.7710
   14.9511   15.1960
   15.0011   15.5840
   15.0511   15.8280
   15.1011   15.8100
   15.1511   15.6330
   15.2011   15.4430
   15.2511   15.3080
   15.3011   15.2610
   16.3011   15.2610
   16.3483   15.2870
   16.3954   15.3590
   16.4426   15.4370
   16.4897   15.3850
   16.5369   14.9880
   16.5840   14.3920
   16.6311   13.7600
   16.6783   13.1500
   16.7254   12.9570
   16.7726   13.2210
   16.8197   13.4600
   16.8668   13.6690
   16.9140   13.8300
   16.9611   13.9330
   17.0083   13.9680
   17.0554   13.9330
   17.1025   13.8300
   17.1497   13.6690
   17.1968   13.4600
   17.2440   13.2210
   17.2911   12.9570
   17.3382   13.1500
   17.3854   13.7600
   17.4325   14.3920
   17.4797   14.9880
   17.5268   15.3850
   17.5739   15.4370
   17.6211   15.3590
   17.6682   15.2870
   17.7154   15.2610
   18.7154   15.2610
   18.7587   15.3050
   18.8020   15.4260
   18.8453   15.5800
   18.8886   15.6320
   18.9319   15.3560
   18.9752   14.8410
   19.0185   14.2650
   19.0618   13.6990
   19.1051   13.5910
   19.1484   14.0230
   19.1917   14.4790
   19.2350   14.9570
   19.2783   15.4900
   19.3216   16.0230
   19.3649   16.5460
   19.4082   17.0530
   19.4515   17.5210
   19.4948   17.9180
   19.5381   18.1920
   19.5814   18.2900
   19.6314   18.0770
   19.6814   17.6630
   19.7314   17.2070
   19.7814   16.7380
   19.8314   16.2690
   19.8814   15.7980
   19.9314   15.3310
   19.9814   14.8750
   20.0314   14.4190
   20.0814   13.9680
   20.1314   13.5240
   20.1814   13.0850
   20.2314   12.6640
   20.2814   12.5210
   20.3314   12.6120
   20.3814   12.4730
   20.4314   12.2140
   20.4814   11.9510
   20.5314   11.7580
   20.5814   11.6860
   21.5814   18.2900
   21.6285   18.1710
   21.6757   17.9300
   21.7228   17.6500
   21.7699   17.3540
   21.8171   17.0450
   21.8642   16.7220
   21.9114   16.3860
   21.9585   16.0320
   22.0056   15.6580
   22.0528   15.2650
   22.0999   14.8590
   22.1471   14.4310
   22.1942   13.9960
   22.2413   13.7530
   22.2885   14.1860
   22.3356   13.7530
   22.3828   13.9960
   22.4299   14.4310
   22.4770   14.8590
   22.5242   15.2650
   22.5713   15.6580
   22.6185   16.0320
   22.6656   16.3860
   22.7127   16.7220
   22.7599   17.0450
   22.8070   17.3540
   22.8542   17.6500
   22.9013   17.9300
   22.9485   18.1710
   22.9956   18.2900
   24.4098   18.2900
   24.4531   18.1920
   24.4964   17.9180
   24.5397   17.5210
   24.5830   17.0530
   24.6263   16.5460
   24.6696   16.0230
   24.7129   15.4900
   24.7562   14.9570
   24.7995   14.4790
   24.8428   14.0230
   24.8861   13.5910
   24.9294   13.6990
   24.9727   14.2650
   25.0160   14.8410
   25.0593   15.3560
   25.1026   15.6320
   25.1459   15.5800
   25.1892   15.4260
   25.2325   15.3050
   25.2758   15.2610
   25.3258   15.3080
   25.3758   15.4430
   25.4258   15.6330
   25.4758   15.8100
   25.5258   15.8280
   25.5758   15.5840
   25.6258   15.1960
   25.6758   14.7710
   25.7258   14.3840
   25.7758   14.1860
   25.8258   14.3840
   25.8758   14.7710
   25.9258   15.1960
   25.9758   15.5840
   26.0258   15.8280
   26.0758   15.8100
   26.1258   15.6330
   26.1758   15.4430
   26.2258   15.3080
   26.2758   15.2610
   27.2758   15.2610
   27.3229   15.2870
   27.3701   15.3590
   27.4172   15.4370
   27.4644   15.3850
   27.5115   14.9880
   27.5586   14.3920
   27.6058   13.7600
   27.6529   13.1500
   27.7001   12.9570
   27.7472   13.2210
   27.7944   13.4600
   27.8415   13.6690
   27.8886   13.8300
   27.9358   13.9330
   27.9829   13.9680
   28.0301   13.9330
   28.0772   13.8300
   28.1243   13.6690
   28.1715   13.4600
   28.2186   13.2210
   28.2658   12.9570
   28.3129   13.1500
   28.3600   13.7600
   28.4072   14.3920
   28.4543   14.9880
   28.5015   15.3850
   28.5486   15.4370
   28.5957   15.3590
   28.6429   15.2870
   28.6900   15.2610
   29.6900   15.2610
   29.7333   15.3050
   29.7766   15.4260
   29.8199   15.5800
   29.8632   15.6320
   29.9065   15.3560
   29.9498   14.8410
   29.9931   14.2650
   30.0364   13.6990
   30.0797   13.5910
   30.1230   14.0230
   30.1663   14.4790
   30.2096   14.9570
   30.2529   15.4900
   30.2962   16.0230
   30.3395   16.5460
   30.3828   17.0530
   30.4261   17.5210
   30.4694   17.9180
   30.5127   18.1920
   30.5560   18.2900
   30.6060   18.1840
   30.6560   17.8300
   30.7060   17.2760
   30.7560   16.6420
   30.8060   15.9800
   30.8560   15.3100
   30.9060   14.6500
   30.9560   14.0110
   31.0060   13.4250
   31.0560   13.0870
   31.1060   13.4250
   31.1560   14.0110
   31.2060   14.6500
   31.2560   15.3100
   31.3060   15.9800
   31.3560   16.6420
   31.4060   17.2760
   31.4560   17.8300
   31.5060   18.1840
   31.5560   18.2900
   32.5560   18.2900
   32.6032   18.1710
   32.6503   17.9300
   32.6974   17.6500
   32.7446   17.3540
   32.7917   17.0450
   32.8389   16.7220
   32.8860   16.3860
   32.9331   16.0320
   32.9803   15.6580
   33.0274   15.2650
   33.0746   14.8590
   33.1217   14.4310
   33.1688   13.9960
   33.2160   13.7530
   33.2631   14.1860
   33.3103   13.7530
   33.3574   13.9960
   33.4045   14.4310
   33.4517   14.8590
   33.4988   15.2650
   33.5460   15.6580
   33.5931   16.0320
   33.6402   16.3860
   33.6874   16.7220
   33.7345   17.0450
   33.7817   17.3540
   33.8288   17.6500
   33.8759   17.9300
   33.9231   18.1710
   33.9702   18.2900
   36.1497   15.2610
   36.1930   15.3050
   36.2363   15.4260
   36.2796   15.5800
   36.3229   15.6320
   36.3662   15.3560
   36.4095   14.8410
   36.4528   14.2650
   36.4961   13.6990
   36.5394   13.5910
   36.5827   14.0230
   36.6260   14.4790
   36.6693   14.9570
   36.7126   15.4900
   36.7559   16.0230
   36.7992   16.5460
   36.8425   17.0530
   36.8858   17.5210
   36.9291   17.9180
   36.9724   18.1920
   37.0157   18.2900
   37.0657   18.1840
   37.1157   17.8300
   37.1657   17.2760
   37.2157   16.6420
   37.2657   15.9800
   37.3157   15.3100
   37.3657   14.6500
   37.4157   14.0110
   37.4657   13.4250
   37.5157   13.0870
   37.5657   13.4250
   37.6157   14.0110
   37.6657   14.6500
   37.7157   15.3100
   37.7657   15.9800
   37.8157   16.6420
   37.8657   17.2760
   37.9157   17.8300
   37.9657   18.1840
   38.0157   18.2900
   39.0157   11.6860
   39.0628   11.7520
   39.1099   11.9550
   39.1571   12.2800
   39.2042   12.6780
   39.2514   13.0800
   39.2985   13.4130
   39.3456   13.6170
   39.3928   13.6880
   39.4399   13.6880
   39.4870   13.6730
   39.5342   13.6860
   39.5813   13.7450
   39.6285   13.8490
   39.6756   13.9980
   39.7227   14.1860
   39.7699   14.4070
   39.8170   14.6560
   39.8642   14.9270
   39.9113   15.1890
   39.9584   15.2600
   40.0056   15.5870
   40.0527   15.9850
   40.0999   16.4140
   40.1470   16.8650
   40.1941   17.1970
   40.2413   17.5200
   40.2884   17.8150
   40.3356   18.0610
   40.3827   18.2290
   40.4298   18.2900
   41.4298   18.2900
   41.4731   18.1920
   41.5164   17.9180
   41.5597   17.5210
   41.6030   17.0530
   41.6463   16.5460
   41.6896   16.0230
   41.7329   15.4900
   41.7762   14.9570
   41.8195   14.4790
   41.8628   14.0230
   41.9061   13.5910
   41.9494   13.6990
   41.9927   14.2650
   42.0360   14.8410
   42.0793   15.3560
   42.1227   15.6320
   42.1660   15.5800
   42.2093   15.4260
   42.2526   15.3050
   42.2959   15.2610
   42.3459   15.3080
   42.3959   15.4430
   42.4459   15.6330
   42.4958   15.8100
   42.5458   15.8280
   42.5958   15.5840
   42.6458   15.1960
   42.6958   14.7710
   42.7458   14.3840
   42.7958   14.1860
   42.8458   14.3840
   42.8958   14.7710
   42.9458   15.1960
   42.9958   15.5840
   43.0458   15.8280
   43.0958   15.8100
   43.1458   15.6330
   43.1958   15.4430
   43.2458   15.3080
   43.2958   15.2610
   44.2958   15.2610
   44.3430   15.3180
   44.3901   15.4780
   44.4373   15.6970
   44.4844   15.9010
   44.5315   15.9810
   44.5787   15.8680
   44.6258   15.4040
   44.6730   14.9610
   44.7201   14.9540
   44.7672   14.6050
   44.8144   14.2620
   44.8615   13.9320
   44.9086   13.6120
   44.9558   13.3250
   45.0029   13.0870
   45.0501   13.3250
   45.0972   13.6120
   45.1443   13.9320
   45.1915   14.2620
   45.2386   14.6050
   45.2858   14.9540
   45.3329   14.9610
   45.3800   15.4040
   45.4272   15.8680
   45.4743   15.9810
   45.5215   15.9010
   45.5686   15.6970
   45.6157   15.4780
   45.6629   15.3180
   45.7100   15.2610
 
