 &plot nbnd=   8, nks=   578 /
           -0.250000  0.250000  0.250000
   -4.925    2.817    5.967    6.075    9.633   10.986   11.082   14.554
            0.250000 -0.250000  0.750000
   -2.839    0.223    3.143    4.424    9.034   11.862   13.353   13.464
            0.000000  1.000000  1.000000
    0.355    0.355    5.240    5.240    8.508    8.508   18.290   18.290
           -0.025000  0.975000  0.975000
    0.159    0.559    5.198    5.248    8.496    8.597   18.167   18.192
           -0.050000  0.950000  0.950000
   -0.027    0.769    5.082    5.269    8.519    8.791   17.847   17.918
           -0.075000  0.925000  0.925000
   -0.203    0.980    4.917    5.305    8.564    9.081   17.416   17.521
           -0.100000  0.900000  0.900000
   -0.368    1.188    4.733    5.356    8.629    9.443   16.938   17.053
           -0.125000  0.875000  0.875000
   -0.520    1.383    4.554    5.420    8.712    9.860   16.434   16.546
           -0.150000  0.850000  0.850000
   -0.660    1.556    4.406    5.497    8.812   10.319   15.937   16.023
           -0.175000  0.825000  0.825000
   -0.788    1.692    4.309    5.587    8.932   10.814   15.439   15.490
           -0.200000  0.800000  0.800000
   -0.903    1.775    4.283    5.690    9.066   11.334   14.952   14.957
           -0.225000  0.775000  0.775000
   -1.005    1.798    4.339    5.804    9.215   11.876   14.431   14.479
           -0.250000  0.750000  0.750000
   -1.097    1.765    4.476    5.927    9.379   12.428   13.920   14.023
           -0.275000  0.725000  0.725000
   -1.176    1.690    4.680    6.060    9.552   12.931   13.483   13.591
           -0.300000  0.700000  0.700000
   -1.243    1.592    4.934    6.199    9.732   12.813   13.180   13.699
           -0.325000  0.675000  0.675000
   -1.300    1.482    5.225    6.342    9.912   12.370   12.799   14.265
           -0.350000  0.650000  0.650000
   -1.348    1.372    5.539    6.485   10.079   11.940   12.449   14.841
           -0.375000  0.625000  0.625000
   -1.385    1.269    5.864    6.625   10.200   11.564   12.132   15.356
           -0.400000  0.600000  0.600000
   -1.415    1.179    6.189    6.754   10.222   11.310   11.857   15.632
           -0.425000  0.575000  0.575000
   -1.437    1.106    6.498    6.867   10.096   11.226   11.631   15.580
           -0.450000  0.550000  0.550000
   -1.451    1.052    6.767    6.954    9.888   11.251   11.459   15.426
           -0.475000  0.525000  0.525000
   -1.460    1.018    6.959    7.011    9.711   11.297   11.353   15.305
           -0.500000  0.500000  0.500000
   -1.463    1.007    7.031    7.031    9.642   11.317   11.317   15.261
           -0.500000  0.550000  0.500000
   -1.474    1.037    6.947    7.026    9.713   11.313   11.341   15.308
           -0.500000  0.600000  0.500000
   -1.504    1.125    6.723    7.015    9.898   11.310   11.412   15.443
           -0.500000  0.650000  0.500000
   -1.549    1.265    6.408    6.996   10.122   11.333   11.528   15.633
           -0.500000  0.700000  0.500000
   -1.602    1.450    6.044    6.974   10.311   11.432   11.686   15.810
           -0.500000  0.750000  0.500000
   -1.655    1.670    5.659    6.951   10.417   11.645   11.884   15.828
           -0.500000  0.800000  0.500000
   -1.705    1.915    5.271    6.927   10.447   11.955   12.107   15.584
           -0.500000  0.850000  0.500000
   -1.748    2.174    4.898    6.906   10.440   12.320   12.349   15.196
           -0.500000  0.900000  0.500000
   -1.779    2.426    4.563    6.891   10.424   12.590   12.708   14.771
           -0.500000  0.950000  0.500000
   -1.799    2.632    4.308    6.881   10.411   12.791   13.073   14.384
           -0.500000  1.000000  0.500000
   -1.805    2.717    4.206    6.877   10.406   12.875   13.262   14.186
           -0.500000  1.050000  0.500000
   -1.799    2.632    4.308    6.881   10.411   12.791   13.073   14.384
           -0.500000  1.100000  0.500000
   -1.779    2.426    4.563    6.891   10.424   12.590   12.708   14.771
           -0.500000  1.150000  0.500000
   -1.748    2.174    4.898    6.906   10.440   12.320   12.349   15.196
           -0.500000  1.200000  0.500000
   -1.705    1.915    5.271    6.927   10.447   11.955   12.107   15.584
           -0.500000  1.250000  0.500000
   -1.655    1.670    5.659    6.951   10.417   11.645   11.884   15.828
           -0.500000  1.300000  0.500000
   -1.602    1.450    6.044    6.974   10.311   11.432   11.686   15.810
           -0.500000  1.350000  0.500000
   -1.549    1.265    6.408    6.996   10.122   11.333   11.528   15.633
           -0.500000  1.400000  0.500000
   -1.504    1.125    6.723    7.015    9.898   11.310   11.412   15.443
           -0.500000  1.450000  0.500000
   -1.474    1.037    6.947    7.026    9.713   11.313   11.341   15.308
           -0.500000  1.500000  0.500000
   -1.463    1.007    7.031    7.031    9.642   11.317   11.317   15.261
            0.500000  1.500000  0.500000
   -1.463    1.007    7.031    7.031    9.642   11.317   11.317   15.261
            0.466667  1.466667  0.500000
   -1.453    1.014    6.930    7.010    9.732   11.295   11.359   15.318
            0.433333  1.433333  0.500000
   -1.423    1.033    6.668    6.948    9.955   11.238   11.492   15.478
            0.400000  1.400000  0.500000
   -1.374    1.064    6.315    6.844   10.219   11.160   11.736   15.697
            0.366667  1.366667  0.500000
   -1.306    1.105    5.924    6.700   10.463   11.086   12.101   15.901
            0.333333  1.333333  0.500000
   -1.215    1.154    5.525    6.519   10.676   11.034   12.576   15.981
            0.300000  1.300000  0.500000
   -1.108    1.206    5.136    6.306   10.862   11.013   13.127   15.868
            0.266667  1.266667  0.500000
   -0.981    1.258    4.770    6.067   11.027   11.039   13.736   15.404
            0.233333  1.233333  0.500000
   -0.837    1.299    4.442    5.810   11.079   11.220   14.383   14.961
            0.200000  1.200000  0.500000
   -0.675    1.319    4.165    5.542   11.165   11.407   14.539   14.954
            0.166667  1.166667  0.500000
   -0.497    1.305    3.956    5.269   11.287   11.606   14.145   14.605
            0.133333  1.133333  0.500000
   -0.305    1.242    3.826    4.999   11.438   11.814   13.771   14.262
            0.100000  1.100000  0.500000
   -0.099    1.128    3.781    4.739   11.618   12.030   13.436   13.932
            0.066667  1.066667  0.500000
    0.115    0.968    3.817    4.493   11.819   12.225   13.153   13.612
            0.033333  1.033333  0.500000
    0.337    0.774    3.919    4.269   12.034   12.328   13.003   13.325
            0.000000  1.000000  0.500000
    0.558    0.558    4.074    4.074   12.231   12.231   13.087   13.087
           -0.033333  0.966667  0.500000
    0.337    0.774    3.919    4.269   12.034   12.328   13.003   13.325
           -0.066667  0.933333  0.500000
    0.115    0.968    3.817    4.493   11.819   12.225   13.153   13.612
           -0.100000  0.900000  0.500000
   -0.099    1.128    3.781    4.739   11.618   12.030   13.436   13.932
           -0.133333  0.866667  0.500000
   -0.305    1.242    3.826    4.999   11.438   11.814   13.771   14.262
           -0.166667  0.833333  0.500000
   -0.497    1.305    3.956    5.269   11.287   11.606   14.145   14.605
           -0.200000  0.800000  0.500000
   -0.675    1.319    4.165    5.542   11.165   11.407   14.539   14.954
           -0.233333  0.766667  0.500000
   -0.837    1.299    4.442    5.810   11.079   11.220   14.383   14.961
           -0.266667  0.733333  0.500000
   -0.981    1.258    4.770    6.067   11.027   11.039   13.736   15.404
           -0.300000  0.700000  0.500000
   -1.108    1.206    5.136    6.306   10.862   11.013   13.127   15.868
           -0.333333  0.666667  0.500000
   -1.215    1.154    5.525    6.519   10.676   11.034   12.576   15.981
           -0.366667  0.633333  0.500000
   -1.306    1.105    5.924    6.700   10.463   11.086   12.101   15.901
           -0.400000  0.600000  0.500000
   -1.374    1.064    6.315    6.844   10.219   11.160   11.736   15.697
           -0.433333  0.566667  0.500000
   -1.423    1.033    6.668    6.948    9.955   11.238   11.492   15.478
           -0.466667  0.533333  0.500000
   -1.453    1.014    6.930    7.010    9.732   11.295   11.359   15.318
           -0.500000  0.500000  0.500000
   -1.463    1.007    7.031    7.031    9.642   11.317   11.317   15.261
            0.500000  0.500000  1.500000
   -1.463    1.007    7.031    7.031    9.642   11.317   11.317   15.261
            0.475000  0.475000  1.475000
   -1.460    1.018    6.959    7.011    9.711   11.297   11.353   15.305
            0.450000  0.450000  1.450000
   -1.451    1.052    6.767    6.954    9.888   11.251   11.459   15.426
            0.425000  0.425000  1.425000
   -1.437    1.106    6.498    6.867   10.096   11.226   11.631   15.580
            0.400000  0.400000  1.400000
   -1.415    1.179    6.189    6.754   10.222   11.310   11.857   15.632
            0.375000  0.375000  1.375000
   -1.385    1.269    5.864    6.625   10.200   11.564   12.132   15.356
            0.350000  0.350000  1.350000
   -1.348    1.372    5.539    6.485   10.079   11.940   12.449   14.841
            0.325000  0.325000  1.325000
   -1.300    1.482    5.225    6.342    9.912   12.370   12.799   14.265
            0.300000  0.300000  1.300000
   -1.243    1.592    4.934    6.199    9.732   12.813   13.180   13.699
            0.275000  0.275000  1.275000
   -1.176    1.690    4.680    6.060    9.552   12.931   13.483   13.591
            0.250000  0.250000  1.250000
   -1.097    1.765    4.476    5.927    9.379   12.428   13.920   14.023
            0.225000  0.225000  1.225000
   -1.005    1.798    4.339    5.804    9.215   11.876   14.431   14.479
            0.200000  0.200000  1.200000
   -0.903    1.775    4.283    5.690    9.066   11.334   14.952   14.957
            0.175000  0.175000  1.175000
   -0.788    1.692    4.309    5.587    8.932   10.814   15.439   15.490
            0.150000  0.150000  1.150000
   -0.660    1.556    4.406    5.497    8.812   10.319   15.937   16.023
            0.125000  0.125000  1.125000
   -0.520    1.383    4.554    5.420    8.712    9.860   16.434   16.546
            0.100000  0.100000  1.100000
   -0.368    1.188    4.733    5.356    8.629    9.443   16.938   17.053
            0.075000  0.075000  1.075000
   -0.203    0.980    4.917    5.305    8.564    9.081   17.416   17.521
            0.050000  0.050000  1.050000
   -0.027    0.769    5.082    5.269    8.519    8.791   17.847   17.918
            0.025000  0.025000  1.025000
    0.159    0.559    5.198    5.248    8.496    8.597   18.167   18.192
            0.000000  0.000000  1.000000
    0.355    0.355    5.240    5.240    8.508    8.508   18.290   18.290
            0.000000  0.050000  1.000000
    0.360    0.360    5.200    5.200    8.576    8.576   18.184   18.184
            0.000000  0.100000  1.000000
    0.373    0.373    5.089    5.089    8.770    8.770   17.830   17.830
            0.000000  0.150000  1.000000
    0.394    0.394    4.932    4.932    9.067    9.067   17.276   17.276
            0.000000  0.200000  1.000000
    0.421    0.421    4.753    4.753    9.441    9.441   16.642   16.642
            0.000000  0.250000  1.000000
    0.452    0.452    4.574    4.574    9.877    9.877   15.980   15.980
            0.000000  0.300000  1.000000
    0.483    0.483    4.409    4.409   10.354   10.354   15.310   15.310
            0.000000  0.350000  1.000000
    0.513    0.513    4.269    4.269   10.866   10.866   14.650   14.650
            0.000000  0.400000  1.000000
    0.538    0.538    4.163    4.163   11.399   11.399   14.011   14.011
            0.000000  0.450000  1.000000
    0.554    0.554    4.097    4.097   11.922   11.922   13.425   13.425
            0.000000  0.500000  1.000000
    0.558    0.558    4.074    4.074   12.231   12.231   13.087   13.087
            0.000000  0.550000  1.000000
    0.554    0.554    4.097    4.097   11.922   11.922   13.425   13.425
            0.000000  0.600000  1.000000
    0.538    0.538    4.163    4.163   11.399   11.399   14.011   14.011
            0.000000  0.650000  1.000000
    0.513    0.513    4.269    4.269   10.866   10.866   14.650   14.650
            0.000000  0.700000  1.000000
    0.483    0.483    4.409    4.409   10.354   10.354   15.310   15.310
            0.000000  0.750000  1.000000
    0.452    0.452    4.574    4.574    9.877    9.877   15.980   15.980
            0.000000  0.800000  1.000000
    0.421    0.421    4.753    4.753    9.441    9.441   16.642   16.642
            0.000000  0.850000  1.000000
    0.394    0.394    4.932    4.932    9.067    9.067   17.276   17.276
            0.000000  0.900000  1.000000
    0.373    0.373    5.089    5.089    8.770    8.770   17.830   17.830
            0.000000  0.950000  1.000000
    0.360    0.360    5.200    5.200    8.576    8.576   18.184   18.184
            0.000000  1.000000  1.000000
    0.355    0.355    5.240    5.240    8.508    8.508   18.290   18.290
            1.000000  1.000000  1.000000
   -3.929    8.315    8.315    8.315   10.608   10.608   10.608   11.686
            0.966667  0.966667  1.000000
   -3.919    8.206    8.264    8.311   10.618   10.632   10.665   11.752
            0.933333  0.933333  1.000000
   -3.890    7.920    8.119    8.298   10.648   10.700   10.787   11.955
            0.900000  0.900000  1.000000
   -3.840    7.538    7.901    8.275   10.699   10.800   10.903   12.280
            0.866667  0.866667  1.000000
   -3.770    7.111    7.629    8.241   10.771   10.923   10.994   12.678
            0.833333  0.833333  1.000000
   -3.680    6.665    7.322    8.193   10.863   11.062   11.066   13.080
            0.800000  0.800000  1.000000
   -3.572    6.216    6.994    8.131   10.975   11.123   11.214   13.413
            0.766667  0.766667  1.000000
   -3.444    5.770    6.655    8.053   11.107   11.168   11.379   13.617
            0.733333  0.733333  1.000000
   -3.297    5.333    6.313    7.957   11.191   11.259   11.559   13.688
            0.700000  0.700000  1.000000
   -3.131    4.911    5.973    7.843   11.188   11.432   11.757   13.688
            0.666667  0.666667  1.000000
   -2.949    4.501    5.639    7.710   11.147   11.620   11.966   13.673
            0.633333  0.633333  1.000000
   -2.749    4.110    5.317    7.562   11.066   11.832   12.194   13.686
            0.600000  0.600000  1.000000
   -2.533    3.735    5.011    7.405   10.944   12.066   12.439   13.745
            0.566667  0.566667  1.000000
   -2.303    3.376    4.721    7.234   10.786   12.315   12.695   13.849
            0.533333  0.533333  1.000000
   -2.059    3.037    4.452    7.057   10.603   12.586   12.970   13.998
            0.500000  0.500000  1.000000
   -1.805    2.717    4.206    6.877   10.406   12.875   13.262   14.186
            0.466667  0.466667  1.000000
   -1.544    2.416    3.988    6.697   10.201   13.183   13.566   14.407
            0.433333  0.433333  1.000000
   -1.276    2.136    3.800    6.520    9.996   13.511   13.877   14.656
            0.400000  0.400000  1.000000
   -1.012    1.875    3.648    6.348    9.796   13.854   14.164   14.927
            0.366667  0.366667  1.000000
   -0.755    1.631    3.538    6.184    9.604   14.215   14.255   15.189
            0.333333  0.333333  1.000000
   -0.512    1.411    3.479    6.030    9.424   13.822   14.593   15.260
            0.300000  0.300000  1.000000
   -0.293    1.211    3.476    5.886    9.255   13.157   14.985   15.587
            0.266667  0.266667  1.000000
   -0.105    1.032    3.536    5.755    9.103   12.465   15.394   15.985
            0.233333  0.233333  1.000000
    0.047    0.874    3.663    5.637    8.966   11.778   15.814   16.414
            0.200000  0.200000  1.000000
    0.163    0.736    3.853    5.534    8.847   11.113   16.248   16.865
            0.166667  0.166667  1.000000
    0.241    0.618    4.097    5.445    8.742   10.476   16.678   17.197
            0.133333  0.133333  1.000000
    0.293    0.525    4.379    5.372    8.659    9.887   17.110   17.520
            0.100000  0.100000  1.000000
    0.325    0.451    4.677    5.315    8.593    9.359   17.526   17.815
            0.066667  0.066667  1.000000
    0.344    0.398    4.954    5.274    8.546    8.921   17.902   18.061
            0.033333  0.033333  1.000000
    0.353    0.366    5.162    5.249    8.518    8.619   18.181   18.229
            0.000000  0.000000  1.000000
    0.355    0.355    5.240    5.240    8.508    8.508   18.290   18.290
           -0.500000  0.500000  0.500000
   -1.463    1.007    7.031    7.031    9.642   11.317   11.317   15.261
           -0.525000  0.475000  0.475000
   -1.460    1.018    6.959    7.011    9.711   11.297   11.353   15.305
           -0.550000  0.450000  0.450000
   -1.451    1.052    6.767    6.954    9.888   11.251   11.459   15.426
           -0.575000  0.425000  0.425000
   -1.437    1.106    6.498    6.867   10.096   11.226   11.631   15.580
           -0.600000  0.400000  0.400000
   -1.415    1.179    6.189    6.754   10.222   11.310   11.857   15.632
           -0.625000  0.375000  0.375000
   -1.385    1.269    5.864    6.625   10.200   11.564   12.132   15.356
           -0.650000  0.350000  0.350000
   -1.348    1.372    5.539    6.485   10.079   11.940   12.449   14.841
           -0.675000  0.325000  0.325000
   -1.300    1.482    5.225    6.342    9.912   12.370   12.799   14.265
           -0.700000  0.300000  0.300000
   -1.243    1.592    4.934    6.199    9.732   12.813   13.180   13.699
           -0.725000  0.275000  0.275000
   -1.176    1.690    4.680    6.060    9.552   12.931   13.483   13.591
           -0.750000  0.250000  0.250000
   -1.097    1.765    4.476    5.927    9.379   12.428   13.920   14.023
           -0.775000  0.225000  0.225000
   -1.005    1.798    4.339    5.804    9.215   11.876   14.431   14.479
           -0.800000  0.200000  0.200000
   -0.903    1.775    4.283    5.690    9.066   11.334   14.952   14.957
           -0.825000  0.175000  0.175000
   -0.788    1.692    4.309    5.587    8.932   10.814   15.439   15.490
           -0.850000  0.150000  0.150000
   -0.660    1.556    4.406    5.497    8.812   10.319   15.937   16.023
           -0.875000  0.125000  0.125000
   -0.520    1.383    4.554    5.420    8.712    9.860   16.434   16.546
           -0.900000  0.100000  0.100000
   -0.368    1.188    4.733    5.356    8.629    9.443   16.938   17.053
           -0.925000  0.075000  0.075000
   -0.203    0.980    4.917    5.305    8.564    9.081   17.416   17.521
           -0.950000  0.050000  0.050000
   -0.027    0.769    5.082    5.269    8.519    8.791   17.847   17.918
           -0.975000  0.025000  0.025000
    0.159    0.559    5.198    5.248    8.496    8.597   18.167   18.192
           -1.000000  0.000000  0.000000
    0.355    0.355    5.240    5.240    8.508    8.508   18.290   18.290
           -1.000000  0.050000  0.000000
    0.360    0.360    5.200    5.200    8.576    8.576   18.184   18.184
           -1.000000  0.100000  0.000000
    0.373    0.373    5.089    5.089    8.770    8.770   17.830   17.830
           -1.000000  0.150000  0.000000
    0.394    0.394    4.932    4.932    9.067    9.067   17.276   17.276
           -1.000000  0.200000  0.000000
    0.421    0.421    4.753    4.753    9.441    9.441   16.642   16.642
           -1.000000  0.250000  0.000000
    0.452    0.452    4.574    4.574    9.877    9.877   15.980   15.980
           -1.000000  0.300000  0.000000
    0.483    0.483    4.409    4.409   10.354   10.354   15.310   15.310
           -1.000000  0.350000  0.000000
    0.513    0.513    4.269    4.269   10.866   10.866   14.650   14.650
           -1.000000  0.400000  0.000000
    0.538    0.538    4.163    4.163   11.399   11.399   14.011   14.011
           -1.000000  0.450000  0.000000
    0.554    0.554    4.097    4.097   11.922   11.922   13.425   13.425
           -1.000000  0.500000  0.000000
    0.558    0.558    4.074    4.074   12.231   12.231   13.087   13.087
           -1.000000  0.550000  0.000000
    0.554    0.554    4.097    4.097   11.922   11.922   13.425   13.425
           -1.000000  0.600000  0.000000
    0.538    0.538    4.163    4.163   11.399   11.399   14.011   14.011
           -1.000000  0.650000  0.000000
    0.513    0.513    4.269    4.269   10.866   10.866   14.650   14.650
           -1.000000  0.700000  0.000000
    0.483    0.483    4.409    4.409   10.354   10.354   15.310   15.310
           -1.000000  0.750000  0.000000
    0.452    0.452    4.574    4.574    9.877    9.877   15.980   15.980
           -1.000000  0.800000  0.000000
    0.421    0.421    4.753    4.753    9.441    9.441   16.642   16.642
           -1.000000  0.850000  0.000000
    0.394    0.394    4.932    4.932    9.067    9.067   17.276   17.276
           -1.000000  0.900000  0.000000
    0.373    0.373    5.089    5.089    8.770    8.770   17.830   17.830
           -1.000000  0.950000  0.000000
    0.360    0.360    5.200    5.200    8.576    8.576   18.184   18.184
           -1.000000  1.000000  0.000000
    0.355    0.355    5.240    5.240    8.508    8.508   18.290   18.290
            0.000000  1.000000  0.000000
    0.355    0.355    5.240    5.240    8.508    8.508   18.290   18.290
           -0.033333  0.966667  0.000000
    0.094    0.627    5.226    5.228    8.490    8.601   18.110   18.171
           -0.066667  0.933333  0.000000
   -0.156    0.906    5.181    5.197    8.547    8.763   17.623   17.930
           -0.100000  0.900000  0.000000
   -0.391    1.186    5.109    5.159    8.675    8.986   16.990   17.650
           -0.133333  0.866667  0.000000
   -0.610    1.463    5.017    5.129    8.865    9.258   16.304   17.354
           -0.166667  0.833333  0.000000
   -0.813    1.728    4.911    5.121    9.109    9.577   15.604   17.045
           -0.200000  0.800000  0.000000
   -0.999    1.971    4.801    5.148    9.396    9.932   14.904   16.722
           -0.233333  0.766667  0.000000
   -1.166    2.184    4.691    5.224    9.720   10.321   14.217   16.386
           -0.266667  0.733333  0.000000
   -1.314    2.358    4.587    5.356   10.074   10.737   13.550   16.032
           -0.300000  0.700000  0.000000
   -1.444    2.491    4.491    5.547   10.452   11.174   12.915   15.658
           -0.333333  0.666667  0.000000
   -1.554    2.584    4.407    5.787   10.853   11.609   12.339   15.265
           -0.366667  0.633333  0.000000
   -1.643    2.646    4.337    6.064   11.272   11.641   12.237   14.859
           -0.400000  0.600000  0.000000
   -1.714    2.683    4.280    6.349   11.186   11.702   12.698   14.431
           -0.433333  0.566667  0.000000
   -1.765    2.703    4.239    6.613   10.783   12.139   13.218   13.996
           -0.466667  0.533333  0.000000
   -1.795    2.714    4.215    6.805   10.506   12.573   13.563   13.753
           -0.500000  0.500000  0.000000
   -1.805    2.717    4.206    6.877   10.406   12.875   13.262   14.186
           -0.533333  0.466667  0.000000
   -1.795    2.714    4.215    6.805   10.506   12.573   13.563   13.753
           -0.566667  0.433333  0.000000
   -1.765    2.703    4.239    6.613   10.783   12.139   13.218   13.996
           -0.600000  0.400000  0.000000
   -1.714    2.683    4.280    6.349   11.186   11.702   12.698   14.431
           -0.633333  0.366667  0.000000
   -1.643    2.646    4.337    6.064   11.272   11.641   12.237   14.859
           -0.666667  0.333333  0.000000
   -1.554    2.584    4.407    5.787   10.853   11.609   12.339   15.265
           -0.700000  0.300000  0.000000
   -1.444    2.491    4.491    5.547   10.452   11.174   12.915   15.658
           -0.733333  0.266667  0.000000
   -1.314    2.358    4.587    5.356   10.074   10.737   13.550   16.032
           -0.766667  0.233333  0.000000
   -1.166    2.184    4.691    5.224    9.720   10.321   14.217   16.386
           -0.800000  0.200000  0.000000
   -0.999    1.971    4.801    5.148    9.396    9.932   14.904   16.722
           -0.833333  0.166667  0.000000
   -0.813    1.728    4.911    5.121    9.109    9.577   15.604   17.045
           -0.866667  0.133333  0.000000
   -0.610    1.463    5.017    5.129    8.865    9.258   16.304   17.354
           -0.900000  0.100000  0.000000
   -0.391    1.186    5.109    5.159    8.675    8.986   16.990   17.650
           -0.933333  0.066667  0.000000
   -0.156    0.906    5.181    5.197    8.547    8.763   17.623   17.930
           -0.966667  0.033333  0.000000
    0.094    0.627    5.226    5.228    8.490    8.601   18.110   18.171
           -1.000000  0.000000  0.000000
    0.355    0.355    5.240    5.240    8.508    8.508   18.290   18.290
            0.000000  0.000000  1.000000
    0.355    0.355    5.240    5.240    8.508    8.508   18.290   18.290
           -0.025000 -0.025000  0.975000
    0.159    0.559    5.198    5.248    8.496    8.597   18.167   18.192
           -0.050000 -0.050000  0.950000
   -0.027    0.769    5.082    5.269    8.519    8.791   17.847   17.918
           -0.075000 -0.075000  0.925000
   -0.203    0.980    4.917    5.305    8.564    9.081   17.416   17.521
           -0.100000 -0.100000  0.900000
   -0.368    1.188    4.733    5.356    8.629    9.443   16.938   17.053
           -0.125000 -0.125000  0.875000
   -0.520    1.383    4.554    5.420    8.712    9.860   16.434   16.546
           -0.150000 -0.150000  0.850000
   -0.660    1.556    4.406    5.497    8.812   10.319   15.937   16.023
           -0.175000 -0.175000  0.825000
   -0.788    1.692    4.309    5.587    8.932   10.814   15.439   15.490
           -0.200000 -0.200000  0.800000
   -0.903    1.775    4.283    5.690    9.066   11.334   14.952   14.957
           -0.225000 -0.225000  0.775000
   -1.005    1.798    4.339    5.804    9.215   11.876   14.431   14.479
           -0.250000 -0.250000  0.750000
   -1.097    1.765    4.476    5.927    9.379   12.428   13.920   14.023
           -0.275000 -0.275000  0.725000
   -1.176    1.690    4.680    6.060    9.552   12.931   13.483   13.591
           -0.300000 -0.300000  0.700000
   -1.243    1.592    4.934    6.199    9.732   12.813   13.180   13.699
           -0.325000 -0.325000  0.675000
   -1.300    1.482    5.225    6.342    9.912   12.370   12.799   14.265
           -0.350000 -0.350000  0.650000
   -1.348    1.372    5.539    6.485   10.079   11.940   12.449   14.841
           -0.375000 -0.375000  0.625000
   -1.385    1.269    5.864    6.625   10.200   11.564   12.132   15.356
           -0.400000 -0.400000  0.600000
   -1.415    1.179    6.189    6.754   10.222   11.310   11.857   15.632
           -0.425000 -0.425000  0.575000
   -1.437    1.106    6.498    6.867   10.096   11.226   11.631   15.580
           -0.450000 -0.450000  0.550000
   -1.451    1.052    6.767    6.954    9.888   11.251   11.459   15.426
           -0.475000 -0.475000  0.525000
   -1.460    1.018    6.959    7.011    9.711   11.297   11.353   15.305
           -0.500000 -0.500000  0.500000
   -1.463    1.007    7.031    7.031    9.642   11.317   11.317   15.261
           -0.500000 -0.450000  0.500000
   -1.474    1.037    6.947    7.026    9.713   11.313   11.341   15.308
           -0.500000 -0.400000  0.500000
   -1.504    1.125    6.723    7.015    9.898   11.310   11.412   15.443
           -0.500000 -0.350000  0.500000
   -1.549    1.265    6.408    6.996   10.122   11.333   11.528   15.633
           -0.500000 -0.300000  0.500000
   -1.602    1.450    6.044    6.974   10.311   11.432   11.686   15.810
           -0.500000 -0.250000  0.500000
   -1.655    1.670    5.659    6.951   10.417   11.645   11.884   15.828
           -0.500000 -0.200000  0.500000
   -1.705    1.915    5.271    6.927   10.447   11.955   12.107   15.584
           -0.500000 -0.150000  0.500000
   -1.748    2.174    4.898    6.906   10.440   12.320   12.349   15.196
           -0.500000 -0.100000  0.500000
   -1.779    2.426    4.563    6.891   10.424   12.590   12.708   14.771
           -0.500000 -0.050000  0.500000
   -1.799    2.632    4.308    6.881   10.411   12.791   13.073   14.384
           -0.500000  0.000000  0.500000
   -1.805    2.717    4.206    6.877   10.406   12.875   13.262   14.186
           -0.500000  0.050000  0.500000
   -1.799    2.632    4.308    6.881   10.411   12.791   13.073   14.384
           -0.500000  0.100000  0.500000
   -1.779    2.426    4.563    6.891   10.424   12.590   12.708   14.771
           -0.500000  0.150000  0.500000
   -1.748    2.174    4.898    6.906   10.440   12.320   12.349   15.196
           -0.500000  0.200000  0.500000
   -1.705    1.915    5.271    6.927   10.447   11.955   12.107   15.584
           -0.500000  0.250000  0.500000
   -1.655    1.670    5.659    6.951   10.417   11.645   11.884   15.828
           -0.500000  0.300000  0.500000
   -1.602    1.450    6.044    6.974   10.311   11.432   11.686   15.810
           -0.500000  0.350000  0.500000
   -1.549    1.265    6.408    6.996   10.122   11.333   11.528   15.633
           -0.500000  0.400000  0.500000
   -1.504    1.125    6.723    7.015    9.898   11.310   11.412   15.443
           -0.500000  0.450000  0.500000
   -1.474    1.037    6.947    7.026    9.713   11.313   11.341   15.308
           -0.500000  0.500000  0.500000
   -1.463    1.007    7.031    7.031    9.642   11.317   11.317   15.261
            0.500000  0.500000  0.500000
   -1.463    1.007    7.031    7.031    9.642   11.317   11.317   15.261
            0.466667  0.466667  0.500000
   -1.492    1.054    7.008    7.019    9.677   11.306   11.344   15.287
            0.433333  0.433333  0.500000
   -1.571    1.188    6.944    6.985    9.783   11.277   11.423   15.359
            0.400000  0.400000  0.500000
   -1.689    1.393    6.850    6.934    9.927   11.242   11.553   15.437
            0.366667  0.366667  0.500000
   -1.826    1.653    6.738    6.867   10.090   11.223   11.723   15.385
            0.333333  0.333333  0.500000
   -1.970    1.955    6.619    6.790   10.228   11.254   11.930   14.988
            0.300000  0.300000  0.500000
   -2.112    2.289    6.499    6.708   10.294   11.380   12.163   14.392
            0.266667  0.266667  0.500000
   -2.249    2.643    6.388    6.626   10.276   11.606   12.419   13.760
            0.233333  0.233333  0.500000
   -2.376    3.011    6.290    6.547   10.198   11.902   12.687   13.150
            0.200000  0.200000  0.500000
   -2.489    3.382    6.210    6.473   10.076   12.226   12.598   12.957
            0.166667  0.166667  0.500000
   -2.587    3.746    6.154    6.408    9.916   12.056   12.627   13.221
            0.133333  0.133333  0.500000
   -2.668    4.084    6.127    6.352    9.718   11.650   12.984   13.460
            0.100000  0.100000  0.500000
   -2.732    4.377    6.135    6.308    9.490   11.342   13.337   13.669
            0.066667  0.066667  0.500000
   -2.778    4.601    6.174    6.275    9.260   11.137   13.652   13.830
            0.033333  0.033333  0.500000
   -2.806    4.737    6.225    6.255    9.084   11.023   13.881   13.933
            0.000000  0.000000  0.500000
   -2.815    4.782    6.249    6.249    9.017   10.987   13.968   13.968
           -0.033333 -0.033333  0.500000
   -2.806    4.737    6.225    6.255    9.084   11.023   13.881   13.933
           -0.066667 -0.066667  0.500000
   -2.778    4.601    6.174    6.275    9.260   11.137   13.652   13.830
           -0.100000 -0.100000  0.500000
   -2.732    4.377    6.135    6.308    9.490   11.342   13.337   13.669
           -0.133333 -0.133333  0.500000
   -2.668    4.084    6.127    6.352    9.718   11.650   12.984   13.460
           -0.166667 -0.166667  0.500000
   -2.587    3.746    6.154    6.408    9.916   12.056   12.627   13.221
           -0.200000 -0.200000  0.500000
   -2.489    3.382    6.210    6.473   10.076   12.226   12.598   12.957
           -0.233333 -0.233333  0.500000
   -2.376    3.011    6.290    6.547   10.198   11.902   12.687   13.150
           -0.266667 -0.266667  0.500000
   -2.249    2.643    6.388    6.626   10.276   11.606   12.419   13.760
           -0.300000 -0.300000  0.500000
   -2.112    2.289    6.499    6.708   10.294   11.380   12.163   14.392
           -0.333333 -0.333333  0.500000
   -1.970    1.955    6.619    6.790   10.228   11.254   11.930   14.988
           -0.366667 -0.366667  0.500000
   -1.826    1.653    6.738    6.867   10.090   11.223   11.723   15.385
           -0.400000 -0.400000  0.500000
   -1.689    1.393    6.850    6.934    9.927   11.242   11.553   15.437
           -0.433333 -0.433333  0.500000
   -1.571    1.188    6.944    6.985    9.783   11.277   11.423   15.359
           -0.466667 -0.466667  0.500000
   -1.492    1.054    7.008    7.019    9.677   11.306   11.344   15.287
           -0.500000 -0.500000  0.500000
   -1.463    1.007    7.031    7.031    9.642   11.317   11.317   15.261
            0.500000  1.500000  0.500000
   -1.463    1.007    7.031    7.031    9.642   11.317   11.317   15.261
            0.475000  1.475000  0.475000
   -1.460    1.018    6.959    7.011    9.711   11.297   11.353   15.305
            0.450000  1.450000  0.450000
   -1.451    1.052    6.767    6.954    9.888   11.251   11.459   15.426
            0.425000  1.425000  0.425000
   -1.437    1.106    6.498    6.867   10.096   11.226   11.631   15.580
            0.400000  1.400000  0.400000
   -1.415    1.179    6.189    6.754   10.222   11.310   11.857   15.632
            0.375000  1.375000  0.375000
   -1.385    1.269    5.864    6.625   10.200   11.564   12.132   15.356
            0.350000  1.350000  0.350000
   -1.348    1.372    5.539    6.485   10.079   11.940   12.449   14.841
            0.325000  1.325000  0.325000
   -1.300    1.482    5.225    6.342    9.912   12.370   12.799   14.265
            0.300000  1.300000  0.300000
   -1.243    1.592    4.934    6.199    9.732   12.813   13.180   13.699
            0.275000  1.275000  0.275000
   -1.176    1.690    4.680    6.060    9.552   12.931   13.483   13.591
            0.250000  1.250000  0.250000
   -1.097    1.765    4.476    5.927    9.379   12.428   13.920   14.023
            0.225000  1.225000  0.225000
   -1.005    1.798    4.339    5.804    9.215   11.876   14.431   14.479
            0.200000  1.200000  0.200000
   -0.903    1.775    4.283    5.690    9.066   11.334   14.952   14.957
            0.175000  1.175000  0.175000
   -0.788    1.692    4.309    5.587    8.932   10.814   15.439   15.490
            0.150000  1.150000  0.150000
   -0.660    1.556    4.406    5.497    8.812   10.319   15.937   16.023
            0.125000  1.125000  0.125000
   -0.520    1.383    4.554    5.420    8.712    9.860   16.434   16.546
            0.100000  1.100000  0.100000
   -0.368    1.188    4.733    5.356    8.629    9.443   16.938   17.053
            0.075000  1.075000  0.075000
   -0.203    0.980    4.917    5.305    8.564    9.081   17.416   17.521
            0.050000  1.050000  0.050000
   -0.027    0.769    5.082    5.269    8.519    8.791   17.847   17.918
            0.025000  1.025000  0.025000
    0.159    0.559    5.198    5.248    8.496    8.597   18.167   18.192
            0.000000  1.000000  0.000000
    0.355    0.355    5.240    5.240    8.508    8.508   18.290   18.290
            0.000000  1.050000  0.000000
   -0.038    0.763    5.251    5.251    8.439    8.608   18.077   18.077
            0.000000  1.100000  0.000000
   -0.417    1.182    5.282    5.282    8.400    8.739   17.663   17.663
            0.000000  1.150000  0.000000
   -0.781    1.615    5.334    5.334    8.392    8.902   17.207   17.207
            0.000000  1.200000  0.000000
   -1.127    2.054    5.406    5.406    8.408    9.099   16.738   16.738
            0.000000  1.250000  0.000000
   -1.455    2.500    5.498    5.498    8.455    9.331   16.269   16.269
            0.000000  1.300000  0.000000
   -1.765    2.951    5.609    5.609    8.521    9.596   15.798   15.798
            0.000000  1.350000  0.000000
   -2.059    3.405    5.741    5.741    8.612    9.894   15.331   15.331
            0.000000  1.400000  0.000000
   -2.331    3.866    5.892    5.892    8.726   10.228   14.875   14.875
            0.000000  1.450000  0.000000
   -2.584    4.325    6.061    6.061    8.862   10.593   14.419   14.419
            0.000000  1.500000  0.000000
   -2.815    4.782    6.249    6.249    9.017   10.987   13.968   13.968
            0.000000  1.550000  0.000000
   -3.025    5.236    6.453    6.453    9.190   11.401   13.524   13.524
            0.000000  1.600000  0.000000
   -3.215    5.686    6.673    6.673    9.376   11.820   13.085   13.085
            0.000000  1.650000  0.000000
   -3.381    6.133    6.908    6.908    9.574   12.218   12.664   12.664
            0.000000  1.700000  0.000000
   -3.527    6.566    7.153    7.153    9.777   12.249   12.249   12.521
            0.000000  1.750000  0.000000
   -3.649    6.985    7.404    7.404    9.982   11.852   11.852   12.612
            0.000000  1.800000  0.000000
   -3.750    7.380    7.656    7.656   10.175   11.481   11.481   12.473
            0.000000  1.850000  0.000000
   -3.829    7.737    7.896    7.896   10.347   11.147   11.147   12.214
            0.000000  1.900000  0.000000
   -3.885    8.035    8.107    8.107   10.485   10.869   10.869   11.951
            0.000000  1.950000  0.000000
   -3.918    8.241    8.259    8.259   10.576   10.677   10.677   11.758
            0.000000  2.000000  0.000000
   -3.929    8.315    8.315    8.315   10.608   10.608   10.608   11.686
            1.000000  2.000000  0.000000
    0.355    0.355    5.240    5.240    8.508    8.508   18.290   18.290
            0.966667  1.966667  0.000000
    0.094    0.627    5.226    5.228    8.490    8.601   18.110   18.171
            0.933333  1.933333  0.000000
   -0.156    0.906    5.181    5.197    8.547    8.763   17.623   17.930
            0.900000  1.900000  0.000000
   -0.391    1.186    5.109    5.159    8.675    8.986   16.990   17.650
            0.866667  1.866667  0.000000
   -0.610    1.463    5.017    5.129    8.865    9.258   16.304   17.354
            0.833333  1.833333  0.000000
   -0.813    1.728    4.911    5.121    9.109    9.577   15.604   17.045
            0.800000  1.800000  0.000000
   -0.999    1.971    4.801    5.148    9.396    9.932   14.904   16.722
            0.766667  1.766667  0.000000
   -1.166    2.184    4.691    5.224    9.720   10.321   14.217   16.386
            0.733333  1.733333  0.000000
   -1.314    2.358    4.587    5.356   10.074   10.737   13.550   16.032
            0.700000  1.700000  0.000000
   -1.444    2.491    4.491    5.547   10.452   11.174   12.915   15.658
            0.666667  1.666667  0.000000
   -1.554    2.584    4.407    5.787   10.853   11.609   12.339   15.265
            0.633333  1.633333  0.000000
   -1.643    2.646    4.337    6.064   11.272   11.641   12.237   14.859
            0.600000  1.600000  0.000000
   -1.714    2.683    4.280    6.349   11.186   11.702   12.698   14.431
            0.566667  1.566667  0.000000
   -1.765    2.703    4.239    6.613   10.783   12.139   13.218   13.996
            0.533333  1.533333  0.000000
   -1.795    2.714    4.215    6.805   10.506   12.573   13.563   13.753
            0.500000  1.500000  0.000000
   -1.805    2.717    4.206    6.877   10.406   12.875   13.262   14.186
            0.466667  1.466667  0.000000
   -1.795    2.714    4.215    6.805   10.506   12.573   13.563   13.753
            0.433333  1.433333  0.000000
   -1.765    2.703    4.239    6.613   10.783   12.139   13.218   13.996
            0.400000  1.400000  0.000000
   -1.714    2.683    4.280    6.349   11.186   11.702   12.698   14.431
            0.366667  1.366667  0.000000
   -1.643    2.646    4.337    6.064   11.272   11.641   12.237   14.859
            0.333333  1.333333  0.000000
   -1.554    2.584    4.407    5.787   10.853   11.609   12.339   15.265
            0.300000  1.300000  0.000000
   -1.444    2.491    4.491    5.547   10.452   11.174   12.915   15.658
            0.266667  1.266667  0.000000
   -1.314    2.358    4.587    5.356   10.074   10.737   13.550   16.032
            0.233333  1.233333  0.000000
   -1.166    2.184    4.691    5.224    9.720   10.321   14.217   16.386
            0.200000  1.200000  0.000000
   -0.999    1.971    4.801    5.148    9.396    9.932   14.904   16.722
            0.166667  1.166667  0.000000
   -0.813    1.728    4.911    5.121    9.109    9.577   15.604   17.045
            0.133333  1.133333  0.000000
   -0.610    1.463    5.017    5.129    8.865    9.258   16.304   17.354
            0.100000  1.100000  0.000000
   -0.391    1.186    5.109    5.159    8.675    8.986   16.990   17.650
            0.066667  1.066667  0.000000
   -0.156    0.906    5.181    5.197    8.547    8.763   17.623   17.930
            0.033333  1.033333  0.000000
    0.094    0.627    5.226    5.228    8.490    8.601   18.110   18.171
            0.000000  1.000000  0.000000
    0.355    0.355    5.240    5.240    8.508    8.508   18.290   18.290
            1.000000  1.000000  1.000000
   -3.929    8.315    8.315    8.315   10.608   10.608   10.608   11.686
            0.975000  0.975000  0.975000
   -3.921    8.208    8.298    8.298   10.631   10.631   10.638   11.742
            0.950000  0.950000  0.950000
   -3.896    7.928    8.251    8.251   10.689   10.698   10.698   11.918
            0.925000  0.925000  0.925000
   -3.855    7.541    8.177    8.177   10.701   10.801   10.801   12.207
            0.900000  0.900000  0.900000
   -3.796    7.097    8.087    8.087   10.667   10.929   10.929   12.574
            0.875000  0.875000  0.875000
   -3.720    6.624    7.987    7.987   10.600   11.070   11.070   12.981
            0.850000  0.850000  0.850000
   -3.628    6.138    7.882    7.882   10.515   11.212   11.212   13.407
            0.825000  0.825000  0.825000
   -3.520    5.648    7.776    7.776   10.422   11.343   11.343   13.836
            0.800000  0.800000  0.800000
   -3.396    5.161    7.673    7.673   10.327   11.452   11.452   14.260
            0.775000  0.775000  0.775000
   -3.257    4.680    7.575    7.575   10.227   11.531   11.531   14.670
            0.750000  0.750000  0.750000
   -3.104    4.207    7.483    7.483   10.129   11.575   11.575   15.049
            0.725000  0.725000  0.725000
   -2.937    3.747    7.399    7.399   10.043   11.590   11.590   15.364
            0.700000  0.700000  0.700000
   -2.757    3.305    7.323    7.323    9.963   11.577   11.577   15.549
            0.675000  0.675000  0.675000
   -2.567    2.880    7.255    7.255    9.891   11.545   11.545   15.589
            0.650000  0.650000  0.650000
   -2.368    2.478    7.195    7.195    9.828   11.502   11.502   15.547
            0.625000  0.625000  0.625000
   -2.166    2.102    7.145    7.145    9.771   11.456   11.456   15.476
            0.600000  0.600000  0.600000
   -1.964    1.760    7.104    7.104    9.727   11.412   11.412   15.405
            0.575000  0.575000  0.575000
   -1.777    1.461    7.071    7.071    9.693   11.371   11.371   15.344
            0.550000  0.550000  0.550000
   -1.614    1.222    7.049    7.049    9.669   11.342   11.342   15.299
            0.525000  0.525000  0.525000
   -1.503    1.063    7.035    7.035    9.647   11.323   11.323   15.270
            0.500000  0.500000  0.500000
   -1.463    1.007    7.031    7.031    9.642   11.317   11.317   15.261
            0.500000  0.550000  0.500000
   -1.474    1.037    6.947    7.026    9.713   11.313   11.341   15.308
            0.500000  0.600000  0.500000
   -1.504    1.125    6.723    7.015    9.898   11.310   11.412   15.443
            0.500000  0.650000  0.500000
   -1.549    1.265    6.408    6.996   10.122   11.333   11.528   15.633
            0.500000  0.700000  0.500000
   -1.602    1.450    6.044    6.974   10.311   11.432   11.686   15.810
            0.500000  0.750000  0.500000
   -1.655    1.670    5.659    6.951   10.417   11.645   11.884   15.828
            0.500000  0.800000  0.500000
   -1.705    1.915    5.271    6.927   10.447   11.955   12.107   15.584
            0.500000  0.850000  0.500000
   -1.748    2.174    4.898    6.906   10.440   12.320   12.349   15.196
            0.500000  0.900000  0.500000
   -1.779    2.426    4.563    6.891   10.424   12.590   12.708   14.771
            0.500000  0.950000  0.500000
   -1.799    2.632    4.308    6.881   10.411   12.791   13.073   14.384
            0.500000  1.000000  0.500000
   -1.805    2.717    4.206    6.877   10.406   12.875   13.262   14.186
            0.500000  1.050000  0.500000
   -1.799    2.632    4.308    6.881   10.411   12.791   13.073   14.384
            0.500000  1.100000  0.500000
   -1.779    2.426    4.563    6.891   10.424   12.590   12.708   14.771
            0.500000  1.150000  0.500000
   -1.748    2.174    4.898    6.906   10.440   12.320   12.349   15.196
            0.500000  1.200000  0.500000
   -1.705    1.915    5.271    6.927   10.447   11.955   12.107   15.584
            0.500000  1.250000  0.500000
   -1.655    1.670    5.659    6.951   10.417   11.645   11.884   15.828
            0.500000  1.300000  0.500000
   -1.602    1.450    6.044    6.974   10.311   11.432   11.686   15.810
            0.500000  1.350000  0.500000
   -1.549    1.265    6.408    6.996   10.122   11.333   11.528   15.633
            0.500000  1.400000  0.500000
   -1.504    1.125    6.723    7.015    9.898   11.310   11.412   15.443
            0.500000  1.450000  0.500000
   -1.474    1.037    6.947    7.026    9.713   11.313   11.341   15.308
            0.500000  1.500000  0.500000
   -1.463    1.007    7.031    7.031    9.642   11.317   11.317   15.261
            1.500000  1.500000  0.500000
   -1.463    1.007    7.031    7.031    9.642   11.317   11.317   15.261
            1.466667  1.466667  0.500000
   -1.492    1.054    7.008    7.019    9.677   11.306   11.344   15.287
            1.433333  1.433333  0.500000
   -1.571    1.188    6.944    6.985    9.783   11.277   11.423   15.359
            1.400000  1.400000  0.500000
   -1.689    1.393    6.850    6.934    9.927   11.242   11.553   15.437
            1.366667  1.366667  0.500000
   -1.826    1.653    6.738    6.867   10.090   11.223   11.723   15.385
            1.333333  1.333333  0.500000
   -1.970    1.955    6.619    6.790   10.228   11.254   11.930   14.988
            1.300000  1.300000  0.500000
   -2.112    2.289    6.499    6.708   10.294   11.380   12.163   14.392
            1.266667  1.266667  0.500000
   -2.249    2.643    6.388    6.626   10.276   11.606   12.419   13.760
            1.233333  1.233333  0.500000
   -2.376    3.011    6.290    6.547   10.198   11.902   12.687   13.150
            1.200000  1.200000  0.500000
   -2.489    3.382    6.210    6.473   10.076   12.226   12.598   12.957
            1.166667  1.166667  0.500000
   -2.587    3.746    6.154    6.408    9.916   12.056   12.627   13.221
            1.133333  1.133333  0.500000
   -2.668    4.084    6.127    6.352    9.718   11.650   12.984   13.460
            1.100000  1.100000  0.500000
   -2.732    4.377    6.135    6.308    9.490   11.342   13.337   13.669
            1.066667  1.066667  0.500000
   -2.778    4.601    6.174    6.275    9.260   11.137   13.652   13.830
            1.033333  1.033333  0.500000
   -2.806    4.737    6.225    6.255    9.084   11.023   13.881   13.933
            1.000000  1.000000  0.500000
   -2.815    4.782    6.249    6.249    9.017   10.987   13.968   13.968
            0.966667  0.966667  0.500000
   -2.806    4.737    6.225    6.255    9.084   11.023   13.881   13.933
            0.933333  0.933333  0.500000
   -2.778    4.601    6.174    6.275    9.260   11.137   13.652   13.830
            0.900000  0.900000  0.500000
   -2.732    4.377    6.135    6.308    9.490   11.342   13.337   13.669
            0.866667  0.866667  0.500000
   -2.668    4.084    6.127    6.352    9.718   11.650   12.984   13.460
            0.833333  0.833333  0.500000
   -2.587    3.746    6.154    6.408    9.916   12.056   12.627   13.221
            0.800000  0.800000  0.500000
   -2.489    3.382    6.210    6.473   10.076   12.226   12.598   12.957
            0.766667  0.766667  0.500000
   -2.376    3.011    6.290    6.547   10.198   11.902   12.687   13.150
            0.733333  0.733333  0.500000
   -2.249    2.643    6.388    6.626   10.276   11.606   12.419   13.760
            0.700000  0.700000  0.500000
   -2.112    2.289    6.499    6.708   10.294   11.380   12.163   14.392
            0.666667  0.666667  0.500000
   -1.970    1.955    6.619    6.790   10.228   11.254   11.930   14.988
            0.633333  0.633333  0.500000
   -1.826    1.653    6.738    6.867   10.090   11.223   11.723   15.385
            0.600000  0.600000  0.500000
   -1.689    1.393    6.850    6.934    9.927   11.242   11.553   15.437
            0.566667  0.566667  0.500000
   -1.571    1.188    6.944    6.985    9.783   11.277   11.423   15.359
            0.533333  0.533333  0.500000
   -1.492    1.054    7.008    7.019    9.677   11.306   11.344   15.287
            0.500000  0.500000  0.500000
   -1.463    1.007    7.031    7.031    9.642   11.317   11.317   15.261
            0.000000  1.000000  0.000000
    0.355    0.355    5.240    5.240    8.508    8.508   18.290   18.290
           -0.025000  0.975000 -0.025000
    0.159    0.559    5.198    5.248    8.496    8.597   18.167   18.192
           -0.050000  0.950000 -0.050000
   -0.027    0.769    5.082    5.269    8.519    8.791   17.847   17.918
           -0.075000  0.925000 -0.075000
   -0.203    0.980    4.917    5.305    8.564    9.081   17.416   17.521
           -0.100000  0.900000 -0.100000
   -0.368    1.188    4.733    5.356    8.629    9.443   16.938   17.053
           -0.125000  0.875000 -0.125000
   -0.520    1.383    4.554    5.420    8.712    9.860   16.434   16.546
           -0.150000  0.850000 -0.150000
   -0.660    1.556    4.406    5.497    8.812   10.319   15.937   16.023
           -0.175000  0.825000 -0.175000
   -0.788    1.692    4.309    5.587    8.932   10.814   15.439   15.490
           -0.200000  0.800000 -0.200000
   -0.903    1.775    4.283    5.690    9.066   11.334   14.952   14.957
           -0.225000  0.775000 -0.225000
   -1.005    1.798    4.339    5.804    9.215   11.876   14.431   14.479
           -0.250000  0.750000 -0.250000
   -1.097    1.765    4.476    5.927    9.379   12.428   13.920   14.023
           -0.275000  0.725000 -0.275000
   -1.176    1.690    4.680    6.060    9.552   12.931   13.483   13.591
           -0.300000  0.700000 -0.300000
   -1.243    1.592    4.934    6.199    9.732   12.813   13.180   13.699
           -0.325000  0.675000 -0.325000
   -1.300    1.482    5.225    6.342    9.912   12.370   12.799   14.265
           -0.350000  0.650000 -0.350000
   -1.348    1.372    5.539    6.485   10.079   11.940   12.449   14.841
           -0.375000  0.625000 -0.375000
   -1.385    1.269    5.864    6.625   10.200   11.564   12.132   15.356
           -0.400000  0.600000 -0.400000
   -1.415    1.179    6.189    6.754   10.222   11.310   11.857   15.632
           -0.425000  0.575000 -0.425000
   -1.437    1.106    6.498    6.867   10.096   11.226   11.631   15.580
           -0.450000  0.550000 -0.450000
   -1.451    1.052    6.767    6.954    9.888   11.251   11.459   15.426
           -0.475000  0.525000 -0.475000
   -1.460    1.018    6.959    7.011    9.711   11.297   11.353   15.305
           -0.500000  0.500000 -0.500000
   -1.463    1.007    7.031    7.031    9.642   11.317   11.317   15.261
           -0.500000  0.550000 -0.500000
   -1.474    1.037    6.947    7.026    9.713   11.313   11.341   15.308
           -0.500000  0.600000 -0.500000
   -1.504    1.125    6.723    7.015    9.898   11.310   11.412   15.443
           -0.500000  0.650000 -0.500000
   -1.549    1.265    6.408    6.996   10.122   11.333   11.528   15.633
           -0.500000  0.700000 -0.500000
   -1.602    1.450    6.044    6.974   10.311   11.432   11.686   15.810
           -0.500000  0.750000 -0.500000
   -1.655    1.670    5.659    6.951   10.417   11.645   11.884   15.828
           -0.500000  0.800000 -0.500000
   -1.705    1.915    5.271    6.927   10.447   11.955   12.107   15.584
           -0.500000  0.850000 -0.500000
   -1.748    2.174    4.898    6.906   10.440   12.320   12.349   15.196
           -0.500000  0.900000 -0.500000
   -1.779    2.426    4.563    6.891   10.424   12.590   12.708   14.771
           -0.500000  0.950000 -0.500000
   -1.799    2.632    4.308    6.881   10.411   12.791   13.073   14.384
           -0.500000  1.000000 -0.500000
   -1.805    2.717    4.206    6.877   10.406   12.875   13.262   14.186
           -0.500000  1.050000 -0.500000
   -1.799    2.632    4.308    6.881   10.411   12.791   13.073   14.384
           -0.500000  1.100000 -0.500000
   -1.779    2.426    4.563    6.891   10.424   12.590   12.708   14.771
           -0.500000  1.150000 -0.500000
   -1.748    2.174    4.898    6.906   10.440   12.320   12.349   15.196
           -0.500000  1.200000 -0.500000
   -1.705    1.915    5.271    6.927   10.447   11.955   12.107   15.584
           -0.500000  1.250000 -0.500000
   -1.655    1.670    5.659    6.951   10.417   11.645   11.884   15.828
           -0.500000  1.300000 -0.500000
   -1.602    1.450    6.044    6.974   10.311   11.432   11.686   15.810
           -0.500000  1.350000 -0.500000
   -1.549    1.265    6.408    6.996   10.122   11.333   11.528   15.633
           -0.500000  1.400000 -0.500000
   -1.504    1.125    6.723    7.015    9.898   11.310   11.412   15.443
           -0.500000  1.450000 -0.500000
   -1.474    1.037    6.947    7.026    9.713   11.313   11.341   15.308
           -0.500000  1.500000 -0.500000
   -1.463    1.007    7.031    7.031    9.642   11.317   11.317   15.261
            0.500000  1.500000 -0.500000
   -1.463    1.007    7.031    7.031    9.642   11.317   11.317   15.261
            0.466667  1.466667 -0.500000
   -1.453    1.014    6.930    7.010    9.732   11.295   11.359   15.318
            0.433333  1.433333 -0.500000
   -1.423    1.033    6.668    6.948    9.955   11.238   11.492   15.478
            0.400000  1.400000 -0.500000
   -1.374    1.064    6.315    6.844   10.219   11.160   11.736   15.697
            0.366667  1.366667 -0.500000
   -1.306    1.105    5.924    6.700   10.463   11.086   12.101   15.901
            0.333333  1.333333 -0.500000
   -1.215    1.154    5.525    6.519   10.676   11.034   12.576   15.981
            0.300000  1.300000 -0.500000
   -1.108    1.206    5.136    6.306   10.862   11.013   13.127   15.868
            0.266667  1.266667 -0.500000
   -0.981    1.258    4.770    6.067   11.027   11.039   13.736   15.404
            0.233333  1.233333 -0.500000
   -0.837    1.299    4.442    5.810   11.079   11.220   14.383   14.961
            0.200000  1.200000 -0.500000
   -0.675    1.319    4.165    5.542   11.165   11.407   14.539   14.954
            0.166667  1.166667 -0.500000
   -0.497    1.305    3.956    5.269   11.287   11.606   14.145   14.605
            0.133333  1.133333 -0.500000
   -0.305    1.242    3.826    4.999   11.438   11.814   13.771   14.262
            0.100000  1.100000 -0.500000
   -0.099    1.128    3.781    4.739   11.618   12.030   13.436   13.932
            0.066667  1.066667 -0.500000
    0.115    0.968    3.817    4.493   11.819   12.225   13.153   13.612
            0.033333  1.033333 -0.500000
    0.337    0.774    3.919    4.269   12.034   12.328   13.003   13.325
            0.000000  1.000000 -0.500000
    0.558    0.558    4.074    4.074   12.231   12.231   13.087   13.087
           -0.033333  0.966667 -0.500000
    0.337    0.774    3.919    4.269   12.034   12.328   13.003   13.325
           -0.066667  0.933333 -0.500000
    0.115    0.968    3.817    4.493   11.819   12.225   13.153   13.612
           -0.100000  0.900000 -0.500000
   -0.099    1.128    3.781    4.739   11.618   12.030   13.436   13.932
           -0.133333  0.866667 -0.500000
   -0.305    1.242    3.826    4.999   11.438   11.814   13.771   14.262
           -0.166667  0.833333 -0.500000
   -0.497    1.305    3.956    5.269   11.287   11.606   14.145   14.605
           -0.200000  0.800000 -0.500000
   -0.675    1.319    4.165    5.542   11.165   11.407   14.539   14.954
           -0.233333  0.766667 -0.500000
   -0.837    1.299    4.442    5.810   11.079   11.220   14.383   14.961
           -0.266667  0.733333 -0.500000
   -0.981    1.258    4.770    6.067   11.027   11.039   13.736   15.404
           -0.300000  0.700000 -0.500000
   -1.108    1.206    5.136    6.306   10.862   11.013   13.127   15.868
           -0.333333  0.666667 -0.500000
   -1.215    1.154    5.525    6.519   10.676   11.034   12.576   15.981
           -0.366667  0.633333 -0.500000
   -1.306    1.105    5.924    6.700   10.463   11.086   12.101   15.901
           -0.400000  0.600000 -0.500000
   -1.374    1.064    6.315    6.844   10.219   11.160   11.736   15.697
           -0.433333  0.566667 -0.500000
   -1.423    1.033    6.668    6.948    9.955   11.238   11.492   15.478
           -0.466667  0.533333 -0.500000
   -1.453    1.014    6.930    7.010    9.732   11.295   11.359   15.318
           -0.500000  0.500000 -0.500000
   -1.463    1.007    7.031    7.031    9.642   11.317   11.317   15.261
            0.500000  0.500000  0.500000
   -1.463    1.007    7.031    7.031    9.642   11.317   11.317   15.261
            0.475000  0.475000  0.475000
   -1.503    1.063    7.035    7.035    9.647   11.323   11.323   15.270
            0.450000  0.450000  0.450000
   -1.614    1.222    7.049    7.049    9.669   11.342   11.342   15.299
            0.425000  0.425000  0.425000
   -1.777    1.461    7.071    7.071    9.693   11.371   11.371   15.344
            0.400000  0.400000  0.400000
   -1.964    1.760    7.104    7.104    9.727   11.412   11.412   15.405
            0.375000  0.375000  0.375000
   -2.166    2.102    7.145    7.145    9.771   11.456   11.456   15.476
            0.350000  0.350000  0.350000
   -2.368    2.478    7.195    7.195    9.828   11.502   11.502   15.547
            0.325000  0.325000  0.325000
   -2.567    2.880    7.255    7.255    9.891   11.545   11.545   15.589
            0.300000  0.300000  0.300000
   -2.757    3.305    7.323    7.323    9.963   11.577   11.577   15.549
            0.275000  0.275000  0.275000
   -2.937    3.747    7.399    7.399   10.043   11.590   11.590   15.364
            0.250000  0.250000  0.250000
   -3.104    4.207    7.483    7.483   10.129   11.575   11.575   15.049
            0.225000  0.225000  0.225000
   -3.257    4.680    7.575    7.575   10.227   11.531   11.531   14.670
            0.200000  0.200000  0.200000
   -3.396    5.161    7.673    7.673   10.327   11.452   11.452   14.260
            0.175000  0.175000  0.175000
   -3.520    5.648    7.776    7.776   10.422   11.343   11.343   13.836
            0.150000  0.150000  0.150000
   -3.628    6.138    7.882    7.882   10.515   11.212   11.212   13.407
            0.125000  0.125000  0.125000
   -3.720    6.624    7.987    7.987   10.600   11.070   11.070   12.981
            0.100000  0.100000  0.100000
   -3.796    7.097    8.087    8.087   10.667   10.929   10.929   12.574
            0.075000  0.075000  0.075000
   -3.855    7.541    8.177    8.177   10.701   10.801   10.801   12.207
            0.050000  0.050000  0.050000
   -3.896    7.928    8.251    8.251   10.689   10.698   10.698   11.918
            0.025000  0.025000  0.025000
   -3.921    8.208    8.298    8.298   10.631   10.631   10.638   11.742
            0.000000  0.000000  0.000000
   -3.929    8.315    8.315    8.315   10.608   10.608   10.608   11.686
            0.000000  0.050000  0.000000
   -3.918    8.241    8.259    8.259   10.576   10.677   10.677   11.758
            0.000000  0.100000  0.000000
   -3.885    8.035    8.107    8.107   10.485   10.869   10.869   11.951
            0.000000  0.150000  0.000000
   -3.829    7.737    7.896    7.896   10.347   11.147   11.147   12.214
            0.000000  0.200000  0.000000
   -3.750    7.380    7.656    7.656   10.175   11.481   11.481   12.473
            0.000000  0.250000  0.000000
   -3.649    6.985    7.404    7.404    9.982   11.852   11.852   12.612
            0.000000  0.300000  0.000000
   -3.527    6.566    7.153    7.153    9.777   12.249   12.249   12.521
            0.000000  0.350000  0.000000
   -3.381    6.133    6.908    6.908    9.574   12.218   12.664   12.664
            0.000000  0.400000  0.000000
   -3.215    5.686    6.673    6.673    9.376   11.820   13.085   13.085
            0.000000  0.450000  0.000000
   -3.025    5.236    6.453    6.453    9.190   11.401   13.524   13.524
            0.000000  0.500000  0.000000
   -2.815    4.782    6.249    6.249    9.017   10.987   13.968   13.968
            0.000000  0.550000  0.000000
   -2.584    4.325    6.061    6.061    8.862   10.593   14.419   14.419
            0.000000  0.600000  0.000000
   -2.331    3.866    5.892    5.892    8.726   10.228   14.875   14.875
            0.000000  0.650000  0.000000
   -2.059    3.405    5.741    5.741    8.612    9.894   15.331   15.331
            0.000000  0.700000  0.000000
   -1.765    2.951    5.609    5.609    8.521    9.596   15.798   15.798
            0.000000  0.750000  0.000000
   -1.455    2.500    5.498    5.498    8.455    9.331   16.269   16.269
            0.000000  0.800000  0.000000
   -1.127    2.054    5.406    5.406    8.408    9.099   16.738   16.738
            0.000000  0.850000  0.000000
   -0.781    1.615    5.334    5.334    8.392    8.902   17.207   17.207
            0.000000  0.900000  0.000000
   -0.417    1.182    5.282    5.282    8.400    8.739   17.663   17.663
            0.000000  0.950000  0.000000
   -0.038    0.763    5.251    5.251    8.439    8.608   18.077   18.077
            0.000000  1.000000  0.000000
    0.355    0.355    5.240    5.240    8.508    8.508   18.290   18.290
            1.000000  1.000000  0.000000
    0.355    0.355    5.240    5.240    8.508    8.508   18.290   18.290
            0.966667  0.966667  0.000000
    0.353    0.366    5.162    5.249    8.518    8.619   18.181   18.229
            0.933333  0.933333  0.000000
    0.344    0.398    4.954    5.274    8.546    8.921   17.902   18.061
            0.900000  0.900000  0.000000
    0.325    0.451    4.677    5.315    8.593    9.359   17.526   17.815
            0.866667  0.866667  0.000000
    0.293    0.525    4.379    5.372    8.659    9.887   17.110   17.520
            0.833333  0.833333  0.000000
    0.241    0.618    4.097    5.445    8.742   10.476   16.678   17.197
            0.800000  0.800000  0.000000
    0.163    0.736    3.853    5.534    8.847   11.113   16.248   16.865
            0.766667  0.766667  0.000000
    0.047    0.874    3.663    5.637    8.966   11.778   15.814   16.414
            0.733333  0.733333  0.000000
   -0.105    1.032    3.536    5.755    9.103   12.465   15.394   15.985
            0.700000  0.700000  0.000000
   -0.293    1.211    3.476    5.886    9.255   13.157   14.985   15.587
            0.666667  0.666667  0.000000
   -0.512    1.411    3.479    6.030    9.424   13.822   14.593   15.260
            0.633333  0.633333  0.000000
   -0.755    1.631    3.538    6.184    9.604   14.215   14.255   15.189
            0.600000  0.600000  0.000000
   -1.012    1.875    3.648    6.348    9.796   13.854   14.164   14.927
            0.566667  0.566667  0.000000
   -1.276    2.136    3.800    6.520    9.996   13.511   13.877   14.656
            0.533333  0.533333  0.000000
   -1.544    2.416    3.988    6.697   10.201   13.183   13.566   14.407
            0.500000  0.500000  0.000000
   -1.805    2.717    4.206    6.877   10.406   12.875   13.262   14.186
            0.466667  0.466667  0.000000
   -2.059    3.037    4.452    7.057   10.603   12.586   12.970   13.998
            0.433333  0.433333  0.000000
   -2.303    3.376    4.721    7.234   10.786   12.315   12.695   13.849
            0.400000  0.400000  0.000000
   -2.533    3.735    5.011    7.405   10.944   12.066   12.439   13.745
            0.366667  0.366667  0.000000
   -2.749    4.110    5.317    7.562   11.066   11.832   12.194   13.686
            0.333333  0.333333  0.000000
   -2.949    4.501    5.639    7.710   11.147   11.620   11.966   13.673
            0.300000  0.300000  0.000000
   -3.131    4.911    5.973    7.843   11.188   11.432   11.757   13.688
            0.266667  0.266667  0.000000
   -3.297    5.333    6.313    7.957   11.191   11.259   11.559   13.688
            0.233333  0.233333  0.000000
   -3.444    5.770    6.655    8.053   11.107   11.168   11.379   13.617
            0.200000  0.200000  0.000000
   -3.572    6.216    6.994    8.131   10.975   11.123   11.214   13.413
            0.166667  0.166667  0.000000
   -3.680    6.665    7.322    8.193   10.863   11.062   11.066   13.080
            0.133333  0.133333  0.000000
   -3.770    7.111    7.629    8.241   10.771   10.923   10.994   12.678
            0.100000  0.100000  0.000000
   -3.840    7.538    7.901    8.275   10.699   10.800   10.903   12.280
            0.066667  0.066667  0.000000
   -3.890    7.920    8.119    8.298   10.648   10.700   10.787   11.955
            0.033333  0.033333  0.000000
   -3.919    8.206    8.264    8.311   10.618   10.632   10.665   11.752
            0.000000  0.000000  0.000000
   -3.929    8.315    8.315    8.315   10.608   10.608   10.608   11.686
