 &OSCDFT
  oscdft_type = 2,
  n_oscdft = 100, 
  constraint_strength = 1.0,
  constraint_conv_thr = 3.D-3,
  constraint_maxstep = 100,
  constraint_mixing_beta = 0.4,
/
TARGET_OCCUPATION_NUMBERS
  1 1 1 1  1.000
  1 1 1 2  0.000
  1 1 1 3  0.000
  1 1 1 4  0.000
  1 1 1 5  0.000
  1 1 2 1  0.000
  1 1 2 2  1.000
  1 1 2 3  0.000
  1 1 2 4  0.000
  1 1 2 5  0.000
  1 1 3 1  0.000
  1 1 3 2  0.000
  1 1 3 3  1.000
  1 1 3 4  0.000
  1 1 3 5  0.000
  1 1 4 1  0.000
  1 1 4 2  0.000
  1 1 4 3  0.000
  1 1 4 4  1.000
  1 1 4 5  0.000
  1 1 5 1  0.000
  1 1 5 2  0.000
  1 1 5 3  0.000
  1 1 5 4  0.000
  1 1 5 5  1.000
  1 2 1 1  0.170
  1 2 1 2  0.004
  1 2 1 3  0.004
  1 2 1 4  0.000
  1 2 1 5  0.008
  1 2 2 1  0.004
  1 2 2 2  0.362
  1 2 2 3  0.306
  1 2 2 4  0.007
  1 2 2 5 -0.306
  1 2 3 1  0.004
  1 2 3 2  0.306
  1 2 3 3  0.362
  1 2 3 4 -0.007
  1 2 3 5 -0.306
  1 2 4 1  0.000
  1 2 4 2  0.007
  1 2 4 3 -0.007
  1 2 4 4  0.170
  1 2 4 5  0.000
  1 2 5 1  0.008
  1 2 5 2 -0.306
  1 2 5 3 -0.306
  1 2 5 4  0.000
  1 2 5 5  0.362
  2 1 1 1  0.170
  2 1 1 2  0.004
  2 1 1 3  0.004
  2 1 1 4  0.000
  2 1 1 5  0.008
  2 1 2 1  0.004
  2 1 2 2  0.362
  2 1 2 3  0.306
  2 1 2 4  0.007
  2 1 2 5 -0.306
  2 1 3 1  0.004
  2 1 3 2  0.306
  2 1 3 3  0.362
  2 1 3 4 -0.007
  2 1 3 5 -0.306
  2 1 4 1  0.000
  2 1 4 2  0.007
  2 1 4 3 -0.007
  2 1 4 4  0.170
  2 1 4 5  0.000
  2 1 5 1  0.008
  2 1 5 2 -0.306
  2 1 5 3 -0.306
  2 1 5 4  0.000
  2 1 5 5  0.362
  2 2 1 1  1.000
  2 2 1 2  0.000
  2 2 1 3  0.000
  2 2 1 4  0.000
  2 2 1 5  0.000
  2 2 2 1  0.000
  2 2 2 2  1.000
  2 2 2 3  0.000
  2 2 2 4  0.000
  2 2 2 5  0.000
  2 2 3 1  0.000
  2 2 3 2  0.000
  2 2 3 3  1.000
  2 2 3 4  0.000
  2 2 3 5  0.000
  2 2 4 1  0.000
  2 2 4 2  0.000
  2 2 4 3  0.000
  2 2 4 4  1.000
  2 2 4 5  0.000
  2 2 5 1  0.000
  2 2 5 2  0.000
  2 2 5 3  0.000
  2 2 5 4  0.000
  2 2 5 5  1.000
