 &plot nbnd=   8, nks=    41 /
            0.000000  0.000000  0.000000
   -5.787    6.218    6.218    6.218    8.845    8.845    8.845    9.754
            0.100000  0.000000  0.000000
   -5.743    5.948    6.044    6.044    8.742    9.073    9.073   10.012
            0.200000  0.000000  0.000000
   -5.610    5.303    5.644    5.644    8.475    9.633    9.633   10.548
            0.300000  0.000000  0.000000
   -5.390    4.497    5.179    5.179    8.124   10.361   10.361   10.755
            0.400000  0.000000  0.000000
   -5.084    3.627    4.728    4.728    7.762   10.225   11.175   11.175
            0.500000  0.000000  0.000000
   -4.694    2.731    4.324    4.324    7.434    9.466   12.040   12.040
            0.600000  0.000000  0.000000
   -4.222    1.828    3.981    3.981    7.168    8.743   12.937   12.937
            0.700000  0.000000  0.000000
   -3.671    0.931    3.709    3.709    6.983    8.126   13.859   13.859
            0.800000  0.000000  0.000000
   -3.047    0.053    3.511    3.511    6.891    7.632   14.799   14.799
            0.900000  0.000000  0.000000
   -2.355   -0.795    3.392    3.392    6.902    7.266   15.738   15.738
            1.000000  0.000000  0.000000
   -1.601   -1.601    3.352    3.352    7.025    7.025   16.406   16.406
            1.000000  0.025000  0.025000
   -1.603   -1.595    3.315    3.357    7.030    7.080   16.345   16.373
            1.000000  0.050000  0.050000
   -1.610   -1.577    3.211    3.370    7.046    7.238   16.179   16.281
            1.000000  0.075000  0.075000
   -1.623   -1.548    3.058    3.392    7.071    7.483   15.942   16.138
            1.000000  0.100000  0.100000
   -1.642   -1.506    2.875    3.423    7.106    7.796   15.662   15.958
            1.000000  0.125000  0.125000
   -1.669   -1.452    2.679    3.462    7.152    8.161   15.359   15.750
            1.000000  0.150000  0.150000
   -1.708   -1.387    2.485    3.510    7.207    8.565   15.045   15.525
            1.000000  0.175000  0.175000
   -1.760   -1.310    2.304    3.566    7.272    9.002   14.726   15.288
            1.000000  0.200000  0.200000
   -1.827   -1.221    2.142    3.631    7.346    9.462   14.406   14.963
            1.000000  0.225000  0.225000
   -1.911   -1.120    2.008    3.703    7.429    9.943   14.089   14.632
            1.000000  0.250000  0.250000
   -2.015   -1.007    1.904    3.782    7.522   10.440   13.776   14.310
            0.950000  0.275000  0.275000
   -2.191   -0.843    1.872    3.878    7.635   10.959   13.318   13.651
            0.900000  0.300000  0.300000
   -2.417   -0.684    1.970    3.997    7.781   11.496   12.724   12.931
            0.850000  0.325000  0.325000
   -2.639   -0.595    2.209    4.135    7.955   11.860   12.123   12.425
            0.800000  0.350000  0.350000
   -2.841   -0.576    2.571    4.289    8.149   11.367   11.553   12.826
            0.750000  0.375000  0.375000
   -3.017   -0.601    3.017    4.453    8.346   10.721   11.031   13.433
            0.700000  0.400000  0.400000
   -3.163   -0.646    3.513    4.617    8.505   10.135   10.571   14.030
            0.650000  0.425000  0.425000
   -3.277   -0.693    4.021    4.770    8.528    9.720   10.186   14.415
            0.600000  0.450000  0.450000
   -3.360   -0.733    4.497    4.897    8.310    9.590    9.892   14.355
            0.550000  0.475000  0.475000
   -3.409   -0.759    4.866    4.982    8.014    9.618    9.707   14.190
            0.500000  0.500000  0.500000
   -3.426   -0.768    5.013    5.013    7.880    9.643    9.643   14.120
            0.450000  0.450000  0.450000
   -3.562   -0.569    5.031    5.031    7.901    9.663    9.663   14.150
            0.400000  0.400000  0.400000
   -3.885   -0.061    5.085    5.085    7.961    9.717    9.717   14.226
            0.350000  0.350000  0.350000
   -4.267    0.630    5.176    5.176    8.060    9.784    9.784   14.262
            0.300000  0.300000  0.300000
   -4.642    1.430    5.300    5.300    8.196    9.828    9.828   13.961
            0.250000  0.250000  0.250000
   -4.979    2.304    5.457    5.457    8.362    9.795    9.795   13.237
            0.200000  0.200000  0.200000
   -5.264    3.227    5.638    5.638    8.548    9.648    9.648   12.374
            0.150000  0.150000  0.150000
   -5.491    4.171    5.833    5.833    8.734    9.406    9.406   11.484
            0.100000  0.100000  0.100000
   -5.655    5.090    6.020    6.020    8.881    9.137    9.137   10.635
            0.050000  0.050000  0.050000
   -5.754    5.869    6.163    6.163    8.911    8.926    8.926    9.981
            0.000000  0.000000  0.000000
   -5.787    6.218    6.218    6.218    8.845    8.845    8.845    9.754
