         500
    0.603941072241960E-03    0.634994875635918E-02    0.840376200995999E+02    0.840376200995999E+02
    0.608517586847083E-03    0.662149290381449E-02    0.874041881736951E+02    0.874041881736951E+02
    0.613094101452206E-03    0.689560855162726E-02    0.907943585440825E+02    0.907943585440825E+02
    0.617670616057329E-03    0.717225890072713E-02    0.942081312107619E+02    0.942081312107619E+02
    0.622247130662453E-03    0.745140715204376E-02    0.976455061737335E+02    0.976455061737335E+02
    0.626823645267576E-03    0.773301650650679E-02    0.101106483432997E+03    0.101106483432997E+03
    0.631400159872699E-03    0.801705016504590E-02    0.104591062988553E+03    0.104591062988553E+03
    0.635976674477822E-03    0.830347132859071E-02    0.108099244840401E+03    0.108099244840401E+03
    0.640553189082945E-03    0.859224319807088E-02    0.111631028988540E+03    0.111631028988540E+03
    0.645129703688068E-03    0.888332897441607E-02    0.115186415432972E+03    0.115186415432972E+03
    0.649706218293192E-03    0.917669185855594E-02    0.118765404173697E+03    0.118765404173697E+03
    0.654282732898315E-03    0.947229505142013E-02    0.122367995210713E+03    0.122367995210713E+03
    0.658859247503438E-03    0.977010175393830E-02    0.125994188544021E+03    0.125994188544021E+03
    0.663435762108561E-03    0.100700751670401E-01    0.129643984173621E+03    0.129643984173621E+03
    0.668012276713684E-03    0.103721784916552E-01    0.133317382099514E+03    0.133317382099514E+03
    0.672588791318807E-03    0.106763749287132E-01    0.137014382321698E+03    0.137014382321698E+03
    0.677165305923931E-03    0.109826276791437E-01    0.140734984840175E+03    0.140734984840175E+03
    0.681741820529054E-03    0.112908999438766E-01    0.144479189654944E+03    0.144479189654944E+03
    0.686318335134177E-03    0.116011549238413E-01    0.148246996766004E+03    0.148246996766004E+03
    0.690894849739300E-03    0.119133558199675E-01    0.152038406173357E+03    0.152038406173357E+03
    0.695471364344423E-03    0.122274658331850E-01    0.155853417877002E+03    0.155853417877002E+03
    0.700047878949546E-03    0.125434481644233E-01    0.159692031876939E+03    0.159692031876939E+03
    0.704624393554670E-03    0.128612660146120E-01    0.163554248173169E+03    0.163554248173169E+03
    0.709200908159793E-03    0.131808825846810E-01    0.167440066765690E+03    0.167440066765690E+03
    0.713777422764916E-03    0.135022610755597E-01    0.171349487654503E+03    0.171349487654503E+03
    0.718353937370039E-03    0.138253646881779E-01    0.175282510839609E+03    0.175282510839609E+03
    0.722930451975162E-03    0.141501566234652E-01    0.179239136321006E+03    0.179239136321006E+03
    0.727506966580285E-03    0.144766000823512E-01    0.183219364098696E+03    0.183219364098696E+03
    0.732083481185409E-03    0.148046582657657E-01    0.187223194172678E+03    0.187223194172678E+03
    0.736659995790532E-03    0.151342943746383E-01    0.191250626542952E+03    0.191250626542952E+03
    0.741236510395655E-03    0.154654716098985E-01    0.195301661209517E+03    0.195301661209517E+03
    0.745813025000778E-03    0.157981531724761E-01    0.199376298172376E+03    0.199376298172376E+03
    0.750389539605901E-03    0.161323022633008E-01    0.203474537431526E+03    0.203474537431525E+03
    0.754966054211024E-03    0.164678820833021E-01    0.207596378986968E+03    0.207596378986968E+03
    0.759542568816148E-03    0.168048558334097E-01    0.211741822838702E+03    0.211741822838702E+03
    0.764119083421271E-03    0.171431867145533E-01    0.215910868986728E+03    0.215910868986728E+03
    0.768695598026394E-03    0.174828379276625E-01    0.220103517431047E+03    0.220103517431047E+03
    0.773272112631517E-03    0.178237726736670E-01    0.224319768171657E+03    0.224319768171657E+03
    0.777848627236640E-03    0.181659541534965E-01    0.228559621208560E+03    0.228559621208560E+03
    0.782425141841763E-03    0.185093455680805E-01    0.232823076541755E+03    0.232823076541755E+03
    0.787001656446887E-03    0.188539101183488E-01    0.237110134171242E+03    0.237110134171242E+03
    0.791578171052010E-03    0.191996110052310E-01    0.241420794097021E+03    0.241420794097021E+03
    0.796154685657133E-03    0.195464114296567E-01    0.245755056319091E+03    0.245755056319091E+03
    0.800731200262256E-03    0.198942745925556E-01    0.250112920837455E+03    0.250112920837455E+03
    0.805307714867379E-03    0.202431636948573E-01    0.254494387652110E+03    0.254494387652110E+03
    0.809884229472502E-03    0.205930419374916E-01    0.258899456763057E+03    0.258899456763057E+03
    0.814460744077626E-03    0.209438725213880E-01    0.263328128170297E+03    0.263328128170297E+03
    0.819037258682749E-03    0.212956186474762E-01    0.267780401873828E+03    0.267780401873828E+03
    0.823613773287872E-03    0.216482435166858E-01    0.272256277873652E+03    0.272256277873652E+03
    0.828190287892995E-03    0.220017103299466E-01    0.276755756169767E+03    0.276755756169767E+03
    0.832766802498118E-03    0.223559822881881E-01    0.281278836762175E+03    0.281278836762175E+03
    0.837343317103242E-03    0.227110225923401E-01    0.285825519650875E+03    0.285825519650875E+03
    0.841919831708365E-03    0.230667944433321E-01    0.290395804835867E+03    0.290395804835867E+03
    0.846496346313488E-03    0.234232610420938E-01    0.294989692317151E+03    0.294989692317151E+03
    0.851072860918611E-03    0.237803855895549E-01    0.299607182094727E+03    0.299607182094727E+03
    0.855649375523734E-03    0.241381312866450E-01    0.304248274168595E+03    0.304248274168595E+03
    0.860225890128857E-03    0.244964613342938E-01    0.308912968538756E+03    0.308912968538756E+03
    0.864802404733981E-03    0.248553389334309E-01    0.313601265205208E+03    0.313601265205208E+03
    0.869378919339104E-03    0.252147272849861E-01    0.318313164167952E+03    0.318313164167952E+03
    0.873955433944227E-03    0.255745895898888E-01    0.323048665426989E+03    0.323048665426989E+03
    0.878531948549350E-03    0.259348890490688E-01    0.327807768982318E+03    0.327807768982318E+03
    0.883108463154473E-03    0.262955888634557E-01    0.332590474833939E+03    0.332590474833939E+03
    0.887684977759596E-03    0.266566522339793E-01    0.337396782981851E+03    0.337396782981851E+03
    0.892261492364719E-03    0.270180423615690E-01    0.342226693426056E+03    0.342226693426056E+03
    0.896838006969843E-03    0.273797224471547E-01    0.347080206166554E+03    0.347080206166554E+03
    0.901414521574966E-03    0.277416556916659E-01    0.351957321203343E+03    0.351957321203343E+03
    0.905991036180089E-03    0.281167437358932E-01    0.357061373137839E+03    0.357061373137839E+03
    0.910567550785212E-03    0.285131847387302E-01    0.362507204502951E+03    0.362507204502951E+03
    0.915144065390335E-03    0.289107498755623E-01    0.367971303675803E+03    0.367971303675803E+03
    0.919720579995459E-03    0.293093818722024E-01    0.373453670656393E+03    0.373453670656393E+03
    0.924297094600582E-03    0.297090234544633E-01    0.378954305444722E+03    0.378954305444722E+03
    0.928873609205705E-03    0.301096173481579E-01    0.384473208040792E+03    0.384473208040792E+03
    0.933450123810828E-03    0.305111062790988E-01    0.390010378444600E+03    0.390010378444600E+03
    0.938026638415951E-03    0.309134329730991E-01    0.395565816656146E+03    0.395565816656146E+03
    0.942603153021074E-03    0.313165618526095E-01    0.401139855174306E+03    0.401139855174306E+03
    0.947179667626198E-03    0.317206213293650E-01    0.406735274433258E+03    0.406735274433258E+03
    0.951756182231321E-03    0.321256410680212E-01    0.412353281191788E+03    0.412353281191788E+03
    0.956332696836444E-03    0.325316642005642E-01    0.417995319291959E+03    0.417995319291959E+03
    0.960909211441567E-03    0.329386555433862E-01    0.423661456463017E+03    0.423661456463017E+03
    0.965485726046690E-03    0.333465759868557E-01    0.429351692704964E+03    0.429351692704964E+03
    0.970062240651813E-03    0.337553864213411E-01    0.435066028017797E+03    0.435066028017797E+03
    0.974638755256937E-03    0.341650477372112E-01    0.440804462401520E+03    0.440804462401520E+03
    0.979215269862060E-03    0.345690338815000E-01    0.446495907427020E+03    0.446495907427020E+03
    0.983791784467183E-03    0.346518245335130E-01    0.448843815934484E+03    0.448843815934484E+03
    0.988368299072306E-03    0.341581591494828E-01    0.446016811530241E+03    0.446016811530241E+03
    0.992944813677429E-03    0.335138010589519E-01    0.442209464837906E+03    0.442209464837906E+03
    0.997521328282552E-03    0.328159185482277E-01    0.437934002043070E+03    0.437934002043070E+03
    0.100209784288768E-02    0.322108313723265E-01    0.434400444603087E+03    0.434400444603087E+03
    0.100667435749280E-02    0.319488190576129E-01    0.433684410774617E+03    0.433684410774617E+03
    0.101125087209792E-02    0.321539998038973E-01    0.436938335458512E+03    0.436938335458512E+03
    0.101582738670304E-02    0.328036549430714E-01    0.444139099743471E+03    0.444139099743471E+03
    0.102040390130817E-02    0.336406270634885E-01    0.453196041287857E+03    0.453196041287857E+03
    0.102498041591329E-02    0.344019882678945E-01    0.461837119270564E+03    0.461837119270564E+03
    0.102955693051841E-02    0.352140206986759E-01    0.471080872051881E+03    0.471080872051881E+03
    0.103413344512354E-02    0.360753799224218E-01    0.480964525357158E+03    0.480964525357158E+03
    0.103870995972866E-02    0.369157027239362E-01    0.490948948954063E+03    0.490948948954063E+03
    0.104328647433378E-02    0.377023995586565E-01    0.500653012393689E+03    0.500653012393689E+03
    0.104786298893891E-02    0.384374729890326E-01    0.510076715676037E+03    0.510076715676037E+03
    0.105243950354403E-02    0.391229255775146E-01    0.519220058801107E+03    0.519220058801107E+03
    0.105701601814915E-02    0.397632200010250E-01    0.528103305251015E+03    0.528103305251015E+03
    0.106159253275428E-02    0.403801845060012E-01    0.536893679404966E+03    0.536893679404966E+03
    0.106616904735940E-02    0.409790143978947E-01    0.545628468284636E+03    0.545628468284636E+03
    0.107074556196452E-02    0.415616779222416E-01    0.554323078205765E+03    0.554323078205765E+03
    0.107532207656965E-02    0.421320099241045E-01    0.563007199261154E+03    0.563007199261154E+03
    0.107989859117477E-02    0.426988813002789E-01    0.571750073547901E+03    0.571750073547901E+03
    0.108447510577989E-02    0.432635166790572E-01    0.580558693628882E+03    0.580558693628882E+03
    0.108905162038502E-02    0.438262889167335E-01    0.589433059504100E+03    0.589433059504100E+03
    0.109362813499014E-02    0.443876113022996E-01    0.598373623209230E+03    0.598373623209230E+03
    0.109820464959526E-02    0.449491052019277E-01    0.607394140440900E+03    0.607394140440900E+03
    0.110278116420039E-02    0.455125189138629E-01    0.616507941951930E+03    0.616507941951930E+03
    0.110735767880551E-02    0.460821000140271E-01    0.625747597225541E+03    0.625747597225541E+03
    0.111193419341063E-02    0.466587500679833E-01    0.635118276532045E+03    0.635118276532045E+03
    0.111651070801575E-02    0.472427452472688E-01    0.644619979871443E+03    0.644619979871443E+03
    0.112108722262088E-02    0.478343617234205E-01    0.654252707243734E+03    0.654252707243734E+03
    0.112566373722600E-02    0.484338756679758E-01    0.664016458648917E+03    0.664016458648917E+03
    0.113024025183112E-02    0.490415632524719E-01    0.673911234086995E+03    0.673911234086995E+03
    0.113481676643625E-02    0.496578461829658E-01    0.683938591012554E+03    0.683938591012554E+03
    0.113939328104137E-02    0.502837834412401E-01    0.694106921058228E+03    0.694106921058228E+03
    0.114396979564649E-02    0.509197647832321E-01    0.704417475164880E+03    0.704417475164880E+03
    0.114854631025162E-02    0.515660629442435E-01    0.714870253332510E+03    0.714870253332510E+03
    0.115312282485674E-02    0.522229583000592E-01    0.725466727422448E+03    0.725466727422448E+03
    0.115769933946186E-02    0.528913016988168E-01    0.736407928607415E+03    0.736407928607415E+03
    0.116227585406699E-02    0.535693746246659E-01    0.747710900447812E+03    0.747710900447812E+03
    0.116685236867211E-02    0.542549625196569E-01    0.759459742959248E+03    0.759459742959248E+03
    0.117142888327723E-02    0.549434708890666E-01    0.771450559279103E+03    0.771450559279103E+03
    0.117600539788236E-02    0.556304944488960E-01    0.783317387005742E+03    0.783317387005742E+03
    0.118058191248748E-02    0.563135577145541E-01    0.794799753897335E+03    0.794799753897335E+03
    0.118515842709260E-02    0.569919187590445E-01    0.805893076325211E+03    0.805893076325211E+03
    0.118973494169773E-02    0.576649781970073E-01    0.816605043189280E+03    0.816605043189280E+03
    0.119431145630285E-02    0.583326922882756E-01    0.826997749371837E+03    0.826997749371837E+03
    0.119888797090797E-02    0.589948045501661E-01    0.837109006067141E+03    0.837109006067141E+03
    0.120346448551310E-02    0.596514473009810E-01    0.847039591509810E+03    0.847039591509810E+03
    0.120804100011822E-02    0.603070967542156E-01    0.857464406018886E+03    0.857464406018886E+03
    0.121261751472334E-02    0.609641499006368E-01    0.868463857678212E+03    0.868463857678212E+03
    0.121719402932846E-02    0.616240733495543E-01    0.879986345757246E+03    0.879986345757246E+03
    0.122177054393359E-02    0.622893907696495E-01    0.892075383814236E+03    0.892075383814236E+03
    0.122634705853871E-02    0.629625268721938E-01    0.904736971575846E+03    0.904736971575846E+03
    0.123092357314383E-02    0.636459632534970E-01    0.917975498917974E+03    0.917975498917974E+03
    0.123550008774896E-02    0.643440301176582E-01    0.932006239078663E+03    0.932006239078663E+03
    0.124007660235408E-02    0.650639018156484E-01    0.947222898992020E+03    0.947222898992020E+03
    0.124465311695920E-02    0.658086065375928E-01    0.963582081100764E+03    0.963582081100764E+03
    0.124922963156433E-02    0.665639089028091E-01    0.980275947057146E+03    0.980275947057146E+03
    0.125380614616945E-02    0.673270029352367E-01    0.997090673833325E+03    0.997090673833325E+03
    0.125838266077457E-02    0.680993047292337E-01    0.101402626142929E+04    0.101402626142929E+04
    0.126295917537970E-02    0.688836812839415E-01    0.103116553405285E+04    0.103116553405285E+04
    0.126753568998482E-02    0.696847436020158E-01    0.104869940248166E+04    0.104869940248166E+04
    0.127211220458994E-02    0.705105360740210E-01    0.106689566577317E+04    0.106689566577317E+04
    0.127668871919507E-02    0.713643706273841E-01    0.108578901078040E+04    0.108578901078040E+04
    0.128126523380019E-02    0.722488044876578E-01    0.110537943750336E+04    0.110537943750336E+04
    0.128584174840531E-02    0.731663948803947E-01    0.112566694594205E+04    0.112566694594205E+04
    0.129041826301044E-02    0.741196990311482E-01    0.114665153609647E+04    0.114665153609647E+04
    0.129499477761556E-02    0.751112741654702E-01    0.116833320796661E+04    0.116833320796661E+04
    0.129957129222068E-02    0.761436775089137E-01    0.119071196155249E+04    0.119071196155249E+04
    0.130414780682580E-02    0.772194662870310E-01    0.121378779685409E+04    0.121378779685409E+04
    0.130872432143093E-02    0.783411977253753E-01    0.123756071387142E+04    0.123756071387142E+04
    0.131330083603605E-02    0.795114290494991E-01    0.126203071260449E+04    0.126203071260449E+04
    0.131787735064117E-02    0.807327174849549E-01    0.128719779305328E+04    0.128719779305328E+04
    0.132245386524630E-02    0.820098803661022E-01    0.131316359532651E+04    0.131316359532651E+04
    0.132703037985142E-02    0.833942916640887E-01    0.134213734942261E+04    0.134213734942261E+04
    0.133160689445654E-02    0.849064608740909E-01    0.137489862833937E+04    0.137489862833937E+04
    0.133618340906167E-02    0.864777403859484E-01    0.140818585779589E+04    0.140818585779589E+04
    0.134075992366679E-02    0.881106254351625E-01    0.144199903779216E+04    0.144199903779216E+04
    0.134533643827191E-02    0.898086163479548E-01    0.147634933547749E+04    0.147634933547749E+04
    0.134991295287704E-02    0.915780068469288E-01    0.151127900495747E+04    0.151127900495747E+04
    0.135448946748216E-02    0.934179246530700E-01    0.154673118730060E+04    0.154673118730060E+04
    0.135906598208728E-02    0.952097807339475E-01    0.158074998375664E+04    0.158074998375664E+04
    0.136364249669241E-02    0.971630625064728E-01    0.161677520191638E+04    0.161677520191638E+04
    0.136821901129753E-02    0.993927089687192E-01    0.165682276148670E+04    0.165682276148670E+04
    0.137279552590265E-02    0.101472603619775E+00    0.169398874270015E+04    0.169398874270015E+04
    0.137737204050778E-02    0.103402015144612E+00    0.172827322876356E+04    0.172827322876356E+04
    0.138194855511290E-02    0.105194374442825E+00    0.175989304269100E+04    0.175989304269100E+04
    0.138652506971802E-02    0.106871393889000E+00    0.178921095319695E+04    0.178921095319695E+04
    0.139110158432314E-02    0.108439839742022E+00    0.181634829016724E+04    0.181634829016724E+04
    0.139567809892827E-02    0.109899307977456E+00    0.184130815692467E+04    0.184130815692467E+04
    0.140025461353339E-02    0.111255617548695E+00    0.186419329565626E+04    0.186419329565626E+04
    0.140483112813851E-02    0.112511311657177E+00    0.188505358129914E+04    0.188505358129914E+04
    0.140940764274364E-02    0.113664547552547E+00    0.190387485411124E+04    0.190387485411124E+04
    0.141398415734876E-02    0.114707643461514E+00    0.192058092537649E+04    0.192058092537649E+04
    0.141856067195388E-02    0.115584526576888E+00    0.193425336461645E+04    0.193425336461645E+04
    0.142313718655901E-02    0.116261933253748E+00    0.194426922014209E+04    0.194426922014209E+04
    0.142771370116413E-02    0.116758960620720E+00    0.195084427400701E+04    0.195084427400701E+04
    0.143229021576925E-02    0.117093696299681E+00    0.195419015147377E+04    0.195419015147377E+04
    0.143686673037438E-02    0.117428804939376E+00    0.195691741703965E+04    0.195691741703965E+04
    0.144144324497950E-02    0.117807701709711E+00    0.195964310415331E+04    0.195964310415331E+04
    0.144601975958462E-02    0.118224787251178E+00    0.196221472937820E+04    0.196221472937820E+04
    0.145059627418975E-02    0.118687424332256E+00    0.196467926227665E+04    0.196467926227665E+04
    0.145517278879487E-02    0.119224645431905E+00    0.196737080709577E+04    0.196737080709577E+04
    0.145974930339999E-02    0.119843625460805E+00    0.197035034078609E+04    0.197035034078609E+04
    0.146432581800512E-02    0.120534369956489E+00    0.197345990173507E+04    0.197345990173507E+04
    0.146890233261024E-02    0.121284222130895E+00    0.197646107445826E+04    0.197646107445826E+04
    0.147347884721536E-02    0.122023944769194E+00    0.197838130821245E+04    0.197838130821245E+04
    0.147805536182049E-02    0.122724695511283E+00    0.197871784848137E+04    0.197871784848137E+04
    0.148263187642561E-02    0.123454360545608E+00    0.197900030069216E+04    0.197900030069216E+04
    0.148720839103073E-02    0.124313515090027E+00    0.198176046973054E+04    0.198176046973054E+04
    0.149178490563585E-02    0.125317813620975E+00    0.198707164413118E+04    0.198707164413118E+04
    0.149636142024098E-02    0.126504686304866E+00    0.199526679550350E+04    0.199526679550350E+04
    0.150093793484610E-02    0.127789656570267E+00    0.200447019035432E+04    0.200447019035432E+04
    0.150551444945122E-02    0.129141120295579E+00    0.201429997168347E+04    0.201429997168347E+04
    0.151009096405635E-02    0.130560479657196E+00    0.202520892029564E+04    0.202520892029564E+04
    0.151466747866147E-02    0.132052783150072E+00    0.203728427720189E+04    0.203728427720189E+04
    0.151924399326659E-02    0.133633902412114E+00    0.205059488633636E+04    0.205059488633636E+04
    0.152382050787172E-02    0.135212164299770E+00    0.206294076693041E+04    0.206294076693041E+04
    0.152839702247684E-02    0.136761626110473E+00    0.207372000474058E+04    0.207372000474058E+04
    0.153297353708196E-02    0.138372772665641E+00    0.208518135567577E+04    0.208518135567577E+04
    0.153755005168709E-02    0.140031048519578E+00    0.209685183300711E+04    0.209685183300711E+04
    0.154212656629221E-02    0.141661609391877E+00    0.210695186370640E+04    0.210695186370640E+04
    0.154670308089733E-02    0.143318719223846E+00    0.211682931979111E+04    0.211682931979111E+04
    0.155127959550246E-02    0.145017308923558E+00    0.212676026163059E+04    0.212676026163059E+04
    0.155585611010758E-02    0.146599189546912E+00    0.213277330991758E+04    0.213277330991758E+04
    0.156043262471270E-02    0.148179757810934E+00    0.213772407249082E+04    0.213772407249082E+04
    0.156500913931783E-02    0.149847397968467E+00    0.214421509958304E+04    0.214421509958304E+04
    0.156958565392295E-02    0.151464436292835E+00    0.214892521210662E+04    0.214892521210662E+04
    0.157416216852807E-02    0.153296439299444E+00    0.215837642146380E+04    0.215837642146380E+04
    0.157873868313319E-02    0.155492306090898E+00    0.217611314604016E+04    0.217611314604016E+04
    0.158331519773832E-02    0.157826672373302E+00    0.219611579843425E+04    0.219611579843425E+04
    0.158789171234344E-02    0.160333865194404E+00    0.221924163984243E+04    0.221924163984243E+04
    0.159246822694856E-02    0.163060535889272E+00    0.224646697829458E+04    0.224646697829458E+04
    0.159704474155369E-02    0.165856853412492E+00    0.227406676064591E+04    0.227406676064591E+04
    0.160162125615881E-02    0.168676465074843E+00    0.230148921001474E+04    0.230148921001474E+04
    0.160619777076393E-02    0.171532564531344E+00    0.232863404678214E+04    0.232863404678214E+04
    0.161077428536906E-02    0.174493721569070E+00    0.235572727897892E+04    0.235572727897892E+04
    0.161535079997418E-02    0.177514111810731E+00    0.238461784040245E+04    0.238461784040245E+04
    0.161992731457930E-02    0.180497024177326E+00    0.241208449163973E+04    0.241208449163973E+04
    0.162450382918443E-02    0.183409897061539E+00    0.243714282050245E+04    0.243714282050245E+04
    0.162908034378955E-02    0.186401469087701E+00    0.246488819837181E+04    0.246488819837181E+04
    0.163365685839467E-02    0.189454421188842E+00    0.249391005900722E+04    0.249391005900722E+04
    0.163823337299980E-02    0.192461319496587E+00    0.252051114953424E+04    0.252051114953424E+04
    0.164280988760492E-02    0.195419921860231E+00    0.254474693861618E+04    0.254474693861618E+04
    0.164738640221004E-02    0.198327118901662E+00    0.256668942011576E+04    0.256668942011576E+04
    0.165196291681517E-02    0.201184527724764E+00    0.258655599088788E+04    0.258655599088788E+04
    0.165653943142029E-02    0.204002248363146E+00    0.260475170503255E+04    0.260475170503255E+04
    0.166111594602541E-02    0.206825586404606E+00    0.262273749457758E+04    0.262273749457758E+04
    0.166569246063053E-02    0.209682404885872E+00    0.264148805425891E+04    0.264148805425891E+04
    0.167026897523566E-02    0.212553485518509E+00    0.266040034932678E+04    0.266040034932678E+04
    0.167484548984078E-02    0.215416446385833E+00    0.267886360555601E+04    0.267886360555601E+04
    0.167942200444590E-02    0.218236552040054E+00    0.269598257504215E+04    0.269598257504215E+04
    0.168399851905103E-02    0.220996786056805E+00    0.271144217362307E+04    0.271144217362307E+04
    0.168857503365615E-02    0.223692039008420E+00    0.272521910083995E+04    0.272521910083995E+04
    0.169315154826127E-02    0.226319928357309E+00    0.273732961398363E+04    0.273732961398363E+04
    0.169772806286640E-02    0.228878732409101E+00    0.274779681351544E+04    0.274779681351544E+04
    0.170230457747152E-02    0.231365187231057E+00    0.275662230866157E+04    0.275662230866157E+04
    0.170688109207664E-02    0.233776093463421E+00    0.276380865714539E+04    0.276380865714539E+04
    0.171145760668177E-02    0.236138361463329E+00    0.276978283711100E+04    0.276978283711100E+04
    0.171603412128689E-02    0.238468191185993E+00    0.277483486099283E+04    0.277483486099283E+04
    0.172061063589201E-02    0.240764372452112E+00    0.277900702498324E+04    0.277900702498324E+04
    0.172518715049714E-02    0.243023493110845E+00    0.278229935273039E+04    0.278229935273039E+04
    0.172976366510226E-02    0.245242139717187E+00    0.278471184423427E+04    0.278471184423427E+04
    0.173434017970738E-02    0.247416559701156E+00    0.278623995894194E+04    0.278623995894194E+04
    0.173891669431251E-02    0.249540741733109E+00    0.278684915524805E+04    0.278684915524805E+04
    0.174349320891763E-02    0.251611814959895E+00    0.278655226476014E+04    0.278655226476014E+04
    0.174806972352275E-02    0.253627010160787E+00    0.278536054552671E+04    0.278536054552671E+04
    0.175264623812788E-02    0.255582949904594E+00    0.278327399754774E+04    0.278327399754774E+04
    0.175722275273300E-02    0.257476256760123E+00    0.278029262082324E+04    0.278029262082324E+04
    0.176179926733812E-02    0.259311004232380E+00    0.277651302012649E+04    0.277651302012649E+04
    0.176637578194324E-02    0.261123994258360E+00    0.277244353142818E+04    0.277244353142818E+04
    0.177095229654837E-02    0.262919936876771E+00    0.276815801170731E+04    0.276815801170731E+04
    0.177552881115349E-02    0.264465412395823E+00    0.276077351853529E+04    0.276077351853529E+04
    0.178010532575861E-02    0.265241174751625E+00    0.274413958823170E+04    0.274413958823170E+04
    0.178468184036374E-02    0.264866309852089E+00    0.271438534371099E+04    0.271438534371099E+04
    0.178925835496886E-02    0.263259014045541E+00    0.267168277662597E+04    0.267168277662597E+04
    0.179383486957398E-02    0.269762104048911E+00    0.273162703402405E+04    0.273162703402405E+04
    0.179841138417911E-02    0.288120373823377E+00    0.291542359455245E+04    0.291542359455245E+04
    0.180298789878423E-02    0.299089805302965E+00    0.299217147780262E+04    0.299217147780262E+04
    0.180756441338935E-02    0.300958169612718E+00    0.296091030222872E+04    0.296091030222872E+04
    0.181214092799448E-02    0.292982190105316E+00    0.282808921334350E+04    0.282808921334350E+04
    0.181671744259960E-02    0.273225738317953E+00    0.259354776321872E+04    0.259354776321872E+04
    0.182129395720472E-02    0.241209594994249E+00    0.226406782599052E+04    0.226406782599052E+04
    0.182587047180985E-02    0.198714104164998E+00    0.186520094455316E+04    0.186520094455316E+04
    0.183044698641497E-02    0.159137046513190E+00    0.151406774179272E+04    0.151406774179272E+04
    0.183502350102009E-02    0.144923933935786E+00    0.137843544996230E+04    0.137843544996230E+04
    0.183960001562522E-02    0.133665250951070E+00    0.127290045146006E+04    0.127290045146006E+04
    0.184417653023034E-02    0.124452823241415E+00    0.118811183678333E+04    0.118811183678333E+04
    0.184875304483546E-02    0.118193251420546E+00    0.113057478874976E+04    0.113057478874976E+04
    0.185332955944058E-02    0.114553737966214E+00    0.109590902589269E+04    0.109590902589269E+04
    0.185790607404571E-02    0.113072771072982E+00    0.107837967224412E+04    0.107837967224412E+04
    0.186248258865083E-02    0.112480269794275E+00    0.106837297359146E+04    0.106837297359146E+04
    0.186705910325595E-02    0.112504671923081E+00    0.106370166152175E+04    0.106370166152175E+04
    0.187163561786108E-02    0.113110665837821E+00    0.106415253052948E+04    0.106415253052948E+04
    0.187621213246620E-02    0.114303546363243E+00    0.106969072503335E+04    0.106969072503335E+04
    0.188078864707132E-02    0.115757711346439E+00    0.107760952105401E+04    0.107760952105401E+04
    0.188536516167645E-02    0.117247996661313E+00    0.108598515662214E+04    0.108598515662214E+04
    0.188994167628157E-02    0.118752286448307E+00    0.109445017451208E+04    0.109445017451208E+04
    0.189451819088669E-02    0.120260832549377E+00    0.110285223350556E+04    0.110285223350556E+04
    0.189909470549182E-02    0.121754385455369E+00    0.111091928286485E+04    0.111091928286485E+04
    0.190367122009694E-02    0.123231039033476E+00    0.111865132258996E+04    0.111865132258996E+04
    0.190824773470206E-02    0.124699280589005E+00    0.112620276660562E+04    0.112620276660562E+04
    0.191282424930719E-02    0.126171386230745E+00    0.113378043988564E+04    0.113378043988564E+04
    0.191740076391231E-02    0.127583704717514E+00    0.114059513558242E+04    0.114059513558242E+04
    0.192197727851743E-02    0.128919390528522E+00    0.114644145596251E+04    0.114644145596251E+04
    0.192655379312256E-02    0.130179165643389E+00    0.115133257821472E+04    0.115133257821472E+04
    0.193113030772768E-02    0.131355263010420E+00    0.115519209988742E+04    0.115519209988742E+04
    0.193570682233280E-02    0.132436869772044E+00    0.115790980580599E+04    0.115790980580599E+04
    0.194028333693793E-02    0.133580236285886E+00    0.116158904349473E+04    0.116158904349473E+04
    0.194485985154305E-02    0.134705972486295E+00    0.116495452439557E+04    0.116495452439557E+04
    0.194943636614817E-02    0.135797705650878E+00    0.116775741366173E+04    0.116775741366173E+04
    0.195401288075329E-02    0.136896063059540E+00    0.117042163011807E+04    0.117042163011807E+04
    0.195858939535842E-02    0.138052073048492E+00    0.117355592961605E+04    0.117355592961605E+04
    0.196316590996354E-02    0.139277268597726E+00    0.117733972823597E+04    0.117733972823597E+04
    0.196774242456866E-02    0.140660272092734E+00    0.118281743411388E+04    0.118281743411388E+04
    0.197231893917379E-02    0.142275820488330E+00    0.119069304004429E+04    0.119069304004429E+04
    0.197689545377891E-02    0.143838172796469E+00    0.119767747343111E+04    0.119767747343111E+04
    0.198147196838403E-02    0.145340396854334E+00    0.120375775386534E+04    0.120375775386534E+04
    0.198604848298916E-02    0.146899454390837E+00    0.121063498334942E+04    0.121063498334942E+04
    0.199062499759428E-02    0.148378056493761E+00    0.121641098393581E+04    0.121641098393581E+04
    0.199520151219940E-02    0.149844597066187E+00    0.122204454588586E+04    0.122204454588586E+04
    0.199977802680453E-02    0.151283806580269E+00    0.122733045437502E+04    0.122733045437502E+04
    0.200435454140965E-02    0.152684771817585E+00    0.123212511715218E+04    0.123212511715218E+04
    0.200893105601477E-02    0.154054832459075E+00    0.123653689792326E+04    0.123653689792326E+04
    0.201350757061990E-02    0.155563441205793E+00    0.124283657467674E+04    0.124283657467674E+04
    0.201808408522502E-02    0.157276058785246E+00    0.125189071328796E+04    0.125189071328796E+04
    0.202266059983014E-02    0.159034662151784E+00    0.126150795865910E+04    0.126150795865910E+04
    0.202723711443527E-02    0.160746347020846E+00    0.127042321766966E+04    0.127042321766966E+04
    0.203181362904039E-02    0.162415700839491E+00    0.127869964984952E+04    0.127869964984952E+04
    0.203639014364551E-02    0.164121083106514E+00    0.128736885529142E+04    0.128736885529142E+04
    0.204096665825063E-02    0.165964218426391E+00    0.129780640682286E+04    0.129780640682286E+04
    0.204554317285576E-02    0.167782780151207E+00    0.130775339769980E+04    0.130775339769980E+04
    0.205011968746088E-02    0.169575607144589E+00    0.131720982792223E+04    0.131720982792223E+04
    0.205469620206600E-02    0.171341538270162E+00    0.132617569749015E+04    0.132617569749015E+04
    0.205927271667113E-02    0.173079412391551E+00    0.133465100640356E+04    0.133465100640356E+04
    0.206384923127625E-02    0.174788068372382E+00    0.134263575466247E+04    0.134263575466247E+04
    0.206842574588137E-02    0.176466345076279E+00    0.135012994226687E+04    0.135012994226687E+04
    0.207300226048650E-02    0.178113081366869E+00    0.135713356921676E+04    0.135713356921676E+04
    0.207757877509162E-02    0.179727116107776E+00    0.136364663551214E+04    0.136364663551214E+04
    0.208215528969674E-02    0.181307288162626E+00    0.136966914115302E+04    0.136966914115302E+04
    0.208673180430187E-02    0.182852436395044E+00    0.137520108613939E+04    0.137520108613939E+04
    0.209130831890699E-02    0.184361399668655E+00    0.138024247047125E+04    0.138024247047125E+04
    0.209588483351211E-02    0.185833016847086E+00    0.138479329414860E+04    0.138479329414860E+04
    0.210046134811724E-02    0.187266126793960E+00    0.138885355717145E+04    0.138885355717145E+04
    0.210503786272236E-02    0.188659568372905E+00    0.139242325953979E+04    0.139242325953979E+04
    0.210961437732748E-02    0.190012180447543E+00    0.139550240125362E+04    0.139550240125362E+04
    0.211419089193261E-02    0.191322801881503E+00    0.139809098231294E+04    0.139809098231294E+04
    0.211876740653773E-02    0.192590271538407E+00    0.140018900271776E+04    0.140018900271776E+04
    0.212334392114285E-02    0.193813428281882E+00    0.140179646246807E+04    0.140179646246807E+04
    0.212792043574798E-02    0.194991110975554E+00    0.140291336156387E+04    0.140291336156387E+04
    0.213249695035310E-02    0.196122158483047E+00    0.140353970000516E+04    0.140353970000516E+04
    0.213707346495822E-02    0.197205409667987E+00    0.140367547779196E+04    0.140367547779196E+04
    0.214164997956334E-02    0.198239703393999E+00    0.140332069492423E+04    0.140332069492423E+04
    0.214622649416847E-02    0.199223878524708E+00    0.140247535140201E+04    0.140247535140201E+04
    0.215080300877359E-02    0.200156773923741E+00    0.140113944722527E+04    0.140113944722527E+04
    0.215537952337871E-02    0.201037228454721E+00    0.139931298239403E+04    0.139931298239403E+04
    0.215995603798384E-02    0.201864080981275E+00    0.139699595690827E+04    0.139699595690827E+04
    0.216453255258896E-02    0.202636170367028E+00    0.139418837076802E+04    0.139418837076802E+04
    0.216910906719408E-02    0.203352335475605E+00    0.139089022397325E+04    0.139089022397325E+04
    0.217368558179921E-02    0.204011415170631E+00    0.138710151652398E+04    0.138710151652398E+04
    0.217826209640433E-02    0.204612248315732E+00    0.138282224842020E+04    0.138282224842020E+04
    0.218283861100945E-02    0.205153673774534E+00    0.137805241966191E+04    0.137805241966191E+04
    0.218741512561458E-02    0.205634530410661E+00    0.137279203024912E+04    0.137279203024912E+04
    0.219199164021970E-02    0.206053657087738E+00    0.136704108018181E+04    0.136704108018181E+04
    0.219656815482482E-02    0.206409892669392E+00    0.136079956946000E+04    0.136079956946000E+04
    0.220114466942995E-02    0.206702076019247E+00    0.135406749808369E+04    0.135406749808369E+04
    0.220572118403507E-02    0.206929046000929E+00    0.134684486605286E+04    0.134684486605286E+04
    0.221029769864019E-02    0.207089641478064E+00    0.133913167336753E+04    0.133913167336753E+04
    0.221487421324531E-02    0.207182701314275E+00    0.133092792002769E+04    0.133092792002769E+04
    0.221945072785044E-02    0.207207064373189E+00    0.132223360603335E+04    0.132223360603335E+04
    0.222402724245556E-02    0.207161569518432E+00    0.131304873138450E+04    0.131304873138450E+04
    0.222860375706068E-02    0.207045055613628E+00    0.130337329608113E+04    0.130337329608113E+04
    0.223318027166581E-02    0.206856361522402E+00    0.129320730012326E+04    0.129320730012326E+04
    0.223775678627093E-02    0.206594326108382E+00    0.128255074351089E+04    0.128255074351089E+04
    0.224233330087605E-02    0.206257788235190E+00    0.127140362624400E+04    0.127140362624400E+04
    0.224690981548118E-02    0.205845586766453E+00    0.125976594832261E+04    0.125976594832261E+04
    0.225148633008630E-02    0.205356560565796E+00    0.124763770974671E+04    0.124763770974671E+04
    0.225606284469142E-02    0.204789548496845E+00    0.123501891051630E+04    0.123501891051630E+04
    0.226063935929655E-02    0.204143389423225E+00    0.122190955063139E+04    0.122190955063139E+04
    0.226521587390167E-02    0.203416922208560E+00    0.120830963009197E+04    0.120830963009197E+04
    0.226979238850679E-02    0.202608985716477E+00    0.119421914889804E+04    0.119421914889804E+04
    0.227436890311192E-02    0.201718418810601E+00    0.117963810704960E+04    0.117963810704960E+04
    0.227894541771704E-02    0.200744060354557E+00    0.116456650454666E+04    0.116456650454666E+04
    0.228352193232216E-02    0.199684749211970E+00    0.114900434138921E+04    0.114900434138921E+04
    0.228809844692729E-02    0.198539324246466E+00    0.113295161757725E+04    0.113295161757725E+04
    0.229267496153241E-02    0.197306604919034E+00    0.111640826202783E+04    0.111640826202783E+04
    0.229725147613753E-02    0.195979295196074E+00    0.109935177806251E+04    0.109935177806251E+04
    0.230182799074266E-02    0.194550157298452E+00    0.108175981450324E+04    0.108175981450324E+04
    0.230640450534778E-02    0.192991977529072E+00    0.106348420787684E+04    0.106348420787684E+04
    0.231098101995290E-02    0.191230796272648E+00    0.104405889525886E+04    0.104405889525886E+04
    0.231555753455802E-02    0.189301836264340E+00    0.102374354792210E+04    0.102374354792210E+04
    0.232013404916315E-02    0.187217661702796E+00    0.100267765342557E+04    0.100267765342557E+04
    0.232471056376827E-02    0.184987051738564E+00    0.980939156158497E+03    0.980939156158497E+03
    0.232928707837339E-02    0.182648632951257E+00    0.958785266424335E+03    0.958785266424335E+03
    0.233386359297852E-02    0.180220116030098E+00    0.936354909196802E+03    0.936354909196802E+03
    0.233844010758364E-02    0.177705117606122E+00    0.913628373713442E+03    0.913628373713442E+03
    0.234301662218876E-02    0.175139501183284E+00    0.890794357446436E+03    0.890794357446436E+03
    0.234759313679389E-02    0.172525646472957E+00    0.867865991323359E+03    0.867865991323359E+03
    0.235216965139901E-02    0.169768775504775E+00    0.844152694880022E+03    0.844152694880022E+03
    0.235674616600413E-02    0.166532527640010E+00    0.817181225706584E+03    0.817181225706584E+03
    0.236132268060926E-02    0.182202752469748E+00    0.909765570170331E+03    0.909765570170331E+03
    0.236589919521438E-02    0.203727509184847E+00    0.104178616722580E+04    0.104178616722580E+04
    0.237047570981950E-02    0.217686212451131E+00    0.112760582613036E+04    0.112760582613036E+04
    0.237505222442463E-02    0.224281440852346E+00    0.116756317345870E+04    0.116756317345870E+04
    0.237962873902975E-02    0.223701005671601E+00    0.116196651241569E+04    0.116196651241569E+04
    0.238420525363487E-02    0.216176232550115E+00    0.111143525622905E+04    0.111143525622905E+04
    0.238878176824000E-02    0.201998771875954E+00    0.101701373938082E+04    0.101701373938082E+04
    0.239335828284512E-02    0.181123356367645E+00    0.877341765236579E+03    0.877341765236579E+03
    0.239793479745024E-02    0.154841201262511E+00    0.699730837671168E+03    0.699730837671168E+03
    0.240251131205537E-02    0.124379202263148E+00    0.490793887718571E+03    0.490793887718571E+03
    0.240708782666049E-02    0.115528737239348E+00    0.426325862853433E+03    0.426325862853433E+03
    0.241166434126561E-02    0.115384438989178E+00    0.420523808284034E+03    0.420523808284034E+03
    0.241624085587073E-02    0.116640131547796E+00    0.423949633536362E+03    0.423949633536362E+03
    0.242081737047586E-02    0.118242248140865E+00    0.429444734514082E+03    0.429444734514082E+03
    0.242539388508098E-02    0.120082109266851E+00    0.436208596361906E+03    0.436208596361906E+03
    0.242997039968610E-02    0.122106290691630E+00    0.443868821124217E+03    0.443868821124217E+03
    0.243454691429123E-02    0.124299073083000E+00    0.452318818640749E+03    0.452318818640749E+03
    0.243912342889635E-02    0.126668489100338E+00    0.461589322068339E+03    0.461589322068339E+03
    0.244369994350147E-02    0.129207113208166E+00    0.471585190162248E+03    0.471585190162248E+03
    0.244827645810660E-02    0.131897918376462E+00    0.482193726704688E+03    0.482193726704688E+03
    0.245285297271172E-02    0.134740015579903E+00    0.493414931695660E+03    0.493414931695660E+03
    0.245742948731684E-02    0.137732515793167E+00    0.505248805135164E+03    0.505248805135164E+03
    0.246200600192197E-02    0.140874529990931E+00    0.517695347023202E+03    0.517695347023202E+03
    0.246658251652709E-02    0.144165169147872E+00    0.530754557359771E+03    0.530754557359771E+03
    0.247115903113221E-02    0.147603544238667E+00    0.544426436144872E+03    0.544426436144872E+03
    0.247573554573734E-02    0.151188766237994E+00    0.558710983378505E+03    0.558710983378505E+03
    0.248031206034246E-02    0.154919946120530E+00    0.573608199060670E+03    0.573608199060670E+03
    0.248488857494758E-02    0.158796194860953E+00    0.589118083191368E+03    0.589118083191368E+03
    0.248946508955271E-02    0.162817449656514E+00    0.605243982248175E+03    0.605243982248175E+03
    0.249404160415783E-02    0.166992706548216E+00    0.622025874273676E+03    0.622025874273676E+03
    0.249861811876295E-02    0.171323998750615E+00    0.639475412119653E+03    0.639475412119653E+03
    0.250319463336807E-02    0.175783369343678E+00    0.657485853994738E+03    0.657485853994738E+03
    0.250777114797320E-02    0.180303235839629E+00    0.675794347445799E+03    0.675794347445799E+03
    0.251234766257832E-02    0.184878010119784E+00    0.694381967878860E+03    0.694381967878860E+03
    0.251692417718344E-02    0.189502762310645E+00    0.713232126024438E+03    0.713232126024438E+03
    0.252150069178857E-02    0.194166355168656E+00    0.732302891829881E+03    0.732302891829881E+03
    0.252607720639369E-02    0.198775183661665E+00    0.751224445867109E+03    0.751224445867109E+03
    0.253065372099881E-02    0.203314454512704E+00    0.769937413494892E+03    0.769937413494892E+03
    0.253523023560394E-02    0.207678813015678E+00    0.788025506760180E+03    0.788025506760180E+03
    0.253980675020906E-02    0.211833313952437E+00    0.805347820842533E+03    0.805347820842533E+03
    0.254438326481418E-02    0.215778876380921E+00    0.821904355741950E+03    0.821904355741950E+03
    0.254895977941931E-02    0.219517766977138E+00    0.837700449383306E+03    0.837700449383306E+03
    0.255353629402443E-02    0.223128663756024E+00    0.853044657322465E+03    0.853044657322465E+03
    0.255811280862955E-02    0.226728138589441E+00    0.868399611734461E+03    0.868399611734461E+03
    0.256268932323468E-02    0.230353798679562E+00    0.883914240491789E+03    0.883914240491789E+03
    0.256726583783980E-02    0.234005985088221E+00    0.899588543594445E+03    0.899588543594445E+03
    0.257184235244492E-02    0.237698288678487E+00    0.915476092966608E+03    0.915476092966608E+03
    0.257641886705005E-02    0.241561663491237E+00    0.932107466285435E+03    0.932107466285435E+03
    0.258099538165517E-02    0.245628244940603E+00    0.949618476729493E+03    0.949618476729493E+03
    0.258557189626029E-02    0.249896457622381E+00    0.968009124298772E+03    0.968009124298772E+03
    0.259014841086542E-02    0.254364726132367E+00    0.987279408993271E+03    0.987279408993271E+03
    0.259472492547054E-02    0.259031475066358E+00    0.100742933081299E+04    0.100742933081299E+04
    0.259930144007566E-02    0.263895129020149E+00    0.102845888975794E+04    0.102845888975794E+04
    0.260387795468078E-02    0.268954112589537E+00    0.105036808582810E+04    0.105036808582810E+04
    0.260845446928591E-02    0.274206850370319E+00    0.107315691902349E+04    0.107315691902349E+04
    0.261303098389103E-02    0.279651766958291E+00    0.109682538934410E+04    0.109682538934410E+04
    0.261760749849615E-02    0.285287286949250E+00    0.112137349678994E+04    0.112137349678994E+04
    0.262218401310128E-02    0.291111834938992E+00    0.114680124136100E+04    0.114680124136100E+04
    0.262676052770640E-02    0.297123835523312E+00    0.117310862305727E+04    0.117310862305727E+04
    0.263133704231152E-02    0.303321713298009E+00    0.120029564187877E+04    0.120029564187877E+04
    0.263591355691665E-02    0.309703892858877E+00    0.122836229782550E+04    0.122836229782550E+04
    0.264049007152177E-02    0.316353796382443E+00    0.125764115135866E+04    0.125764115135866E+04
    0.264506658612689E-02    0.323432747262077E+00    0.128878097020837E+04    0.128878097020837E+04
    0.264964310073202E-02    0.330938199807565E+00    0.132179859702188E+04    0.132179859702188E+04
    0.265421961533714E-02    0.338863273757664E+00    0.135669403179921E+04    0.135669403179921E+04
    0.265879612994226E-02    0.347201088851130E+00    0.139346727454036E+04    0.139346727454036E+04
    0.266337264454739E-02    0.356114951167061E+00    0.143279031484036E+04    0.143279031484036E+04
    0.266794915915251E-02    0.366341878795572E+00    0.147767112057437E+04    0.147767112057437E+04
    0.267252567375763E-02    0.377633752311583E+00    0.152736252029393E+04    0.152736252029393E+04
    0.267710218836275E-02    0.390114061356285E+00    0.158314425882936E+04    0.158314425882936E+04
    0.268167870296788E-02    0.404682127392201E+00    0.164917188192950E+04    0.164917188192950E+04
    0.268625521757300E-02    0.421606994839083E+00    0.172658151929801E+04    0.172658151929801E+04
    0.269083173217812E-02    0.442316664583152E+00    0.182071285797717E+04    0.182071285797717E+04
    0.269540824678325E-02    0.470716507039538E+00    0.194704519708083E+04    0.194704519708083E+04
    0.269998476138837E-02    0.510507201984031E+00    0.212305214209550E+04    0.212305214209550E+04
    0.270456127599349E-02    0.914827610430453E+00    0.395043346422066E+04    0.395043346422066E+04
    0.270913779059862E-02    0.114331554072706E+01    0.474325045734441E+04    0.474325045734441E+04
    0.271371430520374E-02    0.712661593295711E+00    0.302302363345852E+04    0.302302363345852E+04
    0.271829081980886E-02    0.813152303065408E+00    0.347061488991366E+04    0.347061488991366E+04
    0.272286733441399E-02    0.913888243806694E+00    0.391787159277468E+04    0.391787159277468E+04
    0.272744384901911E-02    0.100448734770966E+01    0.431929816440300E+04    0.431929816440300E+04
    0.273202036362423E-02    0.111004448947683E+01    0.478878519633761E+04    0.478878519633761E+04
    0.273659687822936E-02    0.121324706878755E+01    0.523764172423047E+04    0.523764172423047E+04
    0.274117339283448E-02    0.128152050541259E+01    0.552080514176205E+04    0.552080514176205E+04
    0.274574990743960E-02    0.128212673689658E+01    0.551419536997904E+04    0.551419536997904E+04
    0.275032642204473E-02    0.124401666576686E+01    0.533958287326847E+04    0.533958287326847E+04
    0.275490293664985E-02    0.118927327729961E+01    0.509107215212017E+04    0.509107215212017E+04
    0.275947945125497E-02    0.111989288178386E+01    0.477907490931515E+04    0.477907490931515E+04
    0.276405596586010E-02    0.104268537509149E+01    0.443302113760705E+04    0.443302113760705E+04
    0.276863248046522E-02    0.959021238763198E+00    0.405991719516367E+04    0.405991719516367E+04
    0.277320899507034E-02    0.889729341343751E+00    0.375599548547176E+04    0.375599548547176E+04
    0.277778550967546E-02    0.824982230836351E+00    0.347713566061083E+04    0.347713566061083E+04
    0.278236202428059E-02    0.762027195077129E+00    0.320898749662175E+04    0.320898749662175E+04
    0.278693853888571E-02    0.730244033955479E+00    0.306454556272563E+04    0.306454556272563E+04
    0.279151505349083E-02    0.698698756681705E+00    0.292225953061499E+04    0.292225953061499E+04
    0.279609156809596E-02    0.667631571642520E+00    0.278370408629391E+04    0.278370408629391E+04
    0.280066808270108E-02    0.636722859392836E+00    0.264784611380084E+04    0.264784611380084E+04
    0.280524459730620E-02    0.605456831701592E+00    0.251275840774672E+04    0.251275840774672E+04
    0.280982111191133E-02    0.573161802956893E+00    0.237579616058428E+04    0.237579616058428E+04
    0.281439762651645E-02    0.538884770804278E+00    0.223293633169771E+04    0.223293633169771E+04
    0.281897414112157E-02    0.502483256972133E+00    0.208388731019931E+04    0.208388731019931E+04
    0.282355065572670E-02    0.463877883670978E+00    0.192864463408419E+04    0.192864463408419E+04
    0.282812717033182E-02    0.422990254376140E+00    0.176720830335228E+04    0.176720830335228E+04
    0.283270368493694E-02    0.395885922351848E+00    0.165244605997466E+04    0.165244605997466E+04
    0.283728019954207E-02    0.369743479263945E+00    0.154098696120200E+04    0.154098696120200E+04
    0.284185671414719E-02    0.343384990528436E+00    0.142893558405426E+04    0.142893558405426E+04
    0.284643322875231E-02    0.316805112218264E+00    0.131629192853147E+04    0.131629192853147E+04
    0.285100974335744E-02    0.289998500406360E+00    0.120305599463359E+04    0.120305599463359E+04
    0.285558625796256E-02    0.262959811165668E+00    0.108922778236065E+04    0.108922778236065E+04
    0.286016277256768E-02    0.235683700569127E+00    0.974807291712626E+03    0.974807291712626E+03
    0.286473928717281E-02    0.208166819777766E+00    0.859803366185071E+03    0.859803366185071E+03
    0.286931580177793E-02    0.180533472868755E+00    0.744790795071838E+03    0.744790795071838E+03
    0.287389231638305E-02    0.152941407750287E+00    0.630469558235560E+03    0.630469558235560E+03
    0.287846883098817E-02    0.126243603345067E+00    0.520467823788039E+03    0.520467823788039E+03
    0.288304534559330E-02    0.100940657329470E+00    0.416527448128747E+03    0.416527448128747E+03
    0.288762186019842E-02    0.835658535405389E-01    0.343903594658950E+03    0.343903594658950E+03
