 &input
    asr = 'crystal'
    amass(1) = 12.01078
    flfrc = 'diam.ifc'
    flvec = 'diam.modes_fine'
    flfrq = ''
    fleig = ''
    q_in_band_form = .false.
    q_in_cryst_coord = .false.

    loto_disable = .true.
 /
  64
   0.000000000000000E+00   0.000000000000000E+00   0.000000000000000E+00
  -0.250000000000000E+00   0.250000000000000E+00  -0.250000000000000E+00
   0.500000000000000E+00  -0.500000000000000E+00   0.500000000000000E+00
   0.250000000000000E+00  -0.250000000000000E+00   0.250000000000000E+00
   0.250000000000000E+00   0.250000000000000E+00   0.250000000000000E+00
   0.000000000000000E+00   0.500000000000000E+00   0.000000000000000E+00
   0.750000000000000E+00  -0.250000000000000E+00   0.750000000000000E+00
   0.500000000000000E+00   0.000000000000000E+00   0.500000000000000E+00
  -0.500000000000000E+00  -0.500000000000000E+00  -0.500000000000000E+00
  -0.750000000000000E+00  -0.250000000000000E+00  -0.750000000000000E+00
   0.000000000000000E+00  -0.100000000000000E+01   0.000000000000000E+00
  -0.250000000000000E+00  -0.750000000000000E+00  -0.250000000000000E+00
  -0.250000000000000E+00  -0.250000000000000E+00  -0.250000000000000E+00
  -0.500000000000000E+00   0.000000000000000E+00  -0.500000000000000E+00
   0.250000000000000E+00  -0.750000000000000E+00   0.250000000000000E+00
   0.000000000000000E+00  -0.500000000000000E+00   0.000000000000000E+00
  -0.250000000000000E+00  -0.250000000000000E+00   0.250000000000000E+00
  -0.500000000000000E+00   0.000000000000000E+00   0.000000000000000E+00
   0.250000000000000E+00  -0.750000000000000E+00   0.750000000000000E+00
   0.000000000000000E+00  -0.500000000000000E+00   0.500000000000000E+00
   0.000000000000000E+00   0.000000000000000E+00   0.500000000000000E+00
  -0.250000000000000E+00   0.250000000000000E+00   0.250000000000000E+00
   0.500000000000000E+00  -0.500000000000000E+00   0.100000000000000E+01
   0.250000000000000E+00  -0.250000000000000E+00   0.750000000000000E+00
  -0.750000000000000E+00  -0.750000000000000E+00  -0.250000000000000E+00
  -0.100000000000000E+01  -0.500000000000000E+00  -0.500000000000000E+00
  -0.250000000000000E+00  -0.125000000000000E+01   0.250000000000000E+00
  -0.500000000000000E+00  -0.100000000000000E+01   0.000000000000000E+00
  -0.500000000000000E+00  -0.500000000000000E+00   0.000000000000000E+00
  -0.750000000000000E+00  -0.250000000000000E+00  -0.250000000000000E+00
   0.000000000000000E+00  -0.100000000000000E+01   0.500000000000000E+00
  -0.250000000000000E+00  -0.750000000000000E+00   0.250000000000000E+00
   0.500000000000000E+00   0.500000000000000E+00  -0.500000000000000E+00
   0.250000000000000E+00   0.750000000000000E+00  -0.750000000000000E+00
   0.100000000000000E+01   0.000000000000000E+00   0.000000000000000E+00
   0.750000000000000E+00   0.250000000000000E+00  -0.250000000000000E+00
   0.750000000000000E+00   0.750000000000000E+00  -0.250000000000000E+00
   0.500000000000000E+00   0.100000000000000E+01  -0.500000000000000E+00
   0.125000000000000E+01   0.250000000000000E+00   0.250000000000000E+00
   0.100000000000000E+01   0.500000000000000E+00   0.000000000000000E+00
   0.000000000000000E+00   0.000000000000000E+00  -0.100000000000000E+01
  -0.250000000000000E+00   0.250000000000000E+00  -0.125000000000000E+01
   0.500000000000000E+00  -0.500000000000000E+00  -0.500000000000000E+00
   0.250000000000000E+00  -0.250000000000000E+00  -0.750000000000000E+00
   0.250000000000000E+00   0.250000000000000E+00  -0.750000000000000E+00
   0.000000000000000E+00   0.500000000000000E+00  -0.100000000000000E+01
   0.750000000000000E+00  -0.250000000000000E+00  -0.250000000000000E+00
   0.500000000000000E+00   0.000000000000000E+00  -0.500000000000000E+00
   0.250000000000000E+00   0.250000000000000E+00  -0.250000000000000E+00
   0.000000000000000E+00   0.500000000000000E+00  -0.500000000000000E+00
   0.750000000000000E+00  -0.250000000000000E+00   0.250000000000000E+00
   0.500000000000000E+00   0.000000000000000E+00   0.000000000000000E+00
   0.500000000000000E+00   0.500000000000000E+00   0.000000000000000E+00
   0.250000000000000E+00   0.750000000000000E+00  -0.250000000000000E+00
   0.100000000000000E+01   0.000000000000000E+00   0.500000000000000E+00
   0.750000000000000E+00   0.250000000000000E+00   0.250000000000000E+00
  -0.250000000000000E+00  -0.250000000000000E+00  -0.750000000000000E+00
  -0.500000000000000E+00   0.000000000000000E+00  -0.100000000000000E+01
   0.250000000000000E+00  -0.750000000000000E+00  -0.250000000000000E+00
   0.000000000000000E+00  -0.500000000000000E+00  -0.500000000000000E+00
   0.000000000000000E+00   0.000000000000000E+00  -0.500000000000000E+00
  -0.250000000000000E+00   0.250000000000000E+00  -0.750000000000000E+00
   0.500000000000000E+00  -0.500000000000000E+00   0.000000000000000E+00
   0.250000000000000E+00  -0.250000000000000E+00  -0.250000000000000E+00
