 &input
    asr = 'crystal'
    amass(1) = 12.01078
    flfrc = 'diam.ifc'
    flvec = 'diam.modes_coarse'
    flfrq = ''
    fleig = ''
    q_in_band_form = .false.
    q_in_cryst_coord = .false.

    loto_disable = .true.
 /
  27
   0.000000000000000E+00   0.000000000000000E+00   0.000000000000000E+00
  -0.333333333333333E+00   0.333333333333333E+00  -0.333333333333333E+00
   0.333333333333333E+00  -0.333333333333333E+00   0.333333333333333E+00
   0.333333333333333E+00   0.333333333333333E+00   0.333333333333333E+00
   0.000000000000000E+00   0.666666666666667E+00   0.000000000000000E+00
   0.666666666666667E+00  -0.555111512312578E-16   0.666666666666667E+00
  -0.333333333333333E+00  -0.333333333333333E+00  -0.333333333333333E+00
  -0.666666666666667E+00  -0.555111512312578E-16  -0.666666666666667E+00
   0.000000000000000E+00  -0.666666666666667E+00   0.000000000000000E+00
  -0.333333333333333E+00  -0.333333333333333E+00   0.333333333333333E+00
  -0.666666666666667E+00   0.000000000000000E+00   0.000000000000000E+00
   0.555111512312578E-16  -0.666666666666667E+00   0.666666666666667E+00
   0.000000000000000E+00   0.000000000000000E+00   0.666666666666667E+00
  -0.333333333333333E+00   0.333333333333333E+00   0.333333333333333E+00
   0.333333333333333E+00  -0.333333333333333E+00   0.100000000000000E+01
  -0.666666666666667E+00  -0.666666666666667E+00  -0.555111512312578E-16
  -0.100000000000000E+01  -0.333333333333333E+00  -0.333333333333333E+00
  -0.333333333333333E+00  -0.100000000000000E+01   0.333333333333333E+00
   0.333333333333333E+00   0.333333333333333E+00  -0.333333333333333E+00
   0.555111512312578E-16   0.666666666666667E+00  -0.666666666666667E+00
   0.666666666666667E+00   0.000000000000000E+00   0.000000000000000E+00
   0.666666666666667E+00   0.666666666666667E+00  -0.555111512312578E-16
   0.333333333333333E+00   0.100000000000000E+01  -0.333333333333333E+00
   0.100000000000000E+01   0.333333333333333E+00   0.333333333333333E+00
   0.000000000000000E+00   0.000000000000000E+00  -0.666666666666667E+00
  -0.333333333333333E+00   0.333333333333333E+00  -0.100000000000000E+01
   0.333333333333333E+00  -0.333333333333333E+00  -0.333333333333333E+00
