  0.00000000E+00  0.89865830E+01
  0.28922784E-01  0.89825122E+01
  0.57845569E-01  0.89703186E+01
  0.86768353E-01  0.89500592E+01
  0.11569114E+00  0.89218298E+01
  0.14461392E+00  0.88857671E+01
  0.17353671E+00  0.88420508E+01
  0.20245949E+00  0.87909062E+01
  0.23138228E+00  0.87326073E+01
  0.26030506E+00  0.86674799E+01
  0.28922784E+00  0.85959048E+01
  0.31815063E+00  0.85183203E+01
  0.34707341E+00  0.84352252E+01
  0.37599620E+00  0.83471799E+01
  0.40491898E+00  0.82548081E+01
  0.43384177E+00  0.81587964E+01
  0.46276455E+00  0.80598934E+01
  0.49168734E+00  0.79589071E+01
  0.52061012E+00  0.78567013E+01
  0.54953290E+00  0.77541903E+01
  0.57845569E+00  0.76523326E+01
  0.60737847E+00  0.75521220E+01
  0.63630126E+00  0.74545791E+01
  0.66522404E+00  0.73607395E+01
  0.69414683E+00  0.72716428E+01
  0.72306961E+00  0.71883187E+01
  0.75199240E+00  0.71117738E+01
  0.78091518E+00  0.70429773E+01
  0.80983796E+00  0.69828463E+01
  0.83876075E+00  0.69322309E+01
  0.86768353E+00  0.68919007E+01
  0.89660632E+00  0.68625306E+01
  0.92552910E+00  0.68446883E+01
  0.95445189E+00  0.68388229E+01
  0.98337467E+00  0.68452551E+01
  0.10122975E+01  0.68641688E+01
  0.10412202E+01  0.68956052E+01
  0.10701430E+01  0.69394588E+01
  0.10990658E+01  0.69954761E+01
  0.11279886E+01  0.70632563E+01
  0.11569114E+01  0.71422549E+01
  0.11861278E+01  0.71417756E+01
  0.12153442E+01  0.71404286E+01
  0.12445607E+01  0.71384809E+01
  0.12737771E+01  0.71363582E+01
  0.13029935E+01  0.71346177E+01
  0.13322099E+01  0.71339147E+01
  0.13614263E+01  0.71349655E+01
  0.13906428E+01  0.71385096E+01
  0.14198592E+01  0.71452741E+01
  0.14490756E+01  0.71559430E+01
  0.14782920E+01  0.71711305E+01
  0.15075085E+01  0.71913618E+01
  0.15367249E+01  0.72170584E+01
  0.15659413E+01  0.72485300E+01
  0.15659413E+01  0.72485290E+01
  0.15951577E+01  0.72859698E+01
  0.16243742E+01  0.73294589E+01
  0.16535906E+01  0.73789646E+01
  0.16828070E+01  0.74343508E+01
  0.17120234E+01  0.74953855E+01
  0.17412399E+01  0.75617512E+01
  0.17704563E+01  0.76330558E+01
  0.17996727E+01  0.77088437E+01
  0.18288891E+01  0.77886080E+01
  0.18581056E+01  0.78718013E+01
  0.18873220E+01  0.79578477E+01
  0.19165384E+01  0.80461524E+01
  0.19457548E+01  0.81361125E+01
  0.19749713E+01  0.82271253E+01
  0.20041877E+01  0.83185970E+01
  0.20334041E+01  0.84099496E+01
  0.20626205E+01  0.85006268E+01
  0.20918370E+01  0.85900991E+01
  0.21210534E+01  0.86778673E+01
  0.21502698E+01  0.87634649E+01
  0.21794862E+01  0.88464590E+01
  0.22087027E+01  0.89264494E+01
  0.22379191E+01  0.90030657E+01
  0.22671355E+01  0.90759622E+01
  0.22963519E+01  0.91448084E+01
  0.23255683E+01  0.92092751E+01
  0.23547848E+01  0.92690114E+01
  0.23840012E+01  0.93236071E+01
  0.24132176E+01  0.93725297E+01
  0.24424340E+01  0.94150115E+01
  0.24716505E+01  0.94074577E+01
  0.25008669E+01  0.93323300E+01
  0.25300833E+01  0.92650543E+01
  0.25592997E+01  0.92054533E+01
  0.25885162E+01  0.91533519E+01
  0.26177326E+01  0.91085828E+01
  0.26469490E+01  0.90709905E+01
  0.26761654E+01  0.90404363E+01
  0.27053819E+01  0.90168012E+01
  0.27345983E+01  0.89999894E+01
  0.27638147E+01  0.89899310E+01
  0.27930311E+01  0.89865830E+01
  0.28216573E+01  0.89931247E+01
  0.28502834E+01  0.90126973E+01
  0.28789095E+01  0.90451432E+01
  0.29075357E+01  0.90902012E+01
  0.29361618E+01  0.91475085E+01
  0.29647879E+01  0.92166037E+01
  0.29934141E+01  0.92625780E+01
  0.30220402E+01  0.92768470E+01
  0.30506663E+01  0.92704821E+01
  0.30792925E+01  0.92471618E+01
  0.31079186E+01  0.92109133E+01
  0.31365447E+01  0.91649796E+01
  0.31651709E+01  0.91117625E+01
  0.31937970E+01  0.90530481E+01
  0.32224231E+01  0.89902202E+01
  0.32510493E+01  0.89244064E+01
  0.32796754E+01  0.88565707E+01
  0.33083015E+01  0.87875692E+01
  0.33369277E+01  0.87181835E+01
  0.33655538E+01  0.86491404E+01
  0.33941799E+01  0.85811233E+01
  0.34228061E+01  0.85147777E+01
  0.34514322E+01  0.84507142E+01
  0.34800583E+01  0.83895091E+01
  0.35086845E+01  0.83317031E+01
  0.35373106E+01  0.82778001E+01
  0.35659367E+01  0.82282653E+01
  0.35945629E+01  0.81835226E+01
  0.36231890E+01  0.81439525E+01
  0.36518151E+01  0.81098899E+01
  0.36804413E+01  0.80816220E+01
  0.37090674E+01  0.80593863E+01
  0.37376935E+01  0.80433693E+01
  0.37663196E+01  0.80337052E+01
  0.37949458E+01  0.80304747E+01
  0.38241622E+01  0.80294640E+01
  0.38533786E+01  0.80263876E+01
  0.38825951E+01  0.80211203E+01
  0.39118115E+01  0.80134782E+01
  0.39410279E+01  0.80032515E+01
  0.39702443E+01  0.79902446E+01
  0.39994608E+01  0.79743175E+01
  0.40286772E+01  0.79554229E+01
  0.40578936E+01  0.79336354E+01
  0.40871100E+01  0.79091711E+01
  0.41163264E+01  0.78823943E+01
  0.41455429E+01  0.78538150E+01
  0.41747593E+01  0.78240768E+01
  0.42039757E+01  0.77939396E+01
  0.42331921E+01  0.77642578E+01
  0.42624086E+01  0.77359574E+01
  0.42916250E+01  0.77100126E+01
  0.43208414E+01  0.76874245E+01
  0.43500578E+01  0.76691999E+01
  0.43792743E+01  0.76563340E+01
  0.44084907E+01  0.76497936E+01
  0.44377071E+01  0.76505030E+01
  0.44669235E+01  0.76593315E+01
  0.44961400E+01  0.76770830E+01
  0.45253564E+01  0.77044864E+01
  0.45545728E+01  0.77421879E+01
  0.45837892E+01  0.77907437E+01
  0.46130057E+01  0.78499899E+01
  0.46419284E+01  0.78455047E+01
  0.46708512E+01  0.78321701E+01
  0.46997740E+01  0.78103441E+01
  0.47286968E+01  0.77806100E+01
  0.47576196E+01  0.77437567E+01
  0.47865424E+01  0.77007529E+01
  0.48154652E+01  0.76527167E+01
  0.48443879E+01  0.76008821E+01
  0.48733107E+01  0.75465635E+01
  0.49022335E+01  0.74911201E+01
  0.49311563E+01  0.74359209E+01
  0.49600791E+01  0.73823110E+01
  0.49890019E+01  0.73315808E+01
  0.50179246E+01  0.72849371E+01
  0.50468474E+01  0.72434783E+01
  0.50757702E+01  0.72081714E+01
  0.51046930E+01  0.71798335E+01
  0.51336158E+01  0.71591164E+01
  0.51625386E+01  0.71464942E+01
  0.51914614E+01  0.71422549E+01
  
  0.00000000E+00  0.89865830E+01
  0.28922784E-01  0.90000611E+01
  0.57845569E-01  0.90403806E+01
  0.86768353E-01  0.91071974E+01
  0.11569114E+00  0.91999429E+01
  0.14461392E+00  0.93178317E+01
  0.17353671E+00  0.94598711E+01
  0.20245949E+00  0.96248745E+01
  0.23138228E+00  0.98114758E+01
  0.26030506E+00  0.98862404E+01
  0.28922784E+00  0.98799608E+01
  0.31815063E+00  0.98697083E+01
  0.34707341E+00  0.98547099E+01
  0.37599620E+00  0.98342145E+01
  0.40491898E+00  0.98075117E+01
  0.43384177E+00  0.97739514E+01
  0.46276455E+00  0.97329619E+01
  0.49168734E+00  0.96840661E+01
  0.52061012E+00  0.96268970E+01
  0.54953290E+00  0.95612096E+01
  0.57845569E+00  0.94868916E+01
  0.60737847E+00  0.94039711E+01
  0.63630126E+00  0.93126208E+01
  0.66522404E+00  0.92131606E+01
  0.69414683E+00  0.91060559E+01
  0.72306961E+00  0.89919140E+01
  0.75199240E+00  0.88714770E+01
  0.78091518E+00  0.87456125E+01
  0.80983796E+00  0.86153011E+01
  0.83876075E+00  0.84816226E+01
  0.86768353E+00  0.83457392E+01
  0.89660632E+00  0.82088781E+01
  0.92552910E+00  0.80723121E+01
  0.95445189E+00  0.79373395E+01
  0.98337467E+00  0.78052639E+01
  0.10122975E+01  0.76773736E+01
  0.10412202E+01  0.75549214E+01
  0.10701430E+01  0.74391052E+01
  0.10990658E+01  0.73310498E+01
  0.11279886E+01  0.72317899E+01
  0.11569114E+01  0.71422549E+01
  0.11861278E+01  0.71514095E+01
  0.12153442E+01  0.71787718E+01
  0.12445607E+01  0.72240388E+01
  0.12737771E+01  0.72867095E+01
  0.13029935E+01  0.73660908E+01
  0.13322099E+01  0.74613063E+01
  0.13614263E+01  0.75713067E+01
  0.13906428E+01  0.76948827E+01
  0.14198592E+01  0.78306794E+01
  0.14490756E+01  0.79772130E+01
  0.14782920E+01  0.81328886E+01
  0.15075085E+01  0.82960193E+01
  0.15367249E+01  0.84648470E+01
  0.15659413E+01  0.86375633E+01
  0.15659413E+01  0.86375640E+01
  0.15951577E+01  0.88123320E+01
  0.16243742E+01  0.89873082E+01
  0.16535906E+01  0.91606649E+01
  0.16828070E+01  0.93306118E+01
  0.17120234E+01  0.94954171E+01
  0.17412399E+01  0.96534286E+01
  0.17704563E+01  0.98030923E+01
  0.17996727E+01  0.99429715E+01
  0.18288891E+01  0.10071763E+02
  0.18581056E+01  0.10188311E+02
  0.18873220E+01  0.10291623E+02
  0.19165384E+01  0.10380878E+02
  0.19457548E+01  0.10455436E+02
  0.19749713E+01  0.10514846E+02
  0.20041877E+01  0.10558848E+02
  0.20334041E+01  0.10587377E+02
  0.20626205E+01  0.10600560E+02
  0.20918370E+01  0.10598713E+02
  0.21210534E+01  0.10582338E+02
  0.21502698E+01  0.10552115E+02
  0.21794862E+01  0.10508887E+02
  0.22087027E+01  0.10453653E+02
  0.22379191E+01  0.10308720E+02
  0.22671355E+01  0.10165989E+02
  0.22963519E+01  0.10031926E+02
  0.23255683E+01  0.99065424E+01
  0.23547848E+01  0.97898058E+01
  0.23840012E+01  0.96816452E+01
  0.24132176E+01  0.95819571E+01
  0.24424340E+01  0.94906116E+01
  0.24716505E+01  0.94498416E+01
  0.25008669E+01  0.94749698E+01
  0.25300833E+01  0.94448695E+01
  0.25592997E+01  0.93565630E+01
  0.25885162E+01  0.92752430E+01
  0.26177326E+01  0.92021366E+01
  0.26469490E+01  0.91383375E+01
  0.26761654E+01  0.90847965E+01
  0.27053819E+01  0.90423085E+01
  0.27345983E+01  0.90115032E+01
  0.27638147E+01  0.89928361E+01
  0.27930311E+01  0.89865830E+01
  0.28216573E+01  0.89931248E+01
  0.28502834E+01  0.90126975E+01
  0.28789095E+01  0.90451435E+01
  0.29075357E+01  0.90902015E+01
  0.29361618E+01  0.91475089E+01
  0.29647879E+01  0.92166042E+01
  0.29934141E+01  0.92969304E+01
  0.30220402E+01  0.93878420E+01
  0.30506663E+01  0.94886064E+01
  0.30792925E+01  0.95984124E+01
  0.31079186E+01  0.97163759E+01
  0.31365447E+01  0.98415471E+01
  0.31651709E+01  0.99729182E+01
  0.31937970E+01  0.10109431E+02
  0.32224231E+01  0.10249988E+02
  0.32510493E+01  0.10393455E+02
  0.32796754E+01  0.10538679E+02
  0.33083015E+01  0.10684490E+02
  0.33369277E+01  0.10829714E+02
  0.33655538E+01  0.10973182E+02
  0.33941799E+01  0.11113738E+02
  0.34228061E+01  0.11250251E+02
  0.34514322E+01  0.11381622E+02
  0.34800583E+01  0.11506794E+02
  0.35086845E+01  0.11624757E+02
  0.35373106E+01  0.11734563E+02
  0.35659367E+01  0.11835328E+02
  0.35945629E+01  0.11926239E+02
  0.36231890E+01  0.12006566E+02
  0.36518151E+01  0.12075661E+02
  0.36804413E+01  0.12132969E+02
  0.37090674E+01  0.12178027E+02
  0.37376935E+01  0.12210473E+02
  0.37663196E+01  0.12230045E+02
  0.37949458E+01  0.12236587E+02
  0.38241622E+01  0.12215157E+02
  0.38533786E+01  0.12152319E+02
  0.38825951E+01  0.12052034E+02
  0.39118115E+01  0.11919771E+02
  0.39410279E+01  0.11761459E+02
  0.39702443E+01  0.11582752E+02
  0.39994608E+01  0.11388668E+02
  0.40286772E+01  0.11183491E+02
  0.40578936E+01  0.10970830E+02
  0.40871100E+01  0.10753710E+02
  0.41163264E+01  0.10534689E+02
  0.41455429E+01  0.10315948E+02
  0.41747593E+01  0.10099365E+02
  0.42039757E+01  0.98865740E+01
  0.42331921E+01  0.96790069E+01
  0.42624086E+01  0.94779224E+01
  0.42916250E+01  0.92844288E+01
  0.43208414E+01  0.90994985E+01
  0.43500578E+01  0.89239781E+01
  0.43792743E+01  0.87585950E+01
  0.44084907E+01  0.86039616E+01
  0.44377071E+01  0.84605780E+01
  0.44669235E+01  0.83288331E+01
  0.44961400E+01  0.82090054E+01
  0.45253564E+01  0.81012641E+01
  0.45545728E+01  0.80056690E+01
  0.45837892E+01  0.79221722E+01
  0.46130057E+01  0.78512448E+01
  0.46419284E+01  0.78467512E+01
  0.46708512E+01  0.78333913E+01
  0.46997740E+01  0.78115242E+01
  0.47286968E+01  0.77817345E+01
  0.47576196E+01  0.77448126E+01
  0.47865424E+01  0.77017294E+01
  0.48154652E+01  0.76536053E+01
  0.48443879E+01  0.76016768E+01
  0.48733107E+01  0.75472608E+01
  0.49022335E+01  0.74917191E+01
  0.49311563E+01  0.74364229E+01
  0.49600791E+01  0.73827198E+01
  0.49890019E+01  0.73319021E+01
  0.50179246E+01  0.72851788E+01
  0.50468474E+01  0.72436496E+01
  0.50757702E+01  0.72082830E+01
  0.51046930E+01  0.71798974E+01
  0.51336158E+01  0.71591455E+01
  0.51625386E+01  0.71465018E+01
  0.51914614E+01  0.71422549E+01
  
  0.00000000E+00  0.89865830E+01
  0.28922784E-01  0.90000613E+01
  0.57845569E-01  0.90403810E+01
  0.86768353E-01  0.91071980E+01
  0.11569114E+00  0.91999437E+01
  0.14461392E+00  0.93178326E+01
  0.17353671E+00  0.94598722E+01
  0.20245949E+00  0.96248757E+01
  0.23138228E+00  0.98114771E+01
  0.26030506E+00  0.10018146E+02
  0.28922784E+00  0.10243215E+02
  0.31815063E+00  0.10484885E+02
  0.34707341E+00  0.10741259E+02
  0.37599620E+00  0.11010360E+02
  0.40491898E+00  0.11290149E+02
  0.43384177E+00  0.11578553E+02
  0.46276455E+00  0.11873483E+02
  0.49168734E+00  0.12172855E+02
  0.52061012E+00  0.12474609E+02
  0.54953290E+00  0.12776729E+02
  0.57845569E+00  0.13077256E+02
  0.60737847E+00  0.13374305E+02
  0.63630126E+00  0.13666078E+02
  0.66522404E+00  0.13950870E+02
  0.69414683E+00  0.14227082E+02
  0.72306961E+00  0.14493225E+02
  0.75199240E+00  0.14747925E+02
  0.78091518E+00  0.14989921E+02
  0.80983796E+00  0.15218070E+02
  0.83876075E+00  0.15431345E+02
  0.86768353E+00  0.15628827E+02
  0.89660632E+00  0.15809707E+02
  0.92552910E+00  0.15973278E+02
  0.95445189E+00  0.16118928E+02
  0.98337467E+00  0.16246139E+02
  0.10122975E+01  0.16354473E+02
  0.10412202E+01  0.16443575E+02
  0.10701430E+01  0.16513161E+02
  0.10990658E+01  0.16563016E+02
  0.11279886E+01  0.16592988E+02
  0.11569114E+01  0.16602989E+02
  0.11861278E+01  0.16594355E+02
  0.12153442E+01  0.16568505E+02
  0.12445607E+01  0.16525595E+02
  0.12737771E+01  0.16465884E+02
  0.13029935E+01  0.16389728E+02
  0.13322099E+01  0.16297582E+02
  0.13614263E+01  0.16189994E+02
  0.13906428E+01  0.16067599E+02
  0.14198592E+01  0.15931112E+02
  0.14490756E+01  0.15781326E+02
  0.14782920E+01  0.15619101E+02
  0.15075085E+01  0.15445359E+02
  0.15367249E+01  0.15261072E+02
  0.15659413E+01  0.15067259E+02
  0.15659413E+01  0.15067257E+02
  0.15951577E+01  0.14864972E+02
  0.16243742E+01  0.14655294E+02
  0.16535906E+01  0.14439321E+02
  0.16828070E+01  0.14218161E+02
  0.17120234E+01  0.13992920E+02
  0.17412399E+01  0.13764695E+02
  0.17704563E+01  0.13534566E+02
  0.17996727E+01  0.13303590E+02
  0.18288891E+01  0.13072790E+02
  0.18581056E+01  0.12843148E+02
  0.18873220E+01  0.12615602E+02
  0.19165384E+01  0.12391039E+02
  0.19457548E+01  0.12170288E+02
  0.19749713E+01  0.11954117E+02
  0.20041877E+01  0.11743232E+02
  0.20334041E+01  0.11538272E+02
  0.20626205E+01  0.11339807E+02
  0.20918370E+01  0.11148338E+02
  0.21210534E+01  0.10964298E+02
  0.21502698E+01  0.10788051E+02
  0.21794862E+01  0.10619894E+02
  0.22087027E+01  0.10460060E+02
  0.22379191E+01  0.10387554E+02
  0.22671355E+01  0.10311854E+02
  0.22963519E+01  0.10227926E+02
  0.23255683E+01  0.10137229E+02
  0.23547848E+01  0.10041295E+02
  0.23840012E+01  0.99417022E+01
  0.24132176E+01  0.98400581E+01
  0.24424340E+01  0.97379758E+01
  0.24716505E+01  0.96370542E+01
  0.25008669E+01  0.95388587E+01
  0.25300833E+01  0.94868188E+01
  0.25592997E+01  0.94791877E+01
  0.25885162E+01  0.94437038E+01
  0.26177326E+01  0.93760197E+01
  0.26469490E+01  0.92854111E+01
  0.26761654E+01  0.91902005E+01
  0.27053819E+01  0.91056311E+01
  0.27345983E+01  0.90407378E+01
  0.27638147E+01  0.90002919E+01
  0.27930311E+01  0.89865830E+01
  0.28216573E+01  0.89958668E+01
  0.28502834E+01  0.90229770E+01
  0.28789095E+01  0.90655233E+01
  0.29075357E+01  0.91189853E+01
  0.29361618E+01  0.91761282E+01
  0.29647879E+01  0.92272182E+01
  0.29934141E+01  0.92969310E+01
  0.30220402E+01  0.93878427E+01
  0.30506663E+01  0.94886072E+01
  0.30792925E+01  0.95984133E+01
  0.31079186E+01  0.97163769E+01
  0.31365447E+01  0.98415481E+01
  0.31651709E+01  0.99729193E+01
  0.31937970E+01  0.10109433E+02
  0.32224231E+01  0.10249989E+02
  0.32510493E+01  0.10393457E+02
  0.32796754E+01  0.10538681E+02
  0.33083015E+01  0.10684492E+02
  0.33369277E+01  0.10829716E+02
  0.33655538E+01  0.10973184E+02
  0.33941799E+01  0.11113740E+02
  0.34228061E+01  0.11250254E+02
  0.34514322E+01  0.11381625E+02
  0.34800583E+01  0.11506796E+02
  0.35086845E+01  0.11624760E+02
  0.35373106E+01  0.11734566E+02
  0.35659367E+01  0.11835331E+02
  0.35945629E+01  0.11926242E+02
  0.36231890E+01  0.12006569E+02
  0.36518151E+01  0.12075665E+02
  0.36804413E+01  0.12132972E+02
  0.37090674E+01  0.12178030E+02
  0.37376935E+01  0.12210476E+02
  0.37663196E+01  0.12230049E+02
  0.37949458E+01  0.12236591E+02
  0.38241622E+01  0.12244276E+02
  0.38533786E+01  0.12267358E+02
  0.38825951E+01  0.12305879E+02
  0.39118115E+01  0.12359887E+02
  0.39410279E+01  0.12429406E+02
  0.39702443E+01  0.12514393E+02
  0.39994608E+01  0.12614701E+02
  0.40286772E+01  0.12730040E+02
  0.40578936E+01  0.12859952E+02
  0.40871100E+01  0.13003794E+02
  0.41163264E+01  0.13160732E+02
  0.41455429E+01  0.13329750E+02
  0.41747593E+01  0.13509658E+02
  0.42039757E+01  0.13699119E+02
  0.42331921E+01  0.13896671E+02
  0.42624086E+01  0.14100754E+02
  0.42916250E+01  0.14309734E+02
  0.43208414E+01  0.14521932E+02
  0.43500578E+01  0.14735647E+02
  0.43792743E+01  0.14949174E+02
  0.44084907E+01  0.15160829E+02
  0.44377071E+01  0.15368962E+02
  0.44669235E+01  0.15571976E+02
  0.44961400E+01  0.15768338E+02
  0.45253564E+01  0.15956595E+02
  0.45545728E+01  0.16135380E+02
  0.45837892E+01  0.16303426E+02
  0.46130057E+01  0.16458944E+02
  0.46419284E+01  0.16459960E+02
  0.46708512E+01  0.16462973E+02
  0.46997740E+01  0.16467877E+02
  0.47286968E+01  0.16474507E+02
  0.47576196E+01  0.16482642E+02
  0.47865424E+01  0.16492021E+02
  0.48154652E+01  0.16502351E+02
  0.48443879E+01  0.16513329E+02
  0.48733107E+01  0.16524645E+02
  0.49022335E+01  0.16535998E+02
  0.49311563E+01  0.16547106E+02
  0.49600791E+01  0.16557708E+02
  0.49890019E+01  0.16567575E+02
  0.50179246E+01  0.16576505E+02
  0.50468474E+01  0.16584329E+02
  0.50757702E+01  0.16590909E+02
  0.51046930E+01  0.16596135E+02
  0.51336158E+01  0.16599924E+02
  0.51625386E+01  0.16602220E+02
  0.51914614E+01  0.16602989E+02
  
  0.00000000E+00  0.98774697E+01
  0.28922784E-01  0.98779596E+01
  0.57845569E-01  0.98793683E+01
  0.86768353E-01  0.98815145E+01
  0.11569114E+00  0.98841008E+01
  0.14461392E+00  0.98867211E+01
  0.17353671E+00  0.98888707E+01
  0.20245949E+00  0.98899583E+01
  0.23138228E+00  0.98893210E+01
  0.26030506E+00  0.10018148E+02
  0.28922784E+00  0.10243216E+02
  0.31815063E+00  0.10484887E+02
  0.34707341E+00  0.10741261E+02
  0.37599620E+00  0.11010362E+02
  0.40491898E+00  0.11290151E+02
  0.43384177E+00  0.11578555E+02
  0.46276455E+00  0.11873485E+02
  0.49168734E+00  0.12172857E+02
  0.52061012E+00  0.12474612E+02
  0.54953290E+00  0.12776731E+02
  0.57845569E+00  0.13077258E+02
  0.60737847E+00  0.13374308E+02
  0.63630126E+00  0.13666080E+02
  0.66522404E+00  0.13950872E+02
  0.69414683E+00  0.14227084E+02
  0.72306961E+00  0.14493227E+02
  0.75199240E+00  0.14747927E+02
  0.78091518E+00  0.14989923E+02
  0.80983796E+00  0.15218072E+02
  0.83876075E+00  0.15431347E+02
  0.86768353E+00  0.15628829E+02
  0.89660632E+00  0.15809708E+02
  0.92552910E+00  0.15973279E+02
  0.95445189E+00  0.16118929E+02
  0.98337467E+00  0.16246140E+02
  0.10122975E+01  0.16354474E+02
  0.10412202E+01  0.16443576E+02
  0.10701430E+01  0.16513162E+02
  0.10990658E+01  0.16563016E+02
  0.11279886E+01  0.16592988E+02
  0.11569114E+01  0.16602989E+02
  0.11861278E+01  0.16610046E+02
  0.12153442E+01  0.16631005E+02
  0.12445607E+01  0.16665246E+02
  0.12737771E+01  0.16711756E+02
  0.13029935E+01  0.16769168E+02
  0.13322099E+01  0.16835803E+02
  0.13614263E+01  0.16909725E+02
  0.13906428E+01  0.16988790E+02
  0.14198592E+01  0.17070706E+02
  0.14490756E+01  0.17153081E+02
  0.14782920E+01  0.17233475E+02
  0.15075085E+01  0.17309443E+02
  0.15367249E+01  0.17378578E+02
  0.15659413E+01  0.17438544E+02
  0.15659413E+01  0.17438545E+02
  0.15951577E+01  0.17487113E+02
  0.16243742E+01  0.17522183E+02
  0.16535906E+01  0.17541812E+02
  0.16828070E+01  0.17544237E+02
  0.17120234E+01  0.17527888E+02
  0.17412399E+01  0.17491409E+02
  0.17704563E+01  0.17433671E+02
  0.17996727E+01  0.17353779E+02
  0.18288891E+01  0.17251086E+02
  0.18581056E+01  0.17125198E+02
  0.18873220E+01  0.16975977E+02
  0.19165384E+01  0.16803548E+02
  0.19457548E+01  0.16608293E+02
  0.19749713E+01  0.16390851E+02
  0.20041877E+01  0.16152117E+02
  0.20334041E+01  0.15893231E+02
  0.20626205E+01  0.15615568E+02
  0.20918370E+01  0.15320732E+02
  0.21210534E+01  0.15010539E+02
  0.21502698E+01  0.14687002E+02
  0.21794862E+01  0.14352316E+02
  0.22087027E+01  0.14008841E+02
  0.22379191E+01  0.13659082E+02
  0.22671355E+01  0.13305674E+02
  0.22963519E+01  0.12951362E+02
  0.23255683E+01  0.12598992E+02
  0.23547848E+01  0.12251505E+02
  0.23840012E+01  0.11911942E+02
  0.24132176E+01  0.11583483E+02
  0.24424340E+01  0.11269522E+02
  0.24716505E+01  0.10973852E+02
  0.25008669E+01  0.10701024E+02
  0.25300833E+01  0.10457038E+02
  0.25592997E+01  0.10250313E+02
  0.25885162E+01  0.10091355E+02
  0.26177326E+01  0.99864238E+01
  0.26469490E+01  0.99279536E+01
  0.26761654E+01  0.98991046E+01
  0.27053819E+01  0.98858714E+01
  0.27345983E+01  0.98801970E+01
  0.27638147E+01  0.98780170E+01
  0.27930311E+01  0.98774697E+01
  0.28216573E+01  0.98780078E+01
  0.28502834E+01  0.98802844E+01
  0.28789095E+01  0.98864529E+01
  0.29075357E+01  0.99006417E+01
  0.29361618E+01  0.99295408E+01
  0.29647879E+01  0.99821913E+01
  0.29934141E+01  0.10067435E+02
  0.30220402E+01  0.10189662E+02
  0.30506663E+01  0.10347316E+02
  0.30792925E+01  0.10535500E+02
  0.31079186E+01  0.10748861E+02
  0.31365447E+01  0.10982728E+02
  0.31651709E+01  0.11233187E+02
  0.31937970E+01  0.11496865E+02
  0.32224231E+01  0.11770725E+02
  0.32510493E+01  0.12051943E+02
  0.32796754E+01  0.12337820E+02
  0.33083015E+01  0.12625744E+02
  0.33369277E+01  0.12913170E+02
  0.33655538E+01  0.13197618E+02
  0.33941799E+01  0.13476668E+02
  0.34228061E+01  0.13747976E+02
  0.34514322E+01  0.14009281E+02
  0.34800583E+01  0.14258420E+02
  0.35086845E+01  0.14493338E+02
  0.35373106E+01  0.14712105E+02
  0.35659367E+01  0.14912929E+02
  0.35945629E+01  0.15094167E+02
  0.36231890E+01  0.15254341E+02
  0.36518151E+01  0.15392144E+02
  0.36804413E+01  0.15506453E+02
  0.37090674E+01  0.15596340E+02
  0.37376935E+01  0.15661072E+02
  0.37663196E+01  0.15700122E+02
  0.37949458E+01  0.15713175E+02
  0.38241622E+01  0.15729198E+02
  0.38533786E+01  0.15775821E+02
  0.38825951E+01  0.15849117E+02
  0.39118115E+01  0.15943673E+02
  0.39410279E+01  0.16053638E+02
  0.39702443E+01  0.16173457E+02
  0.39994608E+01  0.16298239E+02
  0.40286772E+01  0.16423843E+02
  0.40578936E+01  0.16546834E+02
  0.40871100E+01  0.16664379E+02
  0.41163264E+01  0.16774143E+02
  0.41455429E+01  0.16874188E+02
  0.41747593E+01  0.16962909E+02
  0.42039757E+01  0.17038967E+02
  0.42331921E+01  0.17101255E+02
  0.42624086E+01  0.17148865E+02
  0.42916250E+01  0.17181066E+02
  0.43208414E+01  0.17197290E+02
  0.43500578E+01  0.17197124E+02
  0.43792743E+01  0.17180300E+02
  0.44084907E+01  0.17146690E+02
  0.44377071E+01  0.17096309E+02
  0.44669235E+01  0.17029305E+02
  0.44961400E+01  0.16945964E+02
  0.45253564E+01  0.16846704E+02
  0.45545728E+01  0.16732077E+02
  0.45837892E+01  0.16602762E+02
  0.46130057E+01  0.16460194E+02
  0.46419284E+01  0.16461202E+02
  0.46708512E+01  0.16464189E+02
  0.46997740E+01  0.16469053E+02
  0.47286968E+01  0.16475627E+02
  0.47576196E+01  0.16483694E+02
  0.47865424E+01  0.16492993E+02
  0.48154652E+01  0.16503236E+02
  0.48443879E+01  0.16514120E+02
  0.48733107E+01  0.16525338E+02
  0.49022335E+01  0.16536593E+02
  0.49311563E+01  0.16547604E+02
  0.49600791E+01  0.16558114E+02
  0.49890019E+01  0.16567894E+02
  0.50179246E+01  0.16576744E+02
  0.50468474E+01  0.16584499E+02
  0.50757702E+01  0.16591019E+02
  0.51046930E+01  0.16596197E+02
  0.51336158E+01  0.16599952E+02
  0.51625386E+01  0.16602227E+02
  0.51914614E+01  0.16602989E+02
  
