           1
 (  4.7479623823955238E-003,  0.0000000000000000     ) ( -1.7628522583736971E-003,  0.0000000000000000     ) ( -3.8749034456567999E-003,  0.0000000000000000     )
 ( -1.8395145667754714E-003,  0.0000000000000000     ) (  4.3850422960244849E-003,  0.0000000000000000     ) ( -4.2489130143315863E-003,  0.0000000000000000     )
 (  3.8391028843516315E-003,  0.0000000000000000     ) (  4.2812880725176901E-003,  0.0000000000000000     ) (  2.7563622886224320E-003,  0.0000000000000000     )
           2
 (  5.1505524885646714E-003,  0.0000000000000000     ) ( -7.6305752359377655E-004,  0.0000000000000000     ) (  3.6817419601170216E-003,  0.0000000000000000     )
 (  1.9144490443012763E-003,  0.0000000000000000     ) ( -4.8420380604190473E-003,  0.0000000000000000     ) ( -3.6817419601170328E-003,  0.0000000000000000     )
 ( -3.2361034442633819E-003,  0.0000000000000000     ) ( -4.0789805368252755E-003,  0.0000000000000000     ) (  3.6817419601170307E-003,  0.0000000000000000     )
           3
 ( -3.4526245708004768E-003,  0.0000000000000000     ) (  3.8974134108248730E-003,  0.0000000000000000     ) (  3.6817419601170281E-003,  0.0000000000000000     )
 (  1.6489467374242574E-003, -0.0000000000000000     ) (  4.9387672934559940E-003,  0.0000000000000000     ) ( -3.6817419601170294E-003,  0.0000000000000000     )
 (  5.1015713082247357E-003,  0.0000000000000000     ) (  1.0413538826311219E-003,  0.0000000000000000     ) (  3.6817419601170281E-003,  0.0000000000000000     )
           4
 ( -4.1145812432163637E-003,  0.0000000000000000     ) (  3.1907160504728157E-003,  0.0000000000000000     ) (  3.6817419601170281E-003,  0.0000000000000000     )
 (  7.0595053436402655E-004, -0.0000000000000000     ) (  5.1586899077967355E-003,  0.0000000000000000     ) ( -3.6817419601170294E-003,  0.0000000000000000     )
 (  4.8205317775803910E-003,  0.0000000000000000     ) (  1.9679738573239228E-003,  0.0000000000000000     ) (  3.6817419601170281E-003,  0.0000000000000000     )
           5
 ( -7.0595053436402720E-004,  0.0000000000000000     ) (  5.1586899077967364E-003,  0.0000000000000000     ) (  3.6817419601170281E-003,  0.0000000000000000     )
 (  4.1145812432163628E-003, -0.0000000000000000     ) (  3.1907160504728149E-003,  0.0000000000000000     ) ( -3.6817419601170272E-003,  0.0000000000000000     )
 (  4.8205317775803893E-003,  0.0000000000000000     ) ( -1.9679738573239207E-003,  0.0000000000000000     ) (  3.6817419601170285E-003,  0.0000000000000000     )
           6
 (  5.0346099498009425E-003,  0.0000000000000000     ) ( -1.3278367275904462E-003,  0.0000000000000000     ) (  3.6817419601170281E-003,  0.0000000000000000     )
 (  3.6672453130717946E-003,  0.0000000000000000     ) (  3.6961817508782903E-003,  0.0000000000000000     ) ( -3.6817419601170294E-003,  0.0000000000000000     )
 ( -1.3673646367291469E-003,  0.0000000000000000     ) (  5.0240184784687376E-003,  0.0000000000000000     ) (  3.6817419601170281E-003,  0.0000000000000000     )
           7
 (  5.6188249359127741E-003,  0.0000000000000000     ) ( -3.0157052114263309E-003,  0.0000000000000000     ) (  2.5221974211329408E-018,  0.0000000000000000     )
 ( -1.5985256338920101E-018,  0.0000000000000000     ) (  8.5795199880944462E-019,  0.0000000000000000     ) (  6.3769641352809190E-003,  0.0000000000000000     )
 (  3.0157052114263313E-003,  0.0000000000000000     ) (  5.6188249359127741E-003,  0.0000000000000000     ) (  0.0000000000000000     ,  0.0000000000000000     )
           8
 (  3.8804642508012293E-003,  0.0000000000000000     ) ( -4.5091945834404906E-003,  0.0000000000000000     ) (  2.2967004570870237E-003,  0.0000000000000000     )
 (  3.2480249351209542E-003,  0.0000000000000000     ) (  4.8990323755406365E-017,  0.0000000000000000     ) ( -5.4878051717869563E-003,  0.0000000000000000     )
 (  3.8804642508010949E-003,  0.0000000000000000     ) (  4.5091945834406051E-003,  0.0000000000000000     ) (  2.2967004570870241E-003,  0.0000000000000000     )
           9
 (  4.5091945834405721E-003,  0.0000000000000000     ) ( -3.2990172042293253E-003,  0.0000000000000000     ) (  3.0739748335873295E-003,  0.0000000000000000     )
 (  3.5187968502580606E-017,  0.0000000000000000     ) ( -4.3472569000527787E-003,  0.0000000000000000     ) ( -4.6655148727233363E-003,  0.0000000000000000     )
 ( -4.5091945834405192E-003,  0.0000000000000000     ) ( -3.2990172042293982E-003,  0.0000000000000000     ) (  3.0739748335873282E-003,  0.0000000000000000     )
          10
 (  4.5091945834405617E-003,  0.0000000000000000     ) ( -2.9287113471759296E-003,  0.0000000000000000     ) (  3.4286273691161557E-003,  0.0000000000000000     )
 (  2.7262865686979655E-017,  0.0000000000000000     ) ( -4.8488113257276512E-003,  0.0000000000000000     ) ( -4.1418233074522123E-003,  0.0000000000000000     )
 ( -4.5091945834405296E-003,  0.0000000000000000     ) ( -2.9287113471759790E-003,  0.0000000000000000     ) (  3.4286273691161544E-003,  0.0000000000000000     )
          11
 ( -4.5091945834405392E-003,  0.0000000000000000     ) (  2.6573405417803187E-003,  0.0000000000000000     ) (  3.6429901230088878E-003,  0.0000000000000000     )
 (  1.1259488912419196E-017,  0.0000000000000000     ) (  5.1519660395503951E-003,  0.0000000000000000     ) ( -3.7580470340295826E-003,  0.0000000000000000     )
 (  4.5091945834405522E-003,  0.0000000000000000     ) (  2.6573405417802992E-003,  0.0000000000000000     ) (  3.6429901230088865E-003,  0.0000000000000000     )
          12
 ( -4.5091945834405478E-003,  0.0000000000000000     ) (  2.3963763995913301E-003,  0.0000000000000000     ) (  3.8197141179427620E-003,  0.0000000000000000     )
 (  3.1017566284423399E-019,  0.0000000000000000     ) (  5.4018915099826401E-003,  0.0000000000000000     ) ( -3.3889880048528641E-003,  0.0000000000000000     )
 (  4.5091945834405470E-003,  0.0000000000000000     ) (  2.3963763995913296E-003,  0.0000000000000000     ) (  3.8197141179427620E-003,  0.0000000000000000     )
          13
 ( -4.5091945834405487E-003,  0.0000000000000000     ) (  2.0466754057742562E-003,  0.0000000000000000     ) (  4.0179541528902940E-003,  0.0000000000000000     )
 (  4.3422864318600424E-018,  0.0000000000000000     ) (  5.6822452560107558E-003,  0.0000000000000000     ) ( -2.8944361166214055E-003,  0.0000000000000000     )
 (  4.5091945834405487E-003,  0.0000000000000000     ) (  2.0466754057742488E-003,  0.0000000000000000     ) (  4.0179541528902957E-003,  0.0000000000000000     )
          14
 ( -4.5091945834405461E-003,  0.0000000000000000     ) (  1.4093063962604174E-003,  0.0000000000000000     ) (  4.2833037801198581E-003,  0.0000000000000000     )
 (  5.3610523035813661E-018, -0.0000000000000000     ) (  6.0575062976094482E-003,  0.0000000000000000     ) ( -1.9930602191306278E-003,  0.0000000000000000     )
 (  4.5091945834405504E-003,  0.0000000000000000     ) (  1.4093063962604090E-003,  0.0000000000000000     ) (  4.2833037801198563E-003,  0.0000000000000000     )
          15
 (  4.5091945834405461E-003,  0.0000000000000000     ) (  4.2164474136360929E-018,  0.0000000000000000     ) (  4.5091945834405487E-003,  0.0000000000000000     )
 (  5.7813804844947950E-018,  0.0000000000000000     ) ( -6.3769641352809199E-003,  0.0000000000000000     ) (  1.8157663290232869E-019,  0.0000000000000000     )
 ( -4.5091945834405487E-003,  0.0000000000000000     ) ( -3.9596592767755816E-018,  0.0000000000000000     ) (  4.5091945834405461E-003,  0.0000000000000000     )
          16
 ( -6.3769641352809190E-003,  0.0000000000000000     ) (  0.0000000000000000     ,  0.0000000000000000     ) ( -1.7699631025494322E-018,  0.0000000000000000     )
 (  7.0798524101977288E-019, -0.0000000000000000     ) (  0.0000000000000000     ,  0.0000000000000000     ) ( -6.3769641352809181E-003,  0.0000000000000000     )
 (  0.0000000000000000     ,  0.0000000000000000     ) (  6.3769641352809199E-003,  0.0000000000000000     ) (  0.0000000000000000     ,  0.0000000000000000     )
          17
 (  4.5091945834405253E-003,  0.0000000000000000     ) ( -4.2340162866436786E-003,  0.0000000000000000     ) (  1.5511098851357444E-003,  0.0000000000000000     )
 ( -8.2022730424717973E-018,  0.0000000000000000     ) ( -2.1936006362899413E-003,  0.0000000000000000     ) ( -5.9878032558800323E-003,  0.0000000000000000     )
 ( -4.5091945834405660E-003,  0.0000000000000000     ) ( -4.2340162866436361E-003,  0.0000000000000000     ) (  1.5511098851357424E-003,  0.0000000000000000     )
          18
 (  4.5091945834405444E-003,  0.0000000000000000     ) ( -3.6968931143094644E-003,  0.0000000000000000     ) (  2.5818243729388022E-003,  0.0000000000000000     )
 ( -6.8378652672710486E-019,  0.0000000000000000     ) ( -3.6512510438754665E-003,  0.0000000000000000     ) ( -5.2281963809001509E-003,  0.0000000000000000     )
 ( -4.5091945834405478E-003,  0.0000000000000000     ) ( -3.6968931143094635E-003,  0.0000000000000000     ) (  2.5818243729388017E-003,  0.0000000000000000     )
          19
 ( -4.5091945834405461E-003,  0.0000000000000000     ) (  3.0411925767058800E-003,  0.0000000000000000     ) (  3.3292617053512974E-003,  0.0000000000000000     )
 (  2.4005124578326672E-018,  0.0000000000000000     ) (  4.7082870563971840E-003,  0.0000000000000000     ) ( -4.3008957877658325E-003,  0.0000000000000000     )
 (  4.5091945834405487E-003,  0.0000000000000000     ) (  3.0411925767058774E-003,  0.0000000000000000     ) (  3.3292617053512965E-003,  0.0000000000000000     )
          20
 ( -4.5091945834405478E-003,  0.0000000000000000     ) (  2.2911983097318430E-003,  0.0000000000000000     ) (  3.8837155015283369E-003,  0.0000000000000000     )
 ( -2.6217578456513465E-018,  0.0000000000000000     ) (  5.4924031346600009E-003,  0.0000000000000000     ) ( -3.2402437237090882E-003,  0.0000000000000000     )
 (  4.5091945834405444E-003,  0.0000000000000000     ) (  2.2911983097318473E-003,  0.0000000000000000     ) (  3.8837155015283382E-003,  0.0000000000000000     )
          21
 ( -4.5091945834405461E-003,  0.0000000000000000     ) (  1.3278155557438398E-003,  0.0000000000000000     ) (  4.3092623082442109E-003,  0.0000000000000000     )
 (  2.7876918865153556E-018,  0.0000000000000000     ) (  6.0942172001421553E-003,  0.0000000000000000     ) ( -1.8778147672629017E-003,  0.0000000000000000     )
 (  4.5091945834405444E-003,  0.0000000000000000     ) (  1.3278155557438355E-003,  0.0000000000000000     ) (  4.3092623082442161E-003,  0.0000000000000000     )
          22
 (  4.5091945834405461E-003,  0.0000000000000000     ) ( -5.2508418953729840E-019,  0.0000000000000000     ) (  4.5091945834405461E-003,  0.0000000000000000     )
 ( -1.9943200500226639E-018,  0.0000000000000000     ) ( -6.3769641352809199E-003,  0.0000000000000000     ) (  2.2529811976014784E-018,  0.0000000000000000     )
 ( -4.5091945834405461E-003,  0.0000000000000000     ) (  3.0032955139371145E-018,  0.0000000000000000     ) (  4.5091945834405461E-003,  0.0000000000000000     )
          23
 (  6.3769641352809181E-003, -0.0000000000000000     ) (  0.0000000000000000     ,  0.0000000000000000     ) ( -7.0798524101977288E-019,  0.0000000000000000     )
 (  0.0000000000000000     ,  0.0000000000000000     ) (  0.0000000000000000     ,  0.0000000000000000     ) (  6.3769641352809181E-003, -0.0000000000000000     )
 (  0.0000000000000000     ,  0.0000000000000000     ) (  6.3769641352809199E-003,  0.0000000000000000     ) (  0.0000000000000000     ,  0.0000000000000000     )
          24
 (  4.5091945834405478E-003,  0.0000000000000000     ) (  4.4271143575066235E-003,  0.0000000000000000     ) (  8.5644279253683164E-004, -0.0000000000000000     )
 (  1.4465519110612083E-018,  0.0000000000000000     ) (  1.2111930126022729E-003, -0.0000000000000000     ) ( -6.2608851665625180E-003,  0.0000000000000000     )
 ( -4.5091945834405470E-003,  0.0000000000000000     ) (  4.4271143575066252E-003,  0.0000000000000000     ) (  8.5644279253682979E-004, -0.0000000000000000     )
          25
 (  4.5091945834405444E-003,  0.0000000000000000     ) (  4.1884205889306742E-003,  0.0000000000000000     ) (  1.6703199578377808E-003, -0.0000000000000000     )
 ( -5.3608853610387545E-019,  0.0000000000000000     ) (  2.3621891378766448E-003, -0.0000000000000000     ) ( -5.9233212017884640E-003,  0.0000000000000000     )
 ( -4.5091945834405487E-003,  0.0000000000000000     ) (  4.1884205889306716E-003,  0.0000000000000000     ) (  1.6703199578377800E-003, -0.0000000000000000     )
          26
 (  4.5091945834405478E-003,  0.0000000000000000     ) (  3.0951153002677597E-003,  0.0000000000000000     ) (  3.2791915267910148E-003, -0.0000000000000000     )
 (  1.7774441782850003E-019,  0.0000000000000000     ) (  4.6374771308067882E-003, -0.0000000000000000     ) ( -4.3771540347471412E-003,  0.0000000000000000     )
 ( -4.5091945834405487E-003,  0.0000000000000000     ) (  3.0951153002677610E-003,  0.0000000000000000     ) (  3.2791915267910139E-003, -0.0000000000000000     )
          27
 ( -4.5091945834405470E-003,  0.0000000000000000     ) (  4.2850283615405640E-019,  0.0000000000000000     ) (  4.5091945834405470E-003,  0.0000000000000000     )
 (  1.7570257024340106E-018,  0.0000000000000000     ) ( -6.3769641352809199E-003,  0.0000000000000000     ) (  2.3630202248384126E-018,  0.0000000000000000     )
 (  4.5091945834405470E-003,  0.0000000000000000     ) (  2.9133124139743479E-018,  0.0000000000000000     ) (  4.5091945834405470E-003,  0.0000000000000000     )
          28
 ( -6.3769641352809199E-003,  0.0000000000000000     ) (  0.0000000000000000     ,  0.0000000000000000     ) (  0.0000000000000000     ,  0.0000000000000000     )
 (  1.7699631025494322E-019, -0.0000000000000000     ) (  0.0000000000000000     ,  0.0000000000000000     ) ( -6.3769641352809216E-003,  0.0000000000000000     )
 (  0.0000000000000000     ,  0.0000000000000000     ) (  6.3769641352809199E-003,  0.0000000000000000     ) (  0.0000000000000000     ,  0.0000000000000000     )
          29
 (  4.5091945834405513E-003,  0.0000000000000000     ) (  4.5017772984073771E-003,  0.0000000000000000     ) (  2.5852842565855902E-004, -0.0000000000000000     )
 ( -8.5054687308178760E-019,  0.0000000000000000     ) (  3.6561440582530148E-004, -0.0000000000000000     ) ( -6.3664745101910322E-003,  0.0000000000000000     )
 ( -4.5091945834405418E-003,  0.0000000000000000     ) (  4.5017772984073876E-003,  0.0000000000000000     ) (  2.5852842565856189E-004, -0.0000000000000000     )
          30
 (  4.5091945834405452E-003, -0.0000000000000000     ) ( -4.5091945834405478E-003,  0.0000000000000000     ) ( -1.1982832758003916E-018,  0.0000000000000000     )
 (  8.4731423010088668E-019, -0.0000000000000000     ) ( -8.4731423010088716E-019,  0.0000000000000000     ) (  6.3769641352809199E-003,  0.0000000000000000     )
 ( -4.5091945834405478E-003,  0.0000000000000000     ) ( -4.5091945834405452E-003,  0.0000000000000000     ) (  0.0000000000000000     ,  0.0000000000000000     )
          31
 (  6.3769641352809216E-003, -0.0000000000000000     ) (  0.0000000000000000     ,  0.0000000000000000     ) (  2.6549446538241482E-019,  0.0000000000000000     )
 ( -2.6549446538241482E-019,  0.0000000000000000     ) (  0.0000000000000000     ,  0.0000000000000000     ) (  6.3769641352809216E-003, -0.0000000000000000     )
 (  0.0000000000000000     ,  0.0000000000000000     ) (  6.3769641352809199E-003,  0.0000000000000000     ) (  0.0000000000000000     ,  0.0000000000000000     )
          32
 ( -5.4800011935413643E-003,  0.0000000000000000     ) (  0.0000000000000000     ,  0.0000000000000000     ) (  3.2611744052479571E-003,  0.0000000000000000     )
 ( -3.2611744052479562E-003,  0.0000000000000000     ) (  0.0000000000000000     ,  0.0000000000000000     ) ( -5.4800011935413661E-003,  0.0000000000000000     )
 (  0.0000000000000000     ,  0.0000000000000000     ) (  6.3769641352809199E-003,  0.0000000000000000     ) (  0.0000000000000000     ,  0.0000000000000000     )
          33
 (  5.2477222783859608E-003,  0.0000000000000000     ) ( -3.0653694118402784E-004,  0.0000000000000000     ) (  3.6101409356533881E-003,  0.0000000000000000     )
 (  3.5196963771755518E-003,  0.0000000000000000     ) (  1.9387482332430541E-003,  0.0000000000000000     ) ( -4.9516324866909654E-003,  0.0000000000000000     )
 ( -8.5954632457365396E-004,  0.0000000000000000     ) (  6.0673686202871837E-003,  0.0000000000000000     ) (  1.7646216943371872E-003,  0.0000000000000000     )
          34
 (  5.1691137997343780E-003,  0.0000000000000000     ) ( -2.8201993365718661E-004,  0.0000000000000000     ) (  3.7237613866995755E-003,  0.0000000000000000     )
 (  3.2819714183486334E-003,  0.0000000000000000     ) (  3.3769094782717525E-003,  0.0000000000000000     ) ( -4.3000950649212631E-003,  0.0000000000000000     )
 ( -1.7817400812681447E-003,  0.0000000000000000     ) (  5.4020939195128324E-003,  0.0000000000000000     ) (  2.8824390974007039E-003,  0.0000000000000000     )
          35
 (  5.1573060628148067E-003,  0.0000000000000000     ) (  4.3301870747137086E-018,  0.0000000000000000     ) (  3.7507153660485590E-003,  0.0000000000000000     )
 (  2.6521562696335170E-003,  0.0000000000000000     ) (  4.5091945834405478E-003,  0.0000000000000000     ) ( -3.6467660896708455E-003,  0.0000000000000000     )
 ( -2.6521562696335231E-003,  0.0000000000000000     ) (  4.5091945834405452E-003,  0.0000000000000000     ) (  3.6467660896708429E-003,  0.0000000000000000     )
          36
 ( -5.9638442549949022E-003,  0.0000000000000000     ) (  0.0000000000000000     ,  0.0000000000000000     ) (  2.2579267669309891E-003,  0.0000000000000000     )
 ( -2.2579267669309891E-003,  0.0000000000000000     ) (  0.0000000000000000     ,  0.0000000000000000     ) ( -5.9638442549949022E-003,  0.0000000000000000     )
 (  0.0000000000000000     ,  0.0000000000000000     ) (  6.3769641352809199E-003,  0.0000000000000000     ) (  0.0000000000000000     ,  0.0000000000000000     )
          37
 ( -5.3879012740218890E-003,  0.0000000000000000     ) (  1.9313919424564308E-003,  0.0000000000000000     ) (  2.8117461849652796E-003,  0.0000000000000000     )
 ( -2.0069881631768782E-003,  0.0000000000000000     ) (  2.4554703284754473E-003,  0.0000000000000000     ) ( -5.5324800552287315E-003,  0.0000000000000000     )
 (  2.7582947552646222E-003, -0.0000000000000000     ) (  5.5593221001530562E-003,  0.0000000000000000     ) (  1.4667717656433878E-003,  0.0000000000000000     )
          38
 (  5.0794174743922782E-003,  0.0000000000000000     ) (  1.7698285335266235E-003,  0.0000000000000000     ) (  3.4253316139335292E-003,  0.0000000000000000     )
 (  1.4325463525245844E-003,  0.0000000000000000     ) (  4.3934983279030945E-003,  0.0000000000000000     ) ( -4.3943890329874455E-003,  0.0000000000000000     )
 ( -3.5795251991522542E-003,  0.0000000000000000     ) (  4.2697249311035058E-003,  0.0000000000000000     ) (  3.1019542137185529E-003,  0.0000000000000000     )
          39
 ( -4.9990295725054687E-003,  0.0000000000000000     ) (  8.2997373327148641E-004,  0.0000000000000000     ) (  3.8712425031189037E-003,  0.0000000000000000     )
 ( -7.8696723016495563E-004,  0.0000000000000000     ) (  5.9025562045178087E-003,  0.0000000000000000     ) ( -2.2817064696875303E-003,  0.0000000000000000     )
 (  3.8802135887759351E-003,  0.0000000000000000     ) (  2.2664168719030548E-003,  0.0000000000000000     ) (  4.5247064712410773E-003,  0.0000000000000000     )
          40
 ( -5.0550061846017773E-003,  0.0000000000000000     ) (  1.9444376038643303E-018,  0.0000000000000000     ) (  3.8874907146251702E-003,  0.0000000000000000     )
 (  3.5661616714146320E-018,  0.0000000000000000     ) (  6.3769641352809199E-003,  0.0000000000000000     ) (  1.4475559825739577E-018,  0.0000000000000000     )
 (  3.8874907146251702E-003,  0.0000000000000000     ) ( -3.3214589857517141E-018,  0.0000000000000000     ) (  5.0550061846017773E-003,  0.0000000000000000     )
          41
 ( -6.2812861259864735E-003,  0.0000000000000000     ) (  0.0000000000000000     ,  0.0000000000000000     ) (  1.1005072403891653E-003,  0.0000000000000000     )
 ( -1.1005072403891653E-003,  0.0000000000000000     ) (  0.0000000000000000     ,  0.0000000000000000     ) ( -6.2812861259864735E-003,  0.0000000000000000     )
 (  0.0000000000000000     ,  0.0000000000000000     ) (  6.3769641352809199E-003,  0.0000000000000000     ) (  0.0000000000000000     ,  0.0000000000000000     )
          42
 (  5.0766067701080962E-003,  0.0000000000000000     ) (  3.6704931975355946E-003,  0.0000000000000000     ) (  1.1921472103715637E-003, -0.0000000000000000     )
 (  5.6050845722424515E-004,  0.0000000000000000     ) (  1.2477472315246449E-003, -0.0000000000000000     ) ( -6.2285334307733958E-003,  0.0000000000000000     )
 ( -3.8183197291127772E-003,  0.0000000000000000     ) (  5.0632280331549973E-003,  0.0000000000000000     ) (  6.7069211505773566E-004, -0.0000000000000000     )
          43
 ( -4.9373285231097096E-003,  0.0000000000000000     ) ( -3.0173750930803583E-017,  0.0000000000000000     ) (  4.0358962619901932E-003,  0.0000000000000000     )
 ( -4.8365841090924864E-019,  0.0000000000000000     ) ( -6.3769641352809199E-003,  0.0000000000000000     ) ( -4.8268066207478526E-017,  0.0000000000000000     )
 (  4.0358962619901932E-003, -0.0000000000000000     ) ( -3.7677379097195767E-017,  0.0000000000000000     ) (  4.9373285231097096E-003,  0.0000000000000000     )
          44
 ( -6.3769641352809199E-003,  0.0000000000000000     ) (  0.0000000000000000     ,  0.0000000000000000     ) ( -3.9824169807362223E-019,  0.0000000000000000     )
 (  3.9824169807362223E-019, -0.0000000000000000     ) (  0.0000000000000000     ,  0.0000000000000000     ) ( -6.3769641352809199E-003,  0.0000000000000000     )
 (  0.0000000000000000     ,  0.0000000000000000     ) (  6.3769641352809199E-003,  0.0000000000000000     ) (  0.0000000000000000     ,  0.0000000000000000     )
          45
 (  5.7110446907409481E-003,  0.0000000000000000     ) ( -4.2586123620540527E-019,  0.0000000000000000     ) ( -2.8371887711286957E-003,  0.0000000000000000     )
 (  2.8371887711286961E-003,  0.0000000000000000     ) ( -2.0043771571032697E-018,  0.0000000000000000     ) (  5.7110446907409464E-003, -0.0000000000000000     )
 ( -1.2731620788558594E-018,  0.0000000000000000     ) ( -6.3769641352809199E-003,  0.0000000000000000     ) ( -1.6055976773099829E-018,  0.0000000000000000     )
          46
 ( -5.6213020384983910E-003,  0.0000000000000000     ) ( -3.2246515274572468E-018,  0.0000000000000000     ) ( -3.0110853482810747E-003,  0.0000000000000000     )
 ( -2.1291588685010067E-003,  0.0000000000000000     ) (  4.5091945834405444E-003,  0.0000000000000000     ) (  3.9748607905199769E-003,  0.0000000000000000     )
 (  2.1291588685010006E-003,  0.0000000000000000     ) (  4.5091945834405487E-003, -0.0000000000000000     ) ( -3.9748607905199769E-003,  0.0000000000000000     )
          47
 ( -6.3769641352809199E-003,  0.0000000000000000     ) (  0.0000000000000000     ,  0.0000000000000000     ) ( -6.1948708589230130E-019,  0.0000000000000000     )
 (  5.3098893076482963E-019,  0.0000000000000000     ) (  0.0000000000000000     ,  0.0000000000000000     ) ( -6.3769641352809216E-003,  0.0000000000000000     )
 (  0.0000000000000000     ,  0.0000000000000000     ) (  6.3769641352809199E-003,  0.0000000000000000     ) (  0.0000000000000000     ,  0.0000000000000000     )
