    0.0000   -6.3478
    0.1000   -6.3228
    0.2000   -6.2443
    0.3000   -6.1022
    0.4000   -5.8819
    0.5000   -5.5662
    0.6000   -5.1391
    0.7000   -4.5882
    0.8000   -3.9082
    0.9000   -3.1019
    1.0000   -2.1824
    1.0354   -2.1872
    1.0707   -2.2018
    1.1061   -2.2267
    1.1414   -2.2629
    1.1768   -2.3114
    1.2121   -2.3737
    1.2475   -2.4509
    1.2828   -2.5441
    1.3182   -2.6540
    1.3536   -2.7809
    1.3536   -2.7809
    1.4596   -3.2552
    1.5657   -3.8288
    1.6718   -4.4283
    1.7778   -4.9846
    1.8839   -5.4522
    1.9899   -5.8121
    2.0960   -6.0668
    2.2021   -6.2302
    2.3081   -6.3196
    2.4142   -6.3478
    2.5008   -6.3291
    2.5874   -6.2707
    2.6740   -6.1663
    2.7606   -6.0061
    2.8472   -5.7790
    2.9338   -5.4748
    3.0204   -5.0905
    3.1070   -4.6431
    3.1936   -4.2075
    3.2802   -3.9974
    3.3509   -3.9845
    3.4217   -3.9448
    3.4924   -3.8747
    3.5631   -3.7691
    3.6338   -3.6222
    3.7045   -3.4288
    3.7752   -3.1862
    3.8459   -2.8966
    3.9166   -2.5688
    3.9873   -2.2213
    4.0373   -2.2203
    4.0873   -2.2176
    4.1373   -2.2133
    4.1873   -2.2079
    4.2373   -2.2019
    4.2873   -2.1959
    4.3373   -2.1905
    4.3873   -2.1862
    4.4373   -2.1834
    4.4873   -2.1824
 
    0.0000    5.6891
    0.1000    5.5733
    0.2000    5.2312
    0.3000    4.6788
    0.4000    3.9415
    0.5000    3.0531
    0.6000    2.0534
    0.7000    0.9864
    0.8000   -0.1033
    0.9000   -1.1724
    1.0000   -2.1824
    1.0354   -2.1786
    1.0707   -2.1670
    1.1061   -2.1473
    1.1414   -2.1187
    1.1768   -2.0806
    1.2121   -2.0318
    1.2475   -1.9711
    1.2828   -1.8973
    1.3182   -1.8090
    1.3536   -1.7048
    1.3536   -1.7048
    1.4596   -1.2847
    1.5657   -0.6842
    1.6718    0.1026
    1.7778    1.0518
    1.8839    2.1070
    1.9899    3.1829
    2.0960    4.1766
    2.2021    4.9818
    2.3081    5.5067
    2.4142    5.6891
    2.5008    5.5552
    2.5874    5.1625
    2.6740    4.5373
    2.7606    3.7210
    2.8472    2.7665
    2.9338    1.7350
    3.0204    0.6945
    3.1070   -0.2736
    3.1936   -1.0435
    3.2802   -1.3689
    3.3509   -1.3570
    3.4217   -1.3243
    3.4924   -1.2792
    3.5631   -1.2369
    3.6338   -1.2203
    3.7045   -1.2581
    3.7752   -1.3776
    3.8459   -1.5906
    3.9166   -1.8830
    3.9873   -2.2213
    4.0373   -2.2203
    4.0873   -2.2176
    4.1373   -2.2133
    4.1873   -2.2079
    4.2373   -2.2019
    4.2873   -2.1959
    4.3373   -2.1905
    4.3873   -2.1862
    4.4373   -2.1834
    4.4873   -2.1824
 
    0.0000    5.6891
    0.1000    5.6173
    0.2000    5.4089
    0.3000    5.0845
    0.4000    4.6758
    0.5000    4.2228
    0.6000    3.7700
    0.7000    3.3616
    0.8000    3.0376
    0.9000    2.8296
    1.0000    2.7579
    1.0354    2.7530
    1.0707    2.7385
    1.1061    2.7157
    1.1414    2.6864
    1.1768    2.6532
    1.2121    2.6191
    1.2475    2.5873
    1.2828    2.5612
    1.3182    2.5439
    1.3536    2.5382
    1.3536    2.5382
    1.4596    2.6091
    1.5657    2.8246
    1.6718    3.1679
    1.7778    3.6026
    1.8839    4.0861
    1.9899    4.5733
    2.0960    5.0181
    2.2021    5.3760
    2.3081    5.6085
    2.4142    5.6891
    2.5008    5.6588
    2.5874    5.5708
    2.6740    5.4338
    2.7606    5.2612
    2.8472    5.0698
    2.9338    4.8785
    3.0204    4.7059
    3.1070    4.5689
    3.1936    4.4809
    3.2802    4.4506
    3.3509    4.3934
    3.4217    4.2277
    3.4924    3.9717
    3.5631    3.6554
    3.6338    3.3204
    3.7045    3.0170
    3.7752    2.7944
    3.8459    2.6849
    3.9166    2.6920
    3.9873    2.7954
    4.0373    2.7945
    4.0873    2.7919
    4.1373    2.7877
    4.1873    2.7825
    4.2373    2.7768
    4.2873    2.7710
    4.3373    2.7657
    4.3873    2.7616
    4.4373    2.7589
    4.4873    2.7579
 
    0.0000    5.6891
    0.1000    5.6173
    0.2000    5.4089
    0.3000    5.0845
    0.4000    4.6758
    0.5000    4.2228
    0.6000    3.7700
    0.7000    3.3616
    0.8000    3.0376
    0.9000    2.8296
    1.0000    2.7579
    1.0354    2.7639
    1.0707    2.7816
    1.1061    2.8109
    1.1414    2.8514
    1.1768    2.9029
    1.2121    2.9646
    1.2475    3.0361
    1.2828    3.1165
    1.3182    3.2052
    1.3536    3.3011
    1.3536    3.3011
    1.4596    3.6234
    1.5657    3.9767
    1.6718    4.3349
    1.7778    4.6750
    1.8839    4.9788
    1.9899    5.2340
    2.0960    5.4340
    2.2021    5.5763
    2.3081    5.6610
    2.4142    5.6891
    2.5008    5.6588
    2.5874    5.5708
    2.6740    5.4338
    2.7606    5.2612
    2.8472    5.0699
    2.9338    4.8785
    3.0204    4.7059
    3.1070    4.5689
    3.1936    4.4809
    3.2802    4.4506
    3.3509    4.4248
    3.4217    4.3484
    3.4924    4.2253
    3.5631    4.0611
    3.6338    3.8637
    3.7045    3.6427
    3.7752    3.4097
    3.8459    3.1785
    3.9166    2.9665
    3.9873    2.7954
    4.0373    2.7945
    4.0873    2.7919
    4.1373    2.7877
    4.1873    2.7825
    4.2373    2.7768
    4.2873    2.7710
    4.3373    2.7657
    4.3873    2.7616
    4.4373    2.7589
    4.4873    2.7579
 
    0.0000    9.1639
    0.1000    9.0991
    0.2000    8.9099
    0.3000    8.6125
    0.4000    8.2372
    0.5000    7.8296
    0.6000    7.4489
    0.7000    7.1601
    0.8000    7.0220
    0.9000    7.0729
    1.0000    7.3195
    1.0354    7.3186
    1.0707    7.3162
    1.1061    7.3132
    1.1414    7.3113
    1.1768    7.3122
    1.2121    7.3181
    1.2475    7.3308
    1.2828    7.3520
    1.3182    7.3834
    1.3536    7.4258
    1.3536    7.4258
    1.4596    7.6234
    1.5657    7.9176
    1.6718    8.2773
    1.7778    8.6599
    1.8839    9.0237
    1.9899    9.3353
    2.0960    9.5676
    2.2021    9.4057
    2.3081    9.2233
    2.4142    9.1639
    2.5008    9.2434
    2.5874    9.4399
    2.6740    9.4077
    2.7606    9.2303
    2.8472    8.9994
    2.9338    8.7584
    3.0204    8.5374
    3.1070    8.3608
    3.1936    8.2470
    3.2802    8.2078
    3.3509    8.1996
    3.4217    8.1731
    3.4924    8.1243
    3.5631    8.0541
    3.6338    7.9712
    3.7045    7.8922
    3.7752    7.8381
    3.8459    7.8303
    3.9166    7.8885
    3.9873    8.0273
    4.0373    8.0095
    4.0873    7.9579
    4.1373    7.8780
    4.1873    7.7782
    4.2373    7.6684
    4.2873    7.5596
    4.3373    7.4622
    4.3873    7.3855
    4.4373    7.3364
    4.4873    7.3195
 
    0.0000    9.1639
    0.1000    9.3772
    0.2000    9.9888
    0.3000   10.0320
    0.4000    9.9102
    0.5000    9.6642
    0.6000    9.2833
    0.7000    8.7926
    0.8000    8.2496
    0.9000    7.7322
    1.0000    7.3195
    1.0354    7.3375
    1.0707    7.3909
    1.1061    7.4786
    1.1414    7.5987
    1.1768    7.7486
    1.2121    7.9251
    1.2475    8.1244
    1.2828    8.3423
    1.3182    8.5740
    1.3536    8.8148
    1.3536    8.8148
    1.4596    9.5413
    1.5657   10.1732
    1.6718   10.6047
    1.7778   10.7764
    1.8839   10.6862
    1.9899   10.1834
    2.0960    9.7217
    2.2021    9.5684
    2.3081    9.2719
    2.4142    9.1639
    2.5008    9.2434
    2.5874    9.4742
    2.6740    9.8337
    2.7606   10.2867
    2.8472   10.7889
    2.9338   11.2910
    3.0204   11.7440
    3.1070   12.1035
    3.1936   12.3343
    3.2802   12.4139
    3.3509   12.2521
    3.4217   11.8336
    3.4924   11.2764
    3.5631   10.6681
    3.6338   10.0639
    3.7045    9.4998
    3.7752    9.0008
    3.8459    8.5838
    3.9166    8.2585
    3.9873    8.0285
    4.0373    8.0107
    4.0873    7.9590
    4.1373    7.8790
    4.1873    7.7790
    4.2373    7.6690
    4.2873    7.5600
    4.3373    7.4625
    4.3873    7.3856
    4.4373    7.3364
    4.4873    7.3195
 
    0.0000    9.1639
    0.1000    9.3772
    0.2000    9.9888
    0.3000   10.9185
    0.4000   12.0508
    0.5000   13.2545
    0.6000   14.4044
    0.7000   15.3954
    0.8000   16.1506
    0.9000   16.6209
    1.0000   16.7803
    1.0354   16.7634
    1.0707   16.7128
    1.1061   16.6292
    1.1414   16.5136
    1.1768   16.3673
    1.2121   16.1919
    1.2475   15.9896
    1.2828   15.7625
    1.3182   15.5133
    1.3536   15.2445
    1.3536   15.2445
    1.4596   14.3507
    1.5657   13.3885
    1.6718   12.4354
    1.7778   11.5562
    1.8839   10.7972
    1.9899   10.3876
    2.0960    9.9765
    2.2021    9.6624
    2.3081    9.3861
    2.4142    9.1639
    2.5008    9.2686
    2.5874    9.4742
    2.6740    9.8337
    2.7606   10.2867
    2.8472   10.7889
    2.9338   11.2910
    3.0204   11.7440
    3.1070   12.1035
    3.1936   12.3343
    3.2802   12.4139
    3.3509   12.4742
    3.4217   12.6558
    3.4924   12.9576
    3.5631   13.3709
    3.6338   13.8764
    3.7045   14.4449
    3.7752   15.0412
    3.8459   15.6281
    3.9166   16.1704
    3.9873   16.6362
    4.0373   16.6403
    4.0873   16.6518
    4.1373   16.6693
    4.1873   16.6906
    4.2373   16.7133
    4.2873   16.7350
    4.3373   16.7538
    4.3873   16.7682
    4.4373   16.7772
    4.4873   16.7803
 
    0.0000   10.0548
    0.1000   10.0614
    0.2000   10.0666
    0.3000   10.9185
    0.4000   12.0508
    0.5000   13.2545
    0.6000   14.4044
    0.7000   15.3954
    0.8000   16.1506
    0.9000   16.6209
    1.0000   16.7803
    1.0354   16.7941
    1.0707   16.8347
    1.1061   16.8997
    1.1414   16.9854
    1.1768   17.0870
    1.2121   17.1986
    1.2475   17.3140
    1.2828   17.4264
    1.3182   17.5292
    1.3536   17.6158
    1.3536   17.6158
    1.4596   17.7198
    1.5657   17.4927
    1.6718   16.8664
    1.7778   15.8498
    1.8839   14.5296
    1.9899   13.0579
    2.0960   11.6332
    2.2021   10.5052
    2.3081   10.0806
    2.4142   10.0548
    2.5008   10.0695
    2.5874   10.2447
    2.6740   10.8166
    2.7606   11.6741
    2.8472   12.6590
    2.9338   13.6540
    3.0204   14.5551
    3.1070   15.2714
    3.1936   15.7318
    3.2802   15.8905
    3.3509   16.0099
    3.4217   16.3020
    3.4924   16.6508
    3.5631   16.9723
    3.6338   17.2163
    3.7045   17.3532
    3.7752   17.3663
    3.8459   17.2488
    3.9166   17.0023
    3.9873   16.6375
    4.0373   16.6415
    4.0873   16.6529
    4.1373   16.6703
    4.1873   16.6914
    4.2373   16.7139
    4.2873   16.7354
    4.3373   16.7540
    4.3873   16.7683
    4.4373   16.7772
    4.4873   16.7803
 
