    0.000000000000000    0.000000000000000    0.000000000000000    0.0156250000
    0.000000000000000    0.000000000000000    0.250000000000000    0.0156250000
    0.000000000000000    0.000000000000000   -0.500000000000000    0.0156250000
    0.000000000000000    0.000000000000000   -0.250000000000000    0.0156250000
    0.000000000000000    0.250000000000000    0.000000000000000    0.0156250000
    0.000000000000000    0.250000000000000    0.250000000000000    0.0156250000
    0.000000000000000    0.250000000000000   -0.500000000000000    0.0156250000
    0.000000000000000    0.250000000000000   -0.250000000000000    0.0156250000
    0.000000000000000   -0.500000000000000    0.000000000000000    0.0156250000
    0.000000000000000   -0.500000000000000    0.250000000000000    0.0156250000
    0.000000000000000   -0.500000000000000   -0.500000000000000    0.0156250000
    0.000000000000000    0.500000000000000   -0.250000000000000    0.0156250000
    0.000000000000000   -0.250000000000000    0.000000000000000    0.0156250000
    0.000000000000000   -0.250000000000000    0.250000000000000    0.0156250000
    0.000000000000000   -0.250000000000000    0.500000000000000    0.0156250000
    0.000000000000000   -0.250000000000000   -0.250000000000000    0.0156250000
    0.250000000000000    0.000000000000000    0.000000000000000    0.0156250000
    0.250000000000000    0.000000000000000    0.250000000000000    0.0156250000
    0.250000000000000    0.000000000000000   -0.500000000000000    0.0156250000
    0.250000000000000    0.000000000000000   -0.250000000000000    0.0156250000
    0.250000000000000    0.250000000000000    0.000000000000000    0.0156250000
    0.250000000000000    0.250000000000000    0.250000000000000    0.0156250000
    0.250000000000000    0.250000000000000    0.500000000000000    0.0156250000
    0.250000000000000    0.250000000000000    0.750000000000000    0.0156250000
    0.250000000000000   -0.500000000000000    0.000000000000000    0.0156250000
    0.250000000000000    0.500000000000000    0.250000000000000    0.0156250000
   -0.750000000000000   -0.500000000000000   -0.500000000000000    0.0156250000
    0.250000000000000   -0.500000000000000   -0.250000000000000    0.0156250000
    0.250000000000000   -0.250000000000000    0.000000000000000    0.0156250000
    0.250000000000000    0.750000000000000    0.250000000000000    0.0156250000
    0.250000000000000   -0.250000000000000    0.500000000000000    0.0156250000
   -0.750000000000000   -0.250000000000000   -0.250000000000000    0.0156250000
   -0.500000000000000    0.000000000000000    0.000000000000000    0.0156250000
   -0.500000000000000    0.000000000000000    0.250000000000000    0.0156250000
    0.500000000000000    0.000000000000000    0.500000000000000    0.0156250000
    0.500000000000000    0.000000000000000   -0.250000000000000    0.0156250000
   -0.500000000000000    0.250000000000000    0.000000000000000    0.0156250000
    0.500000000000000    0.250000000000000    0.250000000000000    0.0156250000
   -0.500000000000000   -0.750000000000000   -0.500000000000000    0.0156250000
   -0.500000000000000   -0.750000000000000   -0.250000000000000    0.0156250000
   -0.500000000000000   -0.500000000000000    0.000000000000000    0.0156250000
   -0.500000000000000   -0.500000000000000   -0.750000000000000    0.0156250000
    0.500000000000000    0.500000000000000    0.500000000000000    0.0156250000
    0.500000000000000    0.500000000000000    0.750000000000000    0.0156250000
    0.500000000000000   -0.250000000000000    0.000000000000000    0.0156250000
    0.500000000000000    0.750000000000000    0.250000000000000    0.0156250000
    0.500000000000000    0.750000000000000    0.500000000000000    0.0156250000
   -0.500000000000000   -0.250000000000000   -0.250000000000000    0.0156250000
   -0.250000000000000    0.000000000000000    0.000000000000000    0.0156250000
   -0.250000000000000    0.000000000000000    0.250000000000000    0.0156250000
   -0.250000000000000    0.000000000000000    0.500000000000000    0.0156250000
   -0.250000000000000    0.000000000000000   -0.250000000000000    0.0156250000
   -0.250000000000000    0.250000000000000    0.000000000000000    0.0156250000
    0.750000000000000    0.250000000000000    0.250000000000000    0.0156250000
   -0.250000000000000    0.250000000000000   -0.500000000000000    0.0156250000
   -0.250000000000000   -0.750000000000000   -0.250000000000000    0.0156250000
   -0.250000000000000    0.500000000000000    0.000000000000000    0.0156250000
   -0.250000000000000    0.500000000000000    0.250000000000000    0.0156250000
    0.750000000000000    0.500000000000000    0.500000000000000    0.0156250000
   -0.250000000000000   -0.500000000000000   -0.250000000000000    0.0156250000
   -0.250000000000000   -0.250000000000000    0.000000000000000    0.0156250000
   -0.250000000000000   -0.250000000000000   -0.750000000000000    0.0156250000
   -0.250000000000000   -0.250000000000000   -0.500000000000000    0.0156250000
   -0.250000000000000   -0.250000000000000   -0.250000000000000    0.0156250000
