#        \hbar \omega(eV)           Re(1/eps)            -Im(1/eps)               Re(eps)                Im(eps)
     0.000000000000000E+00  0.155829248294816E-01  0.960013663801466E-10  0.641728052302530E+02  0.395347924344460E-06
     0.100000000000000E+00  0.154754259834072E-01  0.118867301510749E-02  0.642395740039525E+02  0.493426469826240E+01
     0.200000000000000E+00  0.151521915149483E-01  0.239646081102924E-02  0.643864662910859E+02  0.101833218696463E+02
     0.300000000000000E+00  0.146110685451442E-01  0.364365254743582E-02  0.644341989919405E+02  0.160683547937359E+02
     0.400000000000000E+00  0.138487011403345E-01  0.495300175214818E-02  0.640198834541729E+02  0.228967750627032E+02
     0.500000000000000E+00  0.128609922178679E-01  0.635125422589424E-02  0.625098193891499E+02  0.308697608885610E+02
     0.600000000000000E+00  0.116440206689487E-01  0.787103543549452E-02  0.589461978452644E+02  0.398459969471730E+02
     0.700000000000000E+00  0.101957958167812E-01  0.955318371809426E-02  0.522278590959095E+02  0.489360852366970E+02
     0.800000000000000E+00  0.851951695274322E-02  0.114494591374875E-01  0.418295351733877E+02  0.562151066033843E+02
     0.900000000000000E+00  0.662939436898402E-02  0.136250828045891E-01  0.288747062397250E+02  0.593448272311386E+02
     0.100000000000000E+01  0.456034030919705E-02  0.161593913957734E-01  0.161758573414657E+02  0.573185315612910E+02
     0.110000000000000E+01  0.238198125602396E-02  0.191406661103083E-01  0.640250532752593E+01  0.514480189269849E+02
     0.120000000000000E+01  0.213261920034458E-03  0.226489266576313E-01  0.415699556227909E+00  0.441482884478136E+02
     0.130000000000000E+01  -.177473182794397E-02  0.267236579000605E-01  -.247417120934385E+01  0.372557160150123E+02
     0.140000000000000E+01  -.338373346729304E-02  0.313296594776456E-01  -.340759612980174E+01  0.315506015517936E+02
     0.150000000000000E+01  -.443573827948240E-02  0.363505584130539E-01  -.330768807327138E+01  0.271062675351628E+02
     0.160000000000000E+01  -.480645829726933E-02  0.416185711574820E-01  -.273839889547103E+01  0.237114819769640E+02
     0.170000000000000E+01  -.442309729880797E-02  0.469469801352130E-01  -.198917595109428E+01  0.211132149154020E+02
     0.180000000000000E+01  -.324952276286083E-02  0.521364242623797E-01  -.119083959724498E+01  0.191062266681111E+02
     0.190000000000000E+01  -.128854217273844E-02  0.569646146650243E-01  -.396886340458067E+00  0.175457799739355E+02
     0.200000000000000E+01  0.139470267869246E-02  0.611850268906301E-01  0.372362315055270E+00  0.163353800116546E+02
     0.210000000000000E+01  0.464440305208302E-02  0.645505543293376E-01  0.110888753381296E+01  0.154119494354426E+02
     0.220000000000000E+01  0.820308132518832E-02  0.668612158071720E-01  0.180775686495548E+01  0.147345634016264E+02
     0.230000000000000E+01  0.117343305532110E-01  0.680185841957589E-01  0.246301070580702E+01  0.142769543015938E+02
     0.240000000000000E+01  0.148788066864285E-01  0.680606826278661E-01  0.306549739219037E+01  0.140226195220836E+02
     0.250000000000000E+01  0.173230389632172E-01  0.671579362254424E-01  0.360125670252314E+01  0.139613475714644E+02
     0.260000000000000E+01  0.188523740586607E-01  0.655713634198456E-01  0.404990557275709E+01  0.140861744680542E+02
     0.270000000000000E+01  0.193697342968969E-01  0.635934009194782E-01  0.438297977788334E+01  0.143899026163489E+02
     0.280000000000000E+01  0.188814128460423E-01  0.614957969241297E-01  0.456266655383126E+01  0.148603718437171E+02
     0.290000000000000E+01  0.174646446950570E-01  0.594987592937657E-01  0.454203304000076E+01  0.154738521893791E+02
     0.300000000000000E+01  0.152330612880067E-01  0.577621507851389E-01  0.426874292447177E+01  0.161866198661239E+02
     0.310000000000000E+01  0.123098456318046E-01  0.563916776010075E-01  0.369492648232241E+01  0.169265406880658E+02
     0.320000000000000E+01  0.881137141200938E-02  0.554518336646499E-01  0.279500158551634E+01  0.175895392176121E+02
     0.330000000000000E+01  0.483987286431664E-02  0.549797225721664E-01  0.158882607139672E+01  0.180486593490613E+02
     0.340000000000000E+01  0.482329934383574E-03  0.549967635884911E-01  0.159454414381593E+00  0.181814896935503E+02
     0.350000000000000E+01  -.418697954387404E-02  0.555173147692614E-01  -.135076795875092E+01  0.179105269467884E+02
     0.360000000000000E+01  -.910201773842956E-02  0.565542535984787E-01  -.277396489467851E+01  0.172356853870506E+02
     0.370000000000000E+01  -.141996450628949E-01  0.581218461541003E-01  -.396662625797340E+01  0.162361552063853E+02
     0.380000000000000E+01  -.194139757438065E-01  0.602361413775897E-01  -.484707739641276E+01  0.150391266153499E+02
     0.390000000000000E+01  -.246708659161075E-01  0.629128838406260E-01  -.540236057437138E+01  0.137764959055896E+02
     0.400000000000000E+01  -.298831322456083E-01  0.661627141326400E-01  -.566987882201463E+01  0.125533886001122E+02
     0.410000000000000E+01  -.349475456890285E-01  0.699833888224389E-01  -.571131122057032E+01  0.114370524726322E+02
     0.420000000000000E+01  -.397452894652868E-01  0.743491252228807E-01  -.559203640598799E+01  0.104606865516185E+02
     0.430000000000000E+01  -.441481382377886E-01  0.791982203358012E-01  -.536989456408049E+01  0.963316030622655E+01
     0.440000000000000E+01  -.480325069218495E-01  0.844219248886826E-01  -.509132654041872E+01  0.894851454408399E+01
     0.450000000000000E+01  -.513018511053940E-01  0.898597379266755E-01  -.479158648837670E+01  0.839288830365926E+01
     0.460000000000000E+01  -.539140779371994E-01  0.953073964219302E-01  -.449650162443865E+01  0.794875622896518E+01
     0.470000000000000E+01  -.559055203302912E-01  0.100541669915820E+00  -.422436827187059E+01  0.759719322678677E+01
     0.480000000000000E+01  -.573998715652955E-01  0.105359407231776E+00  -.398738980107217E+01  0.731898895218080E+01
     0.490000000000000E+01  -.585934317608643E-01  0.109619488294379E+00  -.379254780592230E+01  0.709528589337299E+01
     0.500000000000000E+01  -.597178968402938E-01  0.113271570963876E+00  -.364207336113102E+01  0.690820328593082E+01
     0.510000000000000E+01  -.609932129882311E-01  0.116359893374152E+00  -.353383146024730E+01  0.674167225779601E+01
     0.520000000000000E+01  -.625875515193888E-01  0.119001971469107E+00  -.346195536978078E+01  0.658245136837394E+01
     0.530000000000000E+01  -.645962632792689E-01  0.121352688405228E+00  -.341794502482747E+01  0.642106519058053E+01
     0.540000000000000E+01  -.670416500951219E-01  0.123567410242931E+00  -.339219732060638E+01  0.625230789137214E+01
     0.550000000000000E+01  -.698877410651928E-01  0.125773704393428E+00  -.337567778790217E+01  0.607504969758602E+01
     0.560000000000000E+01  -.730621581719382E-01  0.128054911733110E+00  -.336132175585718E+01  0.589133652115681E+01
     0.570000000000000E+01  -.764790706996497E-01  0.130444427619386E+00  -.334483926798466E+01  0.570503328295675E+01
     0.580000000000000E+01  -.800601220266350E-01  0.132928157274168E+00  -.332482243112315E+01  0.552038278040576E+01
     0.590000000000000E+01  -.837520712959565E-01  0.135453135885393E+00  -.330227105672077E+01  0.534079889911920E+01
     0.600000000000000E+01  -.875402967247010E-01  0.137941194229669E+00  -.327975892406354E+01  0.516806407674744E+01
     0.610000000000000E+01  -.914568345206241E-01  0.140306751998746E+00  -.326045400980363E+01  0.500196310701824E+01
     0.619999999999999E+01  -.955812355435175E-01  0.142477035131478E+00  -.324714397803451E+01  0.484031665843815E+01
     0.629999999999999E+01  -.100033055179628E+00  0.144411686947637E+00  -.324137030385463E+01  0.467937076160551E+01
     0.639999999999999E+01  -.104956519670237E+00  0.146117848716271E+00  -.324277196524367E+01  0.451450624437202E+01
     0.649999999999999E+01  -.110500236827606E+00  0.147657274545744E+00  -.324876736343146E+01  0.434120458280870E+01
     0.659999999999999E+01  -.116796505681064E+00  0.149144131880369E+00  -.325470858082659E+01  0.415612336157133E+01
     0.669999999999999E+01  -.123944761771384E+00  0.150734979487119E+00  -.325456664890569E+01  0.395802960973155E+01
     0.679999999999999E+01  -.132001881961809E+00  0.152614604775240E+00  -.324203771941033E+01  0.374829735652845E+01
     0.689999999999999E+01  -.140979420532541E+00  0.154981946792849E+00  -.321177132989783E+01  0.353077471506652E+01
     0.699999999999999E+01  -.150845629942427E+00  0.158039244867898E+00  -.316034107637060E+01  0.331105327628807E+01
     0.709999999999999E+01  -.161529094403109E+00  0.161985635182812E+00  -.308668116146361E+01  0.309540526054529E+01
     0.719999999999999E+01  -.172920952248694E+00  0.167014561619837E+00  -.299194390301948E+01  0.288974929212325E+01
     0.729999999999999E+01  -.184873522937328E+00  0.173313042130717E+00  -.287894898448404E+01  0.269892301889663E+01
     0.739999999999999E+01  -.197194221781353E+00  0.181060018374147E+00  -.275148490421548E+01  0.252636158814950E+01
     0.749999999999999E+01  -.209634785139389E+00  0.190420447405243E+00  -.261368204224821E+01  0.237412175431204E+01
     0.759999999999999E+01  -.221877251117235E+00  0.201531260095581E+00  -.246957341364340E+01  0.224311523350867E+01
     0.769999999999999E+01  -.233520327390124E+00  0.214474933988066E+00  -.232286328075602E+01  0.213341576886004E+01
     0.779999999999999E+01  -.244073248621335E+00  0.229236942124615E+00  -.217686729738667E+01  0.204454361747031E+01
     0.789999999999999E+01  -.252968996720811E+00  0.245646352524971E+00  -.203456865530509E+01  0.197567439336812E+01
     0.799999999999999E+01  -.259613221752369E+00  0.263306727194266E+00  -.189873657447226E+01  0.192574981294758E+01
     0.810000000000000E+01  -.263484600288230E+00  0.281538816283043E+00  -.177206079569727E+01  0.189348409074549E+01
     0.820000000000000E+01  -.264288625092915E+00  0.299374152826468E+00  -.165725876645713E+01  0.187726747243818E+01
     0.830000000000000E+01  -.262133936794397E+00  0.315646191760756E+00  -.155710748657249E+01  0.187497679357812E+01
     0.840000000000000E+01  -.257657799651932E+00  0.329201459042869E+00  -.147434261516190E+01  0.188372228861707E+01
     0.849999999999999E+01  -.252010300151640E+00  0.339188139633534E+00  -.141136551125850E+01  0.189959871409481E+01
     0.859999999999999E+01  -.246654998677626E+00  0.345307503026164E+00  -.136972752305106E+01  0.191756580384227E+01
     0.869999999999999E+01  -.243046907012430E+00  0.347903309642795E+00  -.134944708881714E+01  0.193163169265637E+01
     0.879999999999999E+01  -.242327648397473E+00  0.347846904258330E+00  -.134836098032199E+01  0.193549186784674E+01
     0.889999999999999E+01  -.245160038480845E+00  0.346289936791944E+00  -.136184765059551E+01  0.192361748581558E+01
     0.899999999999999E+01  -.251730574907877E+00  0.344408743239451E+00  -.138324397822977E+01  0.189250479529551E+01
     0.909999999999999E+01  -.261863378414272E+00  0.343230213523070E+00  -.140500166097020E+01  0.184156724401593E+01
     0.919999999999999E+01  -.275165513862507E+00  0.343560518162898E+00  -.142020991261456E+01  0.177321658745996E+01
     0.929999999999999E+01  -.291148242645474E+00  0.345990547859186E+00  -.142386961197329E+01  0.169207762564644E+01
     0.939999999999999E+01  -.309304027753709E+00  0.350939585737629E+00  -.141346002015592E+01  0.160372652607422E+01
     0.949999999999999E+01  -.329142422055861E+00  0.358707522399536E+00  -.138875248376149E+01  0.151349667892928E+01
     0.959999999999999E+01  -.350196669712667E+00  0.369519364941723E+00  -.135115982925416E+01  0.142571236457051E+01
     0.969999999999999E+01  -.372012840412102E+00  0.383555765008142E+00  -.130298305789608E+01  0.134341240213740E+01
     0.979999999999999E+01  -.394130329988988E+00  0.400968502395177E+00  -.124679628327135E+01  0.126842823415582E+01
     0.989999999999999E+01  -.416059697850806E+00  0.421881732683786E+00  -.118505184889421E+01  0.120163459694404E+01
     0.999999999999999E+01  -.437262129645640E+00  0.446380041217586E+00  -.111988326665683E+01  0.114323538408020E+01
     0.101000000000000E+02  -.457134371593117E+00  0.474484177385239E+00  -.105304521624937E+01  0.109301186747400E+01
     0.102000000000000E+02  -.475003464550123E+00  0.506115568344917E+00  -.985931799614569E+00  0.105050903909481E+01
     0.103000000000000E+02  -.490136523984949E+00  0.541051863253742E+00  -.919630875891916E+00  0.101516205089477E+01
     0.104000000000000E+02  -.501771481091224E+00  0.578878182591276E+00  -.854989306325669E+00  0.986374623572514E+00
     0.105000000000000E+02  -.509174155196161E+00  0.618942486420691E+00  -.792676335312357E+00  0.963562382140268E+00
     0.106000000000000E+02  -.511724065524879E+00  0.660327970620741E+00  -.733239809618308E+00  0.946171556279985E+00
     0.107000000000000E+02  -.509024940160110E+00  0.701859101112408E+00  -.677153673639963E+00  0.933680122915819E+00
     0.108000000000000E+02  -.501025855060130E+00  0.742158114135193E+00  -.624856416933707E+00  0.925585486882985E+00
     0.109000000000000E+02  -.488127417074014E+00  0.779762364566986E+00  -.576779784765139E+00  0.921380674535450E+00
     0.110000000000000E+02  -.471239348039713E+00  0.813298028682383E+00  -.533365671231674E+00  0.920520009171686E+00
     0.111000000000000E+02  -.451757893635261E+00  0.841684746405936E+00  -.495067157299709E+00  0.922375636632794E+00
     0.112000000000000E+02  -.431448129190283E+00  0.864326846581956E+00  -.462327745557377E+00  0.926188469410919E+00
     0.113000000000000E+02  -.412244710085724E+00  0.881240925394469E+00  -.435532056185538E+00  0.931021460899010E+00
     0.114000000000000E+02  -.396013359625282E+00  0.893083844419060E+00  -.414923352775568E+00  0.935729399095741E+00
     0.115000000000000E+02  -.384329562175761E+00  0.901075973162936E+00  -.400490506828586E+00  0.938965951877656E+00
     0.116000000000000E+02  -.378322454550105E+00  0.906847529876307E+00  -.391840837238748E+00  0.939251400705747E+00
     0.117000000000000E+02  -.378605586487078E+00  0.912255420420188E+00  -.388093644724349E+00  0.935117028555780E+00
     0.118000000000000E+02  -.385286066704687E+00  0.919217022801011E+00  -.387843784686595E+00  0.925319236484995E+00
     0.119000000000000E+02  -.398022902690963E+00  0.929590565538237E+00  -.389241288140230E+00  0.909080926566800E+00
     0.120000000000000E+02  -.416099244436350E+00  0.945109838836312E+00  -.390201131511431E+00  0.886285984527729E+00
     0.121000000000000E+02  -.438478760934294E+00  0.967362993236904E+00  -.388703427323759E+00  0.857549656763651E+00
     0.122000000000000E+02  -.463827201176453E+00  0.997794511841336E+00  -.383097279807611E+00  0.824126662523959E+00
     0.123000000000000E+02  -.490491432358997E+00  0.103770466223096E+01  -.372314151021322E+00  0.787683749074362E+00
     0.124000000000000E+02  -.516438522272825E+00  0.108821859917383E+01  -.355936584099875E+00  0.750015334331046E+00
     0.125000000000000E+02  -.539168651252697E+00  0.115019554225748E+01  -.334129319158264E+00  0.712790056581464E+00
     0.126000000000000E+02  -.555631742018359E+00  0.122404788091956E+01  -.307485135141320E+00  0.677384856950023E+00
     0.127000000000000E+02  -.562202524704808E+00  0.130944635359341E+01  -.276848668617067E+00  0.644818306015532E+00
     0.128000000000000E+02  -.554801683030305E+00  0.140491275495426E+01  -.243165055097475E+00  0.615761808074646E+00
     0.129000000000000E+02  -.529278158012821E+00  0.150736276224278E+01  -.207374818062636E+00  0.590595084724653E+00
     0.130000000000000E+02  -.482152419417684E+00  0.161176706013836E+01  -.170355987082817E+00  0.569475869910716E+00
     0.131000000000000E+02  -.411704158449752E+00  0.171121770670552E+01  -.132903554182222E+00  0.552403735869653E+00
     0.132000000000000E+02  -.319138046990335E+00  0.179771182403289E+01  -.957332702026594E-01  0.539267672468614E+00
     0.133000000000000E+02  -.209273428453841E+00  0.186374333173387E+01  -.594977315989916E-01  0.529873770120654E+00
     0.134000000000000E+02  -.901523560081554E-01  0.190429950636566E+01  -.248047190710911E-01  0.523953187405823E+00
     0.135000000000000E+02  0.286046264460937E-01  0.191839656073002E+01  0.777075042456323E-02  0.521152790331551E+00
     0.136000000000000E+02  0.138116418950141E+00  0.190934725371310E+01  0.376885029123328E-01  0.521012925756478E+00
     0.137000000000000E+02  0.232209912903311E+00  0.188363925044566E+01  0.644666116414441E-01  0.522939949086598E+00
     0.138000000000000E+02  0.308295190065562E+00  0.184906732256266E+01  0.877310124503438E-01  0.526185790517103E+00
     0.139000000000000E+02  0.367112061191410E+00  0.181298332359868E+01  0.107290010450568E+00  0.529851836260400E+00
     0.140000000000000E+02  0.411828502636168E+00  0.178117814022689E+01  0.123220846816560E+00  0.532936106571046E+00
     0.141000000000000E+02  0.447024689129242E+00  0.175742624954866E+01  0.135940781800308E+00  0.534435578458524E+00
     0.142000000000000E+02  0.477860945460685E+00  0.174345276569674E+01  0.146225235734372E+00  0.533495767079216E+00
     0.143000000000000E+02  0.509472111716394E+00  0.173906386169107E+01  0.155142161492815E+00  0.529571924099710E+00
     0.144000000000000E+02  0.546484824924463E+00  0.174229613516996E+01  0.163900793369939E+00  0.522546474880078E+00
     0.145000000000000E+02  0.592526364167143E+00  0.174958302117587E+01  0.173653017252639E+00  0.512754180969193E+00
     0.146000000000000E+02  0.649658838455118E+00  0.175605122102170E+01  0.185311180051635E+00  0.500902788873742E+00
     0.147000000000000E+02  0.717808205535717E+00  0.175610571101370E+01  0.199437931513666E+00  0.487921547598528E+00
     0.148000000000000E+02  0.794417283589192E+00  0.174438702466809E+01  0.216227693513530E+00  0.474794280953685E+00
     0.149000000000000E+02  0.874627834473462E+00  0.171696892603843E+01  0.235561046526495E+00  0.462426395696143E+00
     0.150000000000000E+02  0.952160091122752E+00  0.167240492394134E+01  0.257094097482090E+00  0.451568426942051E+00
     0.151000000000000E+02  0.102070806599980E+01  0.161214772919090E+01  0.280347662993674E+00  0.442792472533784E+00
     0.152000000000000E+02  0.107533560937273E+01  0.154011084138509E+01  0.304775456551778E+00  0.436503711708467E+00
     0.153000000000000E+02  0.111333404873887E+01  0.146158144636443E+01  0.329805123616076E+00  0.432967131598293E+00
     0.154000000000000E+02  0.113432106655852E+01  0.138198679439457E+01  0.354855496433557E+00  0.432334040552885E+00
     0.155000000000000E+02  0.113974996484035E+01  0.130596640312078E+01  0.379337756645618E+00  0.434658811929665E+00
     0.156000000000000E+02  0.113218404113509E+01  0.123692962618429E+01  0.402649443613785E+00  0.439901118260935E+00
     0.157000000000000E+02  0.111463599012646E+01  0.117702528920628E+01  0.424170475266879E+00  0.447912485103875E+00
     0.158000000000000E+02  0.109011358452989E+01  0.112734356498654E+01  0.443270541382216E+00  0.458409288231046E+00
     0.159000000000000E+02  0.106137944577363E+01  0.108818667772267E+01  0.459337086788122E+00  0.470938551162957E+00
     0.160000000000000E+02  0.103086777359369E+01  0.105930896452962E+01  0.471831069622007E+00  0.484848682437514E+00
     0.161000000000000E+02  0.100068874495746E+01  0.104008580496066E+01  0.480371383961903E+00  0.499283578521031E+00
     0.162000000000000E+02  0.972663281131579E+00  0.102960837908161E+01  0.484836580852364E+00  0.513221600747714E+00
     0.163000000000000E+02  0.948348085076322E+00  0.102672067711454E+01  0.485456180269521E+00  0.525574845311833E+00
     0.164000000000000E+02  0.929026476239872E+00  0.103002497863946E+01  0.482851541262083E+00  0.535344429027977E+00
     0.165000000000000E+02  0.915655271685342E+00  0.103788768782402E+01  0.477990361722770E+00  0.541798127167985E+00
     0.166000000000000E+02  0.908774806503464E+00  0.104847944971440E+01  0.472046471661386E+00  0.544613496440793E+00
     0.167000000000000E+02  0.908409058204574E+00  0.105987786572042E+01  0.466197911570309E+00  0.543932100913927E+00
     0.168000000000000E+02  0.914000919791905E+00  0.107024261414739E+01  0.461426244830925E+00  0.540303647195996E+00
     0.169000000000000E+02  0.924432962841942E+00  0.107804112080952E+01  0.458377805440290E+00  0.534544031848361E+00
     0.170000000000000E+02  0.938165497037605E+00  0.108226891365657E+01  0.457315895891472E+00  0.527560200633242E+00
     0.171000000000000E+02  0.953481807008656E+00  0.108259258455675E+01  0.458154875029507E+00  0.520193533468193E+00
     0.172000000000000E+02  0.968783875220967E+00  0.107936073820065E+01  0.460544527474599E+00  0.513111018735602E+00
     0.173000000000000E+02  0.982858263214184E+00  0.107347476423415E+01  0.463971652279316E+00  0.506748407866141E+00
     0.174000000000000E+02  0.995045843776657E+00  0.106616082956286E+01  0.467857230461766E+00  0.501294544433130E+00
     0.175000000000000E+02  0.100528985211769E+01  0.105870956488098E+01  0.471640764485576E+00  0.496703102589558E+00
     0.176000000000000E+02  0.101407782261603E+01  0.105224222955576E+01  0.474851674615969E+00  0.492722524507261E+00
     0.177000000000000E+02  0.102231393508471E+01  0.104753494189876E+01  0.477169332516913E+00  0.488941343612375E+00
     0.178000000000000E+02  0.103115626591666E+01  0.104490609708958E+01  0.478469920636914E+00  0.484850021158564E+00
     0.179000000000000E+02  0.104183888536812E+01  0.104415923669617E+01  0.478852980576330E+00  0.479919467117606E+00
     0.180000000000000E+02  0.105548498607934E+01  0.104457592570023E+01  0.478637315050528E+00  0.473690315862053E+00
     0.181000000000000E+02  0.107291364077619E+01  0.104496429007467E+01  0.478318616059563E+00  0.465858438241674E+00
     0.182000000000000E+02  0.109445272442135E+01  0.104377872106832E+01  0.478490949600873E+00  0.456336450422032E+00
     0.183000000000000E+02  0.111979041545439E+01  0.103932398660345E+01  0.479747422298363E+00  0.445273505313524E+00
     0.184000000000000E+02  0.114791576977867E+01  0.103003508055528E+01  0.482584617991367E+00  0.433027491175002E+00
     0.185000000000000E+02  0.117719741419994E+01  0.101478573810514E+01  0.487334528264157E+00  0.420099571238667E+00
     0.186000000000000E+02  0.120561538451447E+01  0.993143036292921E+00  0.494136755123697E+00  0.407052268601496E+00
     0.187000000000000E+02  0.123110195138194E+01  0.965481450173930E+00  0.502949108454582E+00  0.394433648691185E+00
     0.188000000000000E+02  0.125189514068057E+01  0.932912230304508E+00  0.513583958418688E+00  0.382722754109043E+00
     0.189000000000000E+02  0.126679971278854E+01  0.897054951204125E+00  0.525754490420685E+00  0.372300896494129E+00
     0.190000000000000E+02  0.127529289384742E+01  0.859735370336622E+00  0.539118071355063E+00  0.363445038365487E+00
     0.191000000000000E+02  0.127747792656540E+01  0.822705330894404E+00  0.553309638694376E+00  0.356335542026147E+00
     0.192000000000000E+02  0.127393810742603E+01  0.787448758094521E+00  0.567963264126439E+00  0.351070404733648E+00
     0.193000000000000E+02  0.126555764459077E+01  0.755090688048475E+00  0.582723433268039E+00  0.347679965467409E+00
     0.194000000000000E+02  0.125336025010713E+01  0.726390552060566E+00  0.597249135771391E+00  0.346138414245700E+00
     0.195000000000000E+02  0.123839056259802E+01  0.701786528788709E+00  0.611214193805264E+00  0.346370442711635E+00
     0.196000000000000E+02  0.122164191700686E+01  0.681460045619070E+00  0.624306998819201E+00  0.348252847232033E+00
     0.197000000000000E+02  0.120402187958314E+01  0.665399191058915E+00  0.636232361087683E+00  0.351611964509998E+00
     0.198000000000000E+02  0.118634301390066E+01  0.653449899695077E+00  0.646717618059201E+00  0.356218697037997E+00
     0.199000000000000E+02  0.116932707783190E+01  0.645351229932931E+00  0.655524408226323E+00  0.361783705449031E+00
     0.200000000000000E+02  0.115361336262151E+01  0.640755557522973E+00  0.662466412199186E+00  0.367956066601320E+00
     0.201000000000000E+02  0.113976455994768E+01  0.639236891609095E+00  0.667431749944342E+00  0.374329060744989E+00
     0.202000000000000E+02  0.112826583992572E+01  0.640291750324630E+00  0.670406681792489E+00  0.380456318470567E+00
     0.203000000000000E+02  0.111951482597432E+01  0.643337763980499E+00  0.671495256357902E+00  0.385879888971398E+00
     0.204000000000000E+02  0.111380219116359E+01  0.647715633495115E+00  0.670928450993322E+00  0.390168784109716E+00
     0.205000000000000E+02  0.111128496553048E+01  0.652700085813801E+00  0.669057143576087E+00  0.392962803035843E+00
     0.206000000000000E+02  0.111195734691033E+01  0.657524573843557E+00  0.666326425189907E+00  0.394013313533173E+00
     0.207000000000000E+02  0.111562639528228E+01  0.661422151498895E+00  0.663233689787693E+00  0.393211791959199E+00
     0.208000000000000E+02  0.112190150995855E+01  0.663681031433621E+00  0.660277831676600E+00  0.390599235735114E+00
     0.209000000000000E+02  0.113020586675029E+01  0.663708372901538E+00  0.657909600671067E+00  0.386354489411063E+00
     0.210000000000000E+02  0.113981427333115E+01  0.661091345407295E+00  0.656492472179901E+00  0.380765096417670E+00
     0.211000000000000E+02  0.114991559899865E+01  0.655642489750909E+00  0.656279731386837E+00  0.374188225148191E+00
     0.212000000000000E+02  0.115969093832904E+01  0.647418380132341E+00  0.657408633090890E+00  0.367010225098405E+00
     0.213000000000000E+02  0.116839371668288E+01  0.636706513258068E+00  0.659908466455898E+00  0.359611672629915E+00
     0.214000000000000E+02  0.117541722166041E+01  0.623983218714152E+00  0.663717280791025E+00  0.352341651587473E+00
     0.215000000000000E+02  0.118033887562367E+01  0.609852169543281E+00  0.668701952224275E+00  0.345501910310565E+00
     0.216000000000000E+02  0.118293721587762E+01  0.594976323976507E+00  0.674677500719039E+00  0.339339344353672E+00
     0.217000000000000E+02  0.118318427423295E+01  0.580015188802405E+00  0.681423264547306E+00  0.334044199241057E+00
     0.218000000000000E+02  0.118122058030388E+01  0.565575319553338E+00  0.688695107781671E+00  0.329751243885571E+00
     0.219000000000000E+02  0.117732148350245E+01  0.552176980057190E+00  0.696234017232661E+00  0.326541562721612E+00
     0.220000000000000E+02  0.117186237023623E+01  0.540235631736909E+00  0.703772231852577E+00  0.324443250274457E+00
     0.221000000000000E+02  0.116528778476378E+01  0.530054304957927E+00  0.711038544290982E+00  0.323430011298756E+00
     0.222000000000000E+02  0.115808654570163E+01  0.521821980328233E+00  0.717764717130038E+00  0.323417457436751E+00
     0.223000000000000E+02  0.115077237562231E+01  0.515613482996513E+00  0.723695072803129E+00  0.324257815898343E+00
     0.224000000000000E+02  0.114386759341221E+01  0.511387616065942E+00  0.728601119387416E+00  0.325734894189136E+00
     0.225000000000000E+02  0.113788609165488E+01  0.508982052521666E+00  0.732302301804574E+00  0.327562425951403E+00
     0.226000000000000E+02  0.113331118564140E+01  0.508105797185160E+00  0.734692307011506E+00  0.329390043149195E+00
     0.227000000000000E+02  0.113056424842180E+01  0.508332812179756E+00  0.735767672910335E+00  0.330821402501951E+00
     0.228000000000000E+02  0.112996189645639E+01  0.509103428722501E+00  0.735652186020093E+00  0.331447504048193E+00
     0.229000000000000E+02  0.113166350467997E+01  0.509742586200212E+00  0.734608021727118E+00  0.330894290829408E+00
     0.230000000000000E+02  0.113561710732852E+01  0.509504032866913E+00  0.733024803835514E+00  0.328877657209888E+00
     0.231000000000001E+02  0.114151885700026E+01  0.507645209718271E+00  0.731382341893453E+00  0.325253271164015E+00
     0.232000000000001E+02  0.114880555595672E+01  0.503527472873310E+00  0.730191221322153E+00  0.320046624496366E+00
     0.233000000000001E+02  0.115669651572373E+01  0.496722759361929E+00  0.729924196345718E+00  0.313452972326996E+00
     0.234000000000001E+02  0.116428754515250E+01  0.487097324706052E+00  0.730955634317804E+00  0.305806358092049E+00
     0.235000000000001E+02  0.117067993699962E+01  0.474843909122766E+00  0.733523323446117E+00  0.297527164624151E+00
     0.236000000000001E+02  0.117511114644881E+01  0.460448849136487E+00  0.737718391971354E+00  0.289063366981538E+00
     0.237000000000001E+02  0.117705174829824E+01  0.444603896936669E+00  0.743499664064451E+00  0.280839689921943E+00
     0.238000000000001E+02  0.117624713560659E+01  0.428091141663411E+00  0.750722880663835E+00  0.273223037342820E+00
     0.239000000000001E+02  0.117270382586492E+01  0.411673882642842E+00  0.759174273779636E+00  0.266505671761510E+00
     0.240000000000001E+02  0.116663727989143E+01  0.396016838415751E+00  0.768600628237106E+00  0.260902678189011E+00
     0.241000000000001E+02  0.115840414242070E+01  0.381643676998601E+00  0.778731836506844E+00  0.256558199851818E+00
     0.242000000000001E+02  0.114843794044479E+01  0.368927026714610E+00  0.789295283565800E+00  0.253555156888161E+00
     0.243000000000001E+02  0.113719892249336E+01  0.358099842508374E+00  0.800023506357466E+00  0.251924519064324E+00
     0.244000000000001E+02  0.112514082182499E+01  0.349276608668774E+00  0.810657556969355E+00  0.251651808198292E+00
     0.245000000000001E+02  0.111269219353951E+01  0.342475684551437E+00  0.820948752228374E+00  0.252679930292938E+00
     0.246000000000001E+02  0.110024768362700E+01  0.337637736359231E+00  0.830661353815377E+00  0.254908620446957E+00
     0.247000000000001E+02  0.108816423119732E+01  0.334638354951074E+00  0.839578333082928E+00  0.258191828200692E+00
     0.248000000000001E+02  0.107675786623565E+01  0.333295301323459E+00  0.847511671104545E+00  0.262335355657499E+00
     0.249000000000001E+02  0.106629791411182E+01  0.333372477452300E+00  0.854317449299903E+00  0.267097891531627E+00
     0.250000000000001E+02  0.105699691297082E+01  0.334583862304755E+00  0.859914183176298E+00  0.272198911015842E+00
     0.251000000000001E+02  0.104899644259169E+01  0.336601244533638E+00  0.864300638626422E+00  0.277336184185812E+00
     0.252000000000001E+02  0.104235131813294E+01  0.339069316451493E+00  0.867567469647098E+00  0.282213399447417E+00
     0.253000000000001E+02  0.103701681987064E+01  0.341630144434610E+00  0.869896599598455E+00  0.286574812741290E+00
     0.254000000000001E+02  0.103284493417760E+01  0.343956049258974E+00  0.871544364733388E+00  0.290240041392382E+00
     0.255000000000001E+02  0.102959489321265E+01  0.345786114347095E+00  0.872808999769848E+00  0.293130079206071E+00
     0.256000000000001E+02  0.102696006355170E+01  0.346958393808838E+00  0.873988407826421E+00  0.295276929404892E+00
     0.257000000000001E+02  0.102460818764027E+01  0.347429243547303E+00  0.875337708304933E+00  0.296813866523178E+00
     0.258000000000001E+02  0.102222722654659E+01  0.347273986276367E+00  0.877035925075831E+00  0.297949177931413E+00
     0.259000000000001E+02  0.101956696407131E+01  0.346668438411392E+00  0.879167591799002E+00  0.298930493916579E+00
     0.260000000000001E+02  0.101646817088873E+01  0.345856230035130E+00  0.881720111128012E+00  0.300007813637946E+00
     0.261000000000001E+02  0.101287548310639E+01  0.345109896416663E+00  0.884593823255680E+00  0.301401394155893E+00
     0.262000000000001E+02  0.100883491265272E+01  0.344693487720295E+00  0.887620185186481E+00  0.303277467468242E+00
     0.263000000000001E+02  0.100448003187607E+01  0.344831815603198E+00  0.890584028235548E+00  0.305732018216528E+00
     0.264000000000001E+02  0.100001162915960E+01  0.345688193738002E+00  0.893247486603661E+00  0.308781519335459E+00
     0.265000000000001E+02  0.995674554698481E+00  0.347350115621249E+00  0.895374745786770E+00  0.312359615906387E+00
     0.266000000000001E+02  0.991733671124483E+00  0.349821375210179E+00  0.896757485868945E+00  0.316319739936833E+00
     0.267000000000001E+02  0.988449302456869E+00  0.353019531892175E+00  0.897240488047216E+00  0.320444777792693E+00
     0.268000000000001E+02  0.986051960749498E+00  0.356778787785605E+00  0.896745463234794E+00  0.324465415678464E+00
     0.269000000000001E+02  0.984716645446348E+00  0.360859571848761E+00  0.895289326021492E+00  0.328088008223360E+00
     0.270000000000001E+02  0.984538509812086E+00  0.364966686210735E+00  0.892991876509455E+00  0.331030510980181E+00
     0.271000000000001E+02  0.985513624327351E+00  0.368777146833777E+00  0.890068316399944E+00  0.333061711280906E+00
     0.272000000000001E+02  0.987529979081107E+00  0.371976584604315E+00  0.886804873306774E+00  0.334036084950109E+00
     0.273000000000001E+02  0.990373613985339E+00  0.374299719335069E+00  0.883520491031344E+00  0.333915874928297E+00
     0.274000000000001E+02  0.993752118739375E+00  0.375567306143295E+00  0.880522183132854E+00  0.332774479754693E+00
     0.275000000000001E+02  0.997333109114567E+00  0.375710859053704E+00  0.878063944797091E+00  0.330780314008309E+00
     0.276000000000001E+02  0.100079041666958E+01  0.374778567312833E+00  0.876317850129215E+00  0.328165760694452E+00
     0.277000000000001E+02  0.100384794474705E+01  0.372920724554402E+00  0.875361840928658E+00  0.325189261655206E+00
     0.278000000000001E+02  0.100631188096258E+01  0.370358649914454E+00  0.875183845617168E+00  0.322098857840839E+00
     0.279000000000001E+02  0.100808578289493E+01  0.367345022204518E+00  0.875698314980631E+00  0.319103217622251E+00
     0.280000000000001E+02  0.100916801020630E+01  0.364124399486884E+00  0.876769920677310E+00  0.316352993382662E+00
     0.281000000000001E+02  0.100963492796922E+01  0.360900820309247E+00  0.878239657412388E+00  0.313932693895379E+00
     0.282000000000001E+02  0.100961515231225E+01  0.357816284826673E+00  0.879949913318000E+00  0.311861810013348E+00
     0.283000000000001E+02  0.100926004990334E+01  0.354941114987115E+00  0.881766303537890E+00  0.310103540673963E+00
     0.284000000000002E+02  0.100871467869066E+01  0.352275460548464E+00  0.883594744288251E+00  0.308579573647509E+00
     0.285000000000002E+02  0.100809230346825E+01  0.349760476603731E+00  0.885392422814335E+00  0.307189405890181E+00
     0.286000000000002E+02  0.100745499780223E+01  0.347297392600875E+00  0.887171370522491E+00  0.305832324465861E+00
     0.287000000000002E+02  0.100680255599591E+01  0.344772249032351E+00  0.888993736772950E+00  0.304429471476359E+00
     0.288000000000002E+02  0.100607151787470E+01  0.342083256653780E+00  0.890958871224282E+00  0.302942789650604E+00
     0.289000000000002E+02  0.100514506223274E+01  0.339166779798642E+00  0.893183841847978E+00  0.301387629298837E+00
     0.290000000000002E+02  0.100387270776925E+01  0.336017482125977E+00  0.895780519228812E+00  0.299836734557340E+00
     0.291000000000002E+02  0.100209659956634E+01  0.332698827751181E+00  0.898833159017332E+00  0.298415081418666E+00
     0.292000000000002E+02  0.999679523930541E+00  0.329342065589647E+00  0.902380079024870E+00  0.297286992539870E+00
     0.293000000000002E+02  0.996529509691546E+00  0.326134490194646E+00  0.906401668789296E+00  0.296638326599754E+00
     0.294000000000002E+02  0.992617170967895E+00  0.323300132851397E+00  0.910815196813315E+00  0.296656840870165E+00
     0.295000000000002E+02  0.987984272449745E+00  0.321077161831464E+00  0.915475443840578E+00  0.297513093508970E+00
     0.296000000000002E+02  0.982744345466837E+00  0.319695859102050E+00  0.920179594868050E+00  0.299342964898743E+00
     0.297000000000002E+02  0.977077665706698E+00  0.319359505028633E+00  0.924675160845936E+00  0.302231656750074E+00
     0.298000000000002E+02  0.971223153812208E+00  0.320228630810801E+00  0.928670726994634E+00  0.306198379036034E+00
     0.299000000000002E+02  0.965468939291624E+00  0.322407616965645E+00  0.931850616581110E+00  0.311181151907710E+00
     0.300000000000002E+02  0.960141879023407E+00  0.325931952749965E+00  0.933895615314216E+00  0.317022336192224E+00
     0.301000000000002E+02  0.955594724121516E+00  0.330754774254525E+00  0.934512132778718E+00  0.323457572245904E+00
     0.302000000000002E+02  0.952188321080651E+00  0.336732570861823E+00  0.933470901108167E+00  0.330113328840368E+00
     0.303000000000002E+02  0.950265690671909E+00  0.343612112511583E+00  0.930652955125196E+00  0.336520229094671E+00
     0.304000000000003E+02  0.950115667622960E+00  0.351023421905599E+00  0.926095325182924E+00  0.342149025781030E+00
     0.305000000000003E+02  0.951926679048424E+00  0.358486210819889E+00  0.920023248484583E+00  0.346471693119408E+00
     0.306000000000003E+02  0.955736435505046E+00  0.365438063337883E+00  0.912853226959668E+00  0.349041119475158E+00
     0.307000000000003E+02  0.961389737912484E+00  0.371289704057607E+00  0.905155783075795E+00  0.349572092951586E+00
     0.308000000000003E+02  0.968521182825519E+00  0.375504616445702E+00  0.897579215655830E+00  0.347999759923883E+00
     0.309000000000003E+02  0.976577902992695E+00  0.377688608888868E+00  0.890751269416809E+00  0.344495412788942E+00
     0.310000000000003E+02  0.984886947412391E+00  0.377665180589605E+00  0.885185584684621E+00  0.339433652332945E+00
     0.311000000000003E+02  0.992755266736127E+00  0.375511886699543E+00  0.881217617173041E+00  0.333322522785950E+00
     0.312000000000003E+02  0.999576086355675E+00  0.371544494976971E+00  0.878981832144739E+00  0.326719361713446E+00
     0.313000000000003E+02  0.100491257838520E+01  0.366254552592810E+00  0.878426468804604E+00  0.320154907240487E+00
     0.314000000000003E+02  0.100854005847929E+01  0.360221559891135E+00  0.879352131398435E+00  0.314079340530671E+00
     0.315000000000003E+02  0.101044468006097E+01  0.354025323216317E+00  0.881458725985474E+00  0.308833047990339E+00
     0.316000000000003E+02  0.101079018988069E+01  0.348177292063567E+00  0.884389497764499E+00  0.304637246724217E+00
     0.317000000000003E+02  0.100986935892600E+01  0.343078064921701E+00  0.887767050066098E+00  0.301596834229964E+00
     0.318000000000003E+02  0.100805403118383E+01  0.338998473367296E+00  0.891221256785698E+00  0.299708781609681E+00
     0.319000000000003E+02  0.100575148551792E+01  0.336076906973137E+00  0.894411765604496E+00  0.298872180725590E+00
     0.320000000000003E+02  0.100336883591793E+01  0.334325459399664E+00  0.897048388112618E+00  0.298899172192360E+00
     0.321000000000003E+02  0.100128346463384E+01  0.333640109880448E+00  0.898911552223238E+00  0.299528514800991E+00
     0.322000000000003E+02  0.999816347919819E+00  0.333813602777063E+00  0.899872664474523E+00  0.300444913502180E+00
     0.323000000000003E+02  0.999206197188111E+00  0.334552632964465E+00  0.899911339953344E+00  0.301306886469693E+00
     0.324000000000003E+02  0.999584951954638E+00  0.335502489392475E+00  0.899124029033250E+00  0.301783604708504E+00
     0.325000000000003E+02  0.100095842336335E+01  0.336281770063544E+00  0.897717987346461E+00  0.301597136061230E+00
     0.326000000000003E+02  0.100319844796040E+01  0.336526856745902E+00  0.895986934927582E+00  0.300562333912697E+00
     0.327000000000003E+02  0.100605310521562E+01  0.335941142042433E+00  0.894269982155658E+00  0.298614533906985E+00
     0.328000000000003E+02  0.100917821265222E+01  0.334339459657406E+00  0.892901428497964E+00  0.295817108800598E+00
     0.329000000000003E+02  0.101218696161864E+01  0.331676493108849E+00  0.892162752901607E+00  0.292346596414893E+00
     0.330000000000003E+02  0.101470787081403E+01  0.328050976296362E+00  0.892247361141767E+00  0.288459985715489E+00
     0.331000000000003E+02  0.101643779180621E+01  0.323684529893730E+00  0.893243866957536E+00  0.284453434816533E+00
     0.332000000000003E+02  0.101717854298252E+01  0.318881691021849E+00  0.895137531765226E+00  0.280622287793701E+00
     0.333000000000003E+02  0.101685182028463E+01  0.313982313222838E+00  0.897824911546864E+00  0.277229323853368E+00
     0.334000000000003E+02  0.101549400987740E+01  0.309317327655163E+00  0.901135184943113E+00  0.274483871447254E+00
     0.335000000000003E+02  0.101323722409768E+01  0.305174979604086E+00  0.904852668096739E+00  0.272530842692871E+00
     0.336000000000003E+02  0.101028406501644E+01  0.301779700662395E+00  0.908737322214007E+00  0.271446899515363E+00
     0.337000000000003E+02  0.100688204556271E+01  0.299281978844512E+00  0.912542360902975E+00  0.271240792061054E+00
     0.338000000000003E+02  0.100330087144187E+01  0.297755847684043E+00  0.916029643240367E+00  0.271855821808234E+00
     0.339000000000003E+02  0.999813271492156E+00  0.297200686649247E+00  0.918984178020689E+00  0.273173738052031E+00
     0.340000000000003E+02  0.996678458375049E+00  0.297545176122771E+00  0.921228821814814E+00  0.275020684688176E+00
     0.341000000000003E+02  0.994126756616465E+00  0.298652767292974E+00  0.922639295169097E+00  0.277176704963990E+00
     0.342000000000003E+02  0.992344327496789E+00  0.300329388656090E+00  0.923158228516505E+00  0.279390468329249E+00
     0.343000000000003E+02  0.991458021410481E+00  0.302334940901533E+00  0.922805513322907E+00  0.281400063652902E+00
     0.344000000000003E+02  0.991521872739447E+00  0.304400130639050E+00  0.921681405564280E+00  0.282958901840661E+00
     0.345000000000003E+02  0.992508128995810E+00  0.306249173326097E+00  0.919959273799528E+00  0.283863435335119E+00
     0.346000000000003E+02  0.994306321667669E+00  0.307626951481641E+00  0.917866913461016E+00  0.283977476860747E+00
     0.347000000000004E+02  0.996733132756217E+00  0.308326906525141E+00  0.915658512847999E+00  0.283247488642364E+00
     0.348000000000004E+02  0.999553523439697E+00  0.308214269635673E+00  0.913582419206760E+00  0.281704912728258E+00
     0.349000000000004E+02  0.100251038444747E+01  0.307239225978756E+00  0.911851373565947E+00  0.279454970809580E+00
     0.350000000000004E+02  0.100535714205128E+01  0.305436660304970E+00  0.910621098149272E+00  0.276654986957632E+00
     0.351000000000004E+02  0.100788664417176E+01  0.302912607293849E+00  0.909980450535455E+00  0.273487651068776E+00
     0.352000000000004E+02  0.100995080379235E+01  0.299820988619123E+00  0.909953099193826E+00  0.270134977637406E+00
     0.353000000000004E+02  0.101146830002449E+01  0.296336259765237E+00  0.910508150847658E+00  0.266757326849911E+00
     0.354000000000004E+02  0.101242082115938E+01  0.292627640485934E+00  0.911576031604457E+00  0.263479708908466E+00
     0.355000000000004E+02  0.101284067299066E+01  0.288839087114143E+00  0.913066066060972E+00  0.260385642114102E+00
     0.356000000000004E+02  0.101279355150901E+01  0.285077039960536E+00  0.914883045474670E+00  0.257517586012868E+00
     0.357000000000004E+02  0.101236008914377E+01  0.281406106572352E+00  0.916941051363182E+00  0.254882441522076E+00
     0.358000000000004E+02  0.101161897837690E+01  0.277851630850090E+00  0.919173568969092E+00  0.252460541598507E+00
     0.359000000000004E+02  0.101063356261822E+01  0.274407519539028E+00  0.921539421898166E+00  0.250216652478255E+00
     0.360000000000004E+02  0.100944301996604E+01  0.271047504801302E+00  0.924024393552735E+00  0.248111583610167E+00
     0.361000000000004E+02  0.100805866463415E+01  0.267737978677176E+00  0.926638722486300E+00  0.246113036102441E+00
     0.362000000000004E+02  0.100646534469732E+01  0.264450543597922E+00  0.929411052814416E+00  0.244204392568138E+00
     0.363000000000004E+02  0.100462733343054E+01  0.261172528230172E+00  0.932379858181034E+00  0.242390383706266E+00
     0.364000000000004E+02  0.100249751508401E+01  0.257914029045831E+00  0.935583712707639E+00  0.240699015432335E+00
     0.365000000000004E+02  0.100002819020771E+01  0.254710615407397E+00  0.939051907451697E+00  0.239179746719771E+00
     0.366000000000004E+02  0.997181644278993E+00  0.251621611791322E+00  0.942796728737526E+00  0.237898515117623E+00
     0.367000000000004E+02  0.993938835257278E+00  0.248724653333693E+00  0.946808270960779E+00  0.236930634576962E+00
     0.368000000000004E+02  0.990305110277264E+00  0.246107772605112E+00  0.951052101800575E+00  0.236352728039561E+00
     0.369000000000004E+02  0.986312572699971E+00  0.243860468308651E+00  0.955469613178167E+00  0.236234712781250E+00
     0.370000000000004E+02  0.982019356654451E+00  0.242065030205244E+00  0.959980606026908E+00  0.236632539694551E+00
     0.371000000000004E+02  0.977506456012252E+00  0.240788981390279E+00  0.964487604505787E+00  0.237582050148207E+00
     0.372000000000004E+02  0.972872846973263E+00  0.240079037829430E+00  0.968881519417789E+00  0.239094084778102E+00
     0.373000000000004E+02  0.968229499232526E+00  0.239956637931859E+00  0.973048471899829E+00  0.241150925526327E+00
     0.374000000000004E+02  0.963692615015399E+00  0.240414949112816E+00  0.976877725147431E+00  0.243704273459655E+00
     0.375000000000004E+02  0.959376203829771E+00  0.241417319431469E+00  0.980270650596753E+00  0.246675195652863E+00
     0.376000000000004E+02  0.955384004771128E+00  0.242897351357906E+00  0.983150414179081E+00  0.249956698456277E+00
     0.377000000000004E+02  0.951800876208622E+00  0.244761027300383E+00  0.985471614513668E+00  0.253419649816401E+00
     0.378000000000004E+02  0.948684096824474E+00  0.246891479146305E+00  0.987228541688173E+00  0.256922526401261E+00
     0.379000000000004E+02  0.946055499270548E+00  0.249156924955631E+00  0.988460265808495E+00  0.260324812296493E+00
     0.380000000000004E+02  0.943895833755597E+00  0.251421887242898E+00  0.989250692474430E+00  0.263502885767230E+00
     0.381000000000004E+02  0.942143000428649E+00  0.253561052170576E+00  0.989722275236008E+00  0.266366168778328E+00
     0.382000000000004E+02  0.940695555725527E+00  0.255474187155629E+00  0.990023278601509E+00  0.268870614755694E+00
     0.383000000000004E+02  0.939422071222139E+00  0.257099737762115E+00  0.990310040927196E+00  0.271026687178362E+00
     0.384000000000004E+02  0.938175638806398E+00  0.258424469352412E+00  0.990727034854643E+00  0.272899974871586E+00
     0.385000000000004E+02  0.936811482264071E+00  0.259487057957282E+00  0.991388104736521E+00  0.274604215962642E+00
     0.386000000000004E+02  0.935204779805364E+00  0.260374788800174E+00  0.992361833604546E+00  0.276288154656259E+00
     0.387000000000004E+02  0.933265793409226E+00  0.261214058654328E+00  0.993662777669838E+00  0.278118719149345E+00
     0.388000000000004E+02  0.930950232557929E+00  0.262156620428913E+00  0.995248852849642E+00  0.280263183384059E+00
     0.389000000000004E+02  0.928264073654752E+00  0.263364032112702E+00  0.997024031558681E+00  0.282872381380363E+00
     0.390000000000004E+02  0.925263282471367E+00  0.264992508728380E+00  0.998845027757489E+00  0.286066090323341E+00
     0.391000000000004E+02  0.922049637296364E+00  0.267179586830321E+00  0.100053080840339E+01  0.289920842856209E+00
     0.392000000000004E+02  0.918763989902169E+00  0.270033100566227E+00  0.100187433014616E+01  0.294459986155843E+00
     0.393000000000004E+02  0.915577946743344E+00  0.273622283379528E+00  0.100265653020748E+01  0.299645890572843E+00
     0.394000000000004E+02  0.912684352495374E+00  0.277970536467780E+00  0.100266298105897E+01  0.305374761799435E+00
     0.395000000000004E+02  0.910286376623240E+00  0.283049571190759E+00  0.100170349299206E+01  0.311475324066109E+00
     0.396000000000004E+02  0.908584663087721E+00  0.288775152947672E+00  0.999634162629824E+00  0.317713384269700E+00
     0.397000000000004E+02  0.907762071118017E+00  0.295005386803473E+00  0.996379948279169E+00  0.323804509350454E+00
     0.398000000000004E+02  0.907966114582288E+00  0.301543153627798E+00  0.991954138722153E+00  0.329436280099543E+00
     0.399000000000004E+02  0.909290290664618E+00  0.308144613170970E+00  0.986469776868970E+00  0.334299564087460E+00
     0.400000000000004E+02  0.911756868277890E+00  0.314535285487667E+00  0.980138133411777E+00  0.338125259415167E+00
     0.401000000000004E+02  0.915304908399527E+00  0.320433862650185E+00  0.973251385230956E+00  0.340720013448318E+00
     0.402000000000004E+02  0.919787631990557E+00  0.325581688643466E+00  0.966150565909759E+00  0.341993001201792E+00
     0.403000000000004E+02  0.924982132925843E+00  0.329773400184231E+00  0.959184303134232E+00  0.341967112432080E+00
     0.404000000000004E+02  0.930611766596109E+00  0.332882602563260E+00  0.952666874315186E+00  0.340771780328756E+00
     0.405000000000004E+02  0.936378066035455E+00  0.334876672710085E+00  0.946844227924393E+00  0.338619683782794E+00
     0.406000000000004E+02  0.941996127804989E+00  0.335817131162391E+00  0.941873825129253E+00  0.335773530841236E+00
     0.407000000000004E+02  0.947226382121063E+00  0.335845730149460E+00  0.937819886003544E+00  0.332510591246696E+00
     0.408000000000004E+02  0.951896959298120E+00  0.335159961246469E+00  0.934661776746532E+00  0.329091507030242E+00
     0.409000000000004E+02  0.955913796641663E+00  0.333983718015621E+00  0.932311118865093E+00  0.325737252584702E+00
     0.410000000000004E+02  0.959258849443457E+00  0.332538853457089E+00  0.930632925641795E+00  0.322615325635920E+00
     0.411000000000004E+02  0.961979085686585E+00  0.331021825313002E+00  0.929467062013683E+00  0.319834275000364E+00
     0.412000000000004E+02  0.964169863756909E+00  0.329587502978943E+00  0.928647742643152E+00  0.317444780375293E+00
     0.413000000000004E+02  0.965956029983974E+00  0.328340392589600E+00  0.928019996777427E+00  0.315445466061178E+00
     0.414000000000004E+02  0.967473201603442E+00  0.327332451711754E+00  0.927452752998946E+00  0.313792033704720E+00
     0.415000000000004E+02  0.968850778376779E+00  0.326566297771943E+00  0.926848437743932E+00  0.312408752374492E+00
     0.416000000000004E+02  0.970197587211917E+00  0.326002694173611E+00  0.926148912428697E+00  0.311201599176690E+00
     0.417000000000005E+02  0.971590788794743E+00  0.325571399156068E+00  0.925337430156674E+00  0.310072311617225E+00
     0.418000000000005E+02  0.973068653688068E+00  0.325184536914425E+00  0.924436290342713E+00  0.308932351116871E+00
     0.419000000000005E+02  0.974627840083875E+00  0.324751491711839E+00  0.923500140556361E+00  0.307715453948003E+00
     0.420000000000005E+02  0.976225664151626E+00  0.324193983164500E+00  0.922605418510430E+00  0.306387279600950E+00
     0.421000000000005E+02  0.977787417745623E+00  0.323459633689457E+00  0.921837096895003E+00  0.304950835193281E+00
     0.422000000000005E+02  0.979218079160476E+00  0.322532222841672E+00  0.921274447840080E+00  0.303446905069243E+00
     0.423000000000005E+02  0.980416967604725E+00  0.321437118531571E+00  0.920977752759298E+00  0.301949522356679E+00
     0.424000000000005E+02  0.981293295428233E+00  0.320241101037894E+00  0.920977645649538E+00  0.300557332500052E+00
     0.425000000000005E+02  0.981780421963244E+00  0.319046772460534E+00  0.921268174852436E+00  0.299382256135762E+00
     0.426000000000005E+02  0.981846989630365E+00  0.317982661996768E+00  0.921803922813581E+00  0.298537010665660E+00
     0.427000000000005E+02  0.981503892064736E+00  0.317190702011781E+00  0.922500890476577E+00  0.298122816855279E+00
     0.428000000000005E+02  0.980806902957384E+00  0.316812819264066E+00  0.923240509101409E+00  0.298218158605189E+00
     0.429000000000005E+02  0.979855489465827E+00  0.316978018638759E+00  0.923876130590154E+00  0.298868994959408E+00
     0.430000000000005E+02  0.978788661804338E+00  0.317790739485992E+00  0.924241588215353E+00  0.300080527333876E+00
     0.431000000000005E+02  0.977778643801786E+00  0.319320685244770E+00  0.924161757832554E+00  0.301810606785891E+00
     0.432000000000005E+02  0.977022789190634E+00  0.321593964908470E+00  0.923465302621687E+00  0.303965139207784E+00
     0.433000000000005E+02  0.976733685120370E+00  0.324585350349233E+00  0.921999775745151E+00  0.306396333812602E+00
     0.434000000000005E+02  0.977126967644703E+00  0.328211768936598E+00  0.919648844797918E+00  0.308905172148904E+00
     0.435000000000005E+02  0.978406211656353E+00  0.332327761817197E+00  0.916350535291975E+00  0.311249784399910E+00
     0.436000000000005E+02  0.980744526162202E+00  0.336724406810989E+00  0.912114180476974E+00  0.313161173141440E+00
     0.437000000000005E+02  0.984263317592504E+00  0.341133882717625E+00  0.907032573935822E+00  0.314366631538118E+00
     0.438000000000005E+02  0.989010084430589E+00  0.345242064635027E+00  0.901285259007681E+00  0.314619222334901E+00
     0.439000000000005E+02  0.994938823699295E+00  0.348710848233878E+00  0.895129616953334E+00  0.313729247037005E+00
     0.440000000000005E+02  0.100189805314885E+01  0.351209999227932E+00  0.888878745161955E+00  0.311591685821626E+00
     0.441000000000005E+02  0.100963169039008E+01  0.352455360308527E+00  0.882868595304719E+00  0.308203250576438E+00
     0.442000000000005E+02  0.101779629350189E+01  0.352247080526109E+00  0.877420203475726E+00  0.303664600708604E+00
     0.443000000000005E+02  0.102599438745371E+01  0.350499613646144E+00  0.872804563788714E+00  0.298166994027868E+00
     0.444000000000005E+02  0.103381886333810E+01  0.347255926413480E+00  0.869216893754143E+00  0.291966734598194E+00
     0.445000000000005E+02  0.104089972077839E+01  0.342681979566682E+00  0.866764072788512E+00  0.285353547850250E+00
     0.446000000000005E+02  0.104694354303337E+01  0.337042859345325E+00  0.865465278663830E+00  0.278619505441334E+00
     0.447000000000005E+02  0.105175852689679E+01  0.330666704625042E+00  0.865262831842424E+00  0.272033553256795E+00
     0.448000000000005E+02  0.105526243614542E+01  0.323904862709258E+00  0.866038860780401E+00  0.265824110376370E+00
     0.449000000000005E+02  0.105747542960234E+01  0.317095975672800E+00  0.867633603432463E+00  0.260169755537850E+00
     0.450000000000005E+02  0.105850263461117E+01  0.310538869234819E+00  0.869862355828811E+00  0.255196410038454E+00
     0.451000000000005E+02  0.105851203988060E+01  0.304475751323049E+00  0.872529554332308E+00  0.250978809496453E+00
     0.452000000000005E+02  0.105771226292277E+01  0.299084600445199E+00  0.875439732022095E+00  0.247544206155053E+00
     0.453000000000005E+02  0.105633294636278E+01  0.294478269177085E+00  0.878405905680405E+00  0.244876818081237E+00
     0.454000000000005E+02  0.105460877418777E+01  0.290707636852762E+00  0.881256318010175E+00  0.242922255096552E+00
     0.455000000000005E+02  0.105276682747673E+01  0.287766703835082E+00  0.883840460589851E+00  0.241591822065312E+00
     0.456000000000005E+02  0.105101634048215E+01  0.285598398836516E+00  0.886035029072673E+00  0.240767127845163E+00
     0.457000000000005E+02  0.104953980587680E+01  0.284100759428493E+00  0.887749992489521E+00  0.240305746991856E+00
     0.458000000000005E+02  0.104848468423664E+01  0.283133853614437E+00  0.888934375882017E+00  0.240048728644105E+00
     0.459000000000005E+02  0.104795556221218E+01  0.282528217706031E+00  0.889580779165079E+00  0.239830467155024E+00
     0.460000000000005E+02  0.104800732819734E+01  0.282095605310222E+00  0.889727259463160E+00  0.239490834716764E+00
     0.461000000000005E+02  0.104864060253594E+01  0.281642423826060E+00  0.889455191069781E+00  0.238888629041979E+00
     0.462000000000005E+02  0.104980103015186E+01  0.280985416473168E+00  0.888882229375944E+00  0.237914553561325E+00
     0.463000000000005E+02  0.105138387987990E+01  0.279968118457988E+00  0.888150510790891E+00  0.236501464566899E+00
     0.464000000000005E+02  0.105324458309724E+01  0.278475726459610E+00  0.887411448206031E+00  0.234629782743383E+00
     0.465000000000005E+02  0.105521452091636E+01  0.276445686066230E+00  0.886809485992620E+00  0.232326841515009E+00
     0.466000000000005E+02  0.105711994985281E+01  0.273871800962631E+00  0.886467544072927E+00  0.229660279161298E+00
     0.467000000000005E+02  0.105880099160357E+01  0.270800949164219E+00  0.886476447001790E+00  0.226726896898951E+00
     0.468000000000005E+02  0.106012751749266E+01  0.267323136785872E+00  0.886889588946827E+00  0.223639234891986E+00
     0.469000000000005E+02  0.106100957723817E+01  0.263557028859599E+00  0.887722853415823E+00  0.220512239207168E+00
     0.470000000000005E+02  0.106140140689845E+01  0.259633793948077E+00  0.888958816750046E+00  0.217451897798821E+00
     0.471000000000005E+02  0.106129946375132E+01  0.255681955100966E+00  0.890553757531330E+00  0.214546915008595E+00
     0.472000000000005E+02  0.106073592837736E+01  0.251815174870495E+00  0.892445970841132E+00  0.211863699717994E+00
     0.473000000000005E+02  0.105976950511072E+01  0.248123910330045E+00  0.894564183736182E+00  0.209444376573787E+00
     0.474000000000005E+02  0.105847522550871E+01  0.244671008279861E+00  0.896835279951714E+00  0.207307253791677E+00
     0.475000000000005E+02  0.105693454293151E+01  0.241490758187517E+00  0.899190907795376E+00  0.205449141132762E+00
     0.476000000000005E+02  0.105522653225809E+01  0.238590694538062E+00  0.901572786088072E+00  0.203849003634375E+00
     0.477000000000005E+02  0.105342063103079E+01  0.235955445631722E+00  0.903936631845460E+00  0.202472558925704E+00
     0.478000000000005E+02  0.105157113273720E+01  0.233552034295289E+00  0.906254649724979E+00  0.201277507953168E+00
     0.479000000000005E+02  0.104971354853259E+01  0.231336140797337E+00  0.908516506535500E+00  0.200219100502613E+00
     0.480000000000005E+02  0.104786292740094E+01  0.229258879930734E+00  0.910728721854848E+00  0.199255686248075E+00
     0.481000000000005E+02  0.104601419435247E+01  0.227273614992601E+00  0.912912476531850E+00  0.198353827159755E+00
     0.482000000000005E+02  0.104414447716301E+01  0.225342266730959E+00  0.915099981907342E+00  0.197492501007852E+00
     0.483000000000005E+02  0.104221722631557E+01  0.223440535654059E+00  0.917329736263991E+00  0.196665956450197E+00
     0.484000000000005E+02  0.104018771630277E+01  0.221561500993958E+00  0.919641166970241E+00  0.195884910133329E+00
     0.485000000000005E+02  0.103800931121225E+01  0.219717220526991E+00  0.922069256774560E+00  0.195175989312940E+00
     0.486000000000005E+02  0.103563975670729E+01  0.217938217556167E+00  0.924639740302686E+00  0.194579568405000E+00
     0.487000000000005E+02  0.103304677617324E+01  0.216271044906943E+00  0.927365329873534E+00  0.194146357675276E+00
     0.488000000000006E+02  0.103021240704239E+01  0.214774378856499E+00  0.930243225809114E+00  0.193933221579225E+00
     0.489000000000006E+02  0.102713577038517E+01  0.213514248264190E+00  0.933253946395935E+00  0.193998710345366E+00
     0.490000000000006E+02  0.102383424807743E+01  0.212559014863477E+00  0.936361336219286E+00  0.194398696426464E+00
     0.491000000000006E+02  0.102034327241195E+01  0.211974606154794E+00  0.939513516752180E+00  0.195182359775724E+00
     0.492000000000006E+02  0.101671506432703E+01  0.211820313692552E+00  0.942644538194900E+00  0.196388613473704E+00
     0.493000000000006E+02  0.101301667681906E+01  0.212145268932231E+00  0.945676559592721E+00  0.198042947020051E+00
     0.494000000000006E+02  0.100932762936242E+01  0.212985548005889E+00  0.948522493381339E+00  0.200154614984979E+00
     0.495000000000006E+02  0.100573729418666E+01  0.214361766252398E+00  0.951089164308687E+00  0.202714122567765E+00
     0.496000000000006E+02  0.100234205603162E+01  0.216277011854920E+00  0.953281116267741E+00  0.205691051316724E+00
     0.497000000000006E+02  0.999242148148040E+00  0.218715028611163E+00  0.955005222888924E+00  0.209032410247187E+00
     0.498000000000006E+02  0.996537995919318E+00  0.221638674337831E+00  0.956176193126469E+00  0.212661860105435E+00
     0.499000000000006E+02  0.994325896240829E+00  0.224988831039538E+00  0.956722895870535E+00  0.216480297641307E+00
