    Temperature is:   0.00 K
 Atomic positions         128
   Si    0.02760653  -0.00107365  -0.05333251
   Si    1.34868497   1.45264291   1.38356639
   Si   -2.61703957  -0.06242014   2.81936376
   Si   -1.33495637   1.35443636   4.00652004
   Si   -5.39769783  -0.03070198   5.39834587
   Si   -4.08047066   1.40153681   6.72372642
   Si   -8.07242153   0.07414222   8.06064085
   Si   -6.76572465   1.32490937   9.46637316
   Si   -0.07428834   2.76156968   2.71231095
   Si    1.30931371   4.02495379   4.09967791
   Si   -2.68753528   2.65071242   5.41607876
   Si   -1.36432444   4.04257096   6.76670729
   Si   -5.30002007   2.74970310   8.15694832
   Si   -4.02862293   4.02160516   9.48568851
   Si   -8.04464761   2.82728616  10.78731372
   Si   -6.75422702   4.10362524  12.18063388
   Si   -0.05130442   5.46579099   5.46604590
   Si    1.33711483   6.77631396   6.74458320
   Si   -2.74359712   5.39855803   8.17480224
   Si   -1.34571871   6.71710874   9.50453539
   Si   -5.33256164   5.40509823  10.74497690
   Si   -4.10728501   6.81314896  12.25826411
   Si   -8.14055697   5.38300507  13.49641113
   Si   -6.82526747   6.78749477  14.79086763
   Si   -0.05337193   8.14430936   8.06079129
   Si    1.38294969   9.47441271   9.45187583
   Si   -2.67062722   8.10148204  10.80358863
   Si   -1.30979346   9.48519587  12.15542756
   Si   -5.47148855   8.07945900  13.59173277
   Si   -4.10780351   9.45849042  14.83796240
   Si   -8.10632195   8.10706396  16.25277222
   Si   -6.72041368   9.42671554  17.56943011
   Si   -2.72920691   2.67796142   0.00078329
   Si   -1.41289144   4.05353927   1.35120723
   Si   -5.39255189   2.72081847   2.65200897
   Si   -3.97963844   4.01776176   4.03991288
   Si   -8.16374025   2.63989549   5.36475944
   Si   -6.74367902   4.01209850   6.69720732
   Si  -10.80680602   2.67694825   7.98631266
   Si   -9.41269967   4.02642875   9.40869352
   Si   -2.77721044   5.47885382   2.61170637
   Si   -1.33059196   6.68574219   4.05726453
   Si   -5.37418686   5.38037870   5.34819858
   Si   -4.01566089   6.79697597   6.78197505
   Si   -8.11362403   5.41515112   8.04049943
   Si   -6.68149310   6.69717072   9.40902453
   Si  -10.85558354   5.34576164  10.73433407
   Si   -9.43145392   6.72808301  12.10020874
   Si   -2.59302170   8.00710691   5.36661687
   Si   -1.36509787   9.51464352   6.75906460
   Si   -5.34206082   8.08594772   8.14370545
   Si   -4.08491867   9.42653111   9.51329161
   Si   -8.09074566   8.06306952  10.82882525
   Si   -6.75934050   9.40503766  12.13810274
   Si  -10.74751545   8.03956190  13.47972492
   Si   -9.43942673   9.42651012  14.82223645
   Si   -2.76659460  10.78809721   8.07234069
   Si   -1.37612520  12.11903397   9.45571757
   Si   -5.43946783  10.74365865  10.83538813
   Si   -4.03339765  12.10186297  12.25641127
   Si   -8.07756706  10.85873385  13.49979322
   Si   -6.69833557  12.16311571  14.85415466
   Si  -10.82211045  10.75510846  16.19069528
   Si   -9.42044870  12.17164107  17.49108741
   Si   -5.43424858   5.42342111  -0.02077421
   Si   -4.09832988   6.80176411   1.28345279
   Si   -8.10128249   5.39723315   2.56543932
   Si   -6.69548172   6.74538668   4.04683810
   Si  -10.79469250   5.37826275   5.35889937
   Si   -9.36822609   6.67775205   6.65898219
   Si  -13.53005044   5.41261306   8.02139113
   Si  -12.16494898   6.72481803   9.47132186
   Si   -5.42811882   8.11738238   2.73498068
   Si   -4.01621779   9.39066364   4.15669831
   Si   -8.06408270   8.04722277   5.48173743
   Si   -6.68656584   9.50792261   6.77089361
   Si  -10.78977333   8.01974793   8.09262806
   Si   -9.42217101   9.43405390   9.41703082
   Si  -13.54210131   8.07372844  10.82477605
   Si  -12.19559681   9.42401996  12.20424757
   Si   -5.36628351  10.75593657   5.31889808
   Si   -4.10184209  12.18015441   6.71439839
   Si   -8.00721179  10.80643772   8.13132499
   Si   -6.73598130  12.16860082   9.55036428
   Si  -10.80593698  10.79570298  10.82110973
   Si   -9.53009477  12.15908772  12.23431777
   Si  -13.46285862  10.92209254  13.55636977
   Si  -12.12694653  12.15137796  14.83045805
   Si   -5.46653677  13.46918957   8.15286681
   Si   -4.06429448  14.79701939   9.40040753
   Si   -8.14434174  13.50798025  10.83188657
   Si   -6.70065410  14.75505830  12.08641224
   Si  -10.75930928  13.48712486  13.54590093
   Si   -9.35333814  14.96106209  14.76706672
   Si  -13.50298204  13.49131303  16.17506267
   Si  -12.06027737  14.82428921  17.62609288
   Si   -8.10788233   8.08778275  -0.01168027
   Si   -6.80853494   9.39000421   1.38641568
   Si  -10.80340290   8.16148502   2.69510640
   Si   -9.32550124   9.47419957   4.00267772
   Si  -13.49124128   8.16159970   5.41884875
   Si  -12.29352440   9.46789692   6.81764819
   Si  -16.18777724   8.04951264   8.04067953
   Si  -14.86910178   9.54050311   9.45669077
   Si   -8.08005892  10.89502094   2.59676240
   Si   -6.79807770  12.24191637   4.00705375
   Si  -10.80553659  10.73027723   5.39315183
   Si   -9.43126309  12.08184571   6.77449456
   Si  -13.47273189  10.87843234   8.08855685
   Si  -12.17922268  12.13070334   9.57239077
   Si  -16.31251715  10.84144093  10.81521148
   Si  -14.86940774  12.18148746  12.17607063
   Si   -8.10039831  13.48525230   5.46555737
   Si   -6.73440694  14.85993142   6.73471935
   Si  -10.84717788  13.46873101   8.12957071
   Si   -9.54939898  14.84653442   9.38655244
   Si  -13.56908530  13.54018111  10.86293229
   Si  -12.16657216  14.85769591  12.22578766
   Si  -16.23008263  13.53484709  13.39605192
   Si  -14.80306766  14.80612252  14.80752746
   Si   -8.09748820  16.13031001   8.08968129
   Si   -6.75571234  17.54371576   9.42446928
   Si  -10.77480230  16.15454234  10.83402804
   Si   -9.45518663  17.56267885  12.10770833
   Si  -13.42612526  16.20527536  13.48907678
   Si  -12.21571051  17.57963140  14.90624875
   Si  -16.16238849  16.21844849  16.13805835
   Si  -14.77737646  17.54257278  17.55596149
 Anisotropic displacement tensor vs exact values:
Atom: 1
   Si    0.174086   0.188377   0.224955
        Exact values
   Si    0.190787   0.190787   0.190787
Atom: 2
   Si    0.196167   0.153709   0.207441
        Exact values
   Si    0.190791   0.190791   0.190791
 off-diagonal terms
   Si   -0.011173   0.002054  -0.015116
   Si   -0.029428  -0.048752  -0.005924
