 ZG-Velocities (Ang/ps)
   Si     -0.02689693    -2.38056288    -3.53535672
   Si      1.32699457     1.75197705     4.55218487
   Si      4.16575447    -2.44963565     6.15919758
   Si     -1.16532986     1.08253626    -4.98869242
   Si      0.37894549    -2.30403028    -0.90019750
   Si     -1.47773689     2.70432787    -1.73940797
   Si      1.12105658     3.84849925    -1.37658227
   Si     -0.92891224    -4.68144588     1.30290042
   Si     -2.92592290     1.73025235     0.53727304
   Si     -0.78716249    -1.86453774     0.08899454
   Si     -0.63342487    -2.64008642     1.66697326
   Si      0.62537539    -0.27035687    -0.97037716
   Si      6.91526018     2.71694185     2.81510073
   Si     -0.02153785    -2.20922991     0.40510804
   Si      2.70128458     5.92264736    -0.78790125
   Si     -1.17641721    -0.78974720     3.12303101
   Si     -2.82908185     4.95483674     2.38654895
   Si     -0.20572585     0.88433043    -2.32814707
   Si     -2.87282868     0.03631926     3.36642321
   Si     -0.54098751    -1.70349098     2.13549522
   Si      2.74871407    -0.86938949    -5.03709441
   Si     -3.81364613     2.74069354     5.30408337
   Si      0.37186151    -0.28120109    -0.97807002
   Si     -1.78353953     3.53343542    -5.49673522
   Si     -2.47779623     1.70289565    -3.86020254
   Si      1.10566466     0.59657441     2.21217568
   Si      1.62388938    -0.11388288    -2.72395758
   Si      0.89103489     1.12447928     1.07210768
   Si     -1.94466994    -2.29425220     4.43430328
   Si     -3.02141198     1.25991017    -1.88123250
   Si      0.24039114    -0.35447938     2.75863727
   Si      1.37358856    -1.34821825     0.75599418
   Si     -0.16927481     0.64479028    -0.26683829
   Si     -1.18073752    -0.71198547     1.35778017
   Si     -1.19797588     1.45857712    -3.64302272
   Si      2.56884328    -1.88324557     0.82049836
   Si     -4.74925872    -4.76864299     0.56853027
   Si     -0.36194821    -0.78975015    -2.13282436
   Si     -1.69791943     1.30972524    -7.87516093
   Si      2.95895315    -1.31912565     0.79397862
   Si     -2.96252986     3.33177873    -3.63095969
   Si      0.16863759    -2.00098057     3.41858801
   Si     -0.89629727    -0.35372626    -3.10153723
   Si      1.22990090     3.94007640     2.25691498
   Si     -2.74008995     2.27581488    -1.85400277
   Si      3.94468911    -2.48526678    -1.34747045
   Si     -3.00173310    -1.03555378    -2.73220197
   Si      2.52782678     1.67901329    -0.40424279
   Si      3.72577382    -4.38113442    -3.12329750
   Si      0.76974217     3.62092721     0.84612990
   Si      2.54519930    -1.61288559     2.64546056
   Si     -2.75927174    -1.23752226     2.35639241
   Si     -0.51201933    -0.20629534     3.88819393
   Si      1.13539400    -1.69074208    -2.02217999
   Si      2.72470654    -2.05292615    -0.68599718
   Si     -0.26213587    -0.93457433    -1.01959813
   Si     -0.69933913    -1.22437252    -1.85908939
   Si     -0.90618745    -1.46658888     2.35973626
   Si     -3.09735450    -2.91083564    -0.90163706
   Si     -0.39332352     0.44362847     4.78592067
   Si      0.71873792     3.60439310    -0.25160220
   Si      2.08666865     0.33150174     0.67013110
   Si     -1.98951186    -1.82570425     0.59471015
   Si      2.79565974     2.84034348    -0.86528025
   Si     -2.15530142     2.60272473     1.19194539
   Si      0.92975337     1.40237421    -2.84746987
   Si     -4.26269958    -1.90178235    -4.39824380
   Si      3.55048831     1.22505411     0.53760415
   Si     -0.12881858    -0.86974186    -0.74155005
   Si      5.98776073    -3.66755020    -4.22098634
   Si     -2.84569717     2.35973006    -5.09372333
   Si      0.97037997    -1.01091105     1.91112062
   Si     -2.48206084    -0.30240405     1.09105511
   Si     -1.30968549    -2.64624762     6.96835356
   Si     -1.25756732    -4.29174516     5.32024073
   Si      1.17353574     3.74288022     0.58134466
   Si      0.39356511    -3.24522147     1.27176062
   Si      1.18354529     0.17109218    -1.61321274
   Si     -1.65352365    -3.70419917     2.88152937
   Si     -1.92162803    -1.10817033     1.51622124
   Si      2.95269730    -4.25809692    -2.67043668
   Si     -0.98530584     1.53946837    -1.29259070
   Si      3.65061694     0.37667787     0.06159554
   Si      1.73527599     1.56051127     2.62882103
   Si     -0.47114898     2.75557948    -0.39175252
   Si     -4.15659744     0.96441410     4.65630780
   Si      3.56094094     7.94974368     1.96782017
   Si     -0.13599455    -1.16199611    -3.32007747
   Si     -2.25088384    -1.06584077     3.20789709
   Si     -0.53618408    -3.29241424    -2.07107795
   Si      1.29637726     0.93272764     1.91342130
   Si      2.70036133    -5.39807483    -1.67200960
   Si      2.10012565    -2.94212162     0.44842979
   Si      4.07516036     5.34371016    -3.00595453
   Si     -1.48675443    -1.02965401    -2.68640912
   Si      5.47707601    -1.78882321     6.90955670
   Si     -0.28786372    -0.44035979     0.88700759
   Si     -2.53894636    -3.63272025     2.11201709
   Si     -1.61847202     3.58464673    -1.60697130
   Si      4.17001946     1.20499403    -2.69161747
   Si      2.53855097     2.17079243     0.55043879
   Si     -9.82249116     1.04042447     2.13853683
   Si     -1.17017508    -2.83844982    -4.38359001
   Si      0.36546904     4.07982939     0.79898706
   Si      1.39530623     2.74166090    -4.89858138
   Si     -3.49315657     4.40050841    -1.51387135
   Si     -0.82430457    -1.66094832    -0.65210678
   Si      1.74359395    -1.81262499    -0.30948443
   Si      3.52373185     1.50320488    -2.45639712
   Si     -0.78160438    -2.13395817     4.13732958
   Si     -5.29991623     3.35077355    -0.97951742
   Si      0.90692901     2.82084375     1.38012073
   Si      1.30521651    -0.50390429     2.45548060
   Si     -0.41717889     0.20403641    -0.04209321
   Si     -0.90739805     1.28304907     1.59737528
   Si     -5.39412859     1.12786308    -3.41445427
   Si     -4.16422070     2.11564730     0.70407660
   Si     -2.24706294     1.27627546     3.33389733
   Si     -1.36685761     0.44564884    -6.20477420
   Si      2.13030013    -2.63019607    -0.54614438
   Si      1.52822047    -4.02074919     0.20145393
   Si      0.71236206     0.08447782     0.18165318
   Si      2.05057954    -1.61294681     1.30633072
   Si      1.01290302    -0.22360358    -1.70886972
   Si      5.00604715    -1.63577705    -1.93153852
   Si     -5.08915707    -0.52094508     2.84281095
   Si      1.60454441     0.65599749    -1.50282379
   Si      4.45073976    -0.29000473     3.05718874
 ZG-velocities vs exact velocities from momentum operator in second quantization
 :
   Si   2.54473011  2.66052012  2.88570070
   Si   2.63687126  2.63687126  2.63687126
   Si   2.68058200  2.27730272  2.73232605
   Si   2.63687001  2.63687001  2.63687001
