1 0.00097 0.00000636 -14.44793734 -14.44793097
2 0.00194 0.00005655 -14.44798776 -14.44793121
3 0.00290 0.00015327 -14.44808492 -14.44793165
4 0.00387 0.00028944 -14.44822172 -14.44793228
5 0.00484 0.00045519 -14.44838822 -14.44793303
6 0.00581 0.00063851 -14.44857237 -14.44793386
7 0.00678 0.00082626 -14.44876094 -14.44793468
8 0.00774 0.00100507 -14.44894051 -14.44793544
9 0.00871 0.00116233 -14.44909843 -14.44793610
10 0.00968 0.00128709 -14.44922371 -14.44793662
11 0.01065 0.00137086 -14.44930782 -14.44793695
12 0.01162 0.00140810 -14.44934518 -14.44793708
13 0.01258 0.00139655 -14.44933354 -14.44793699
14 0.01355 0.00133737 -14.44927407 -14.44793669
15 0.01452 0.00123495 -14.44917117 -14.44793622
16 0.01549 0.00109656 -14.44903215 -14.44793559
17 0.01646 0.00093182 -14.44886669 -14.44793487
18 0.01742 0.00075203 -14.44868612 -14.44793409
19 0.01839 0.00056935 -14.44850267 -14.44793331
20 0.01936 0.00039607 -14.44832864 -14.44793258
21 0.02033 0.00024371 -14.44817565 -14.44793194
22 0.02130 0.00012238 -14.44805382 -14.44793143
23 0.02226 0.00004009 -14.44797118 -14.44793109
24 0.02323 0.00000224 -14.44793317 -14.44793094
25 0.02420 0.00001132 -14.44794229 -14.44793097
26 0.02517 0.00006674 -14.44799793 -14.44793120
27 0.02614 0.00016485 -14.44809646 -14.44793161
28 0.02710 0.00029920 -14.44823136 -14.44793216
29 0.02807 0.00046090 -14.44839375 -14.44793284
30 0.02904 0.00063924 -14.44857283 -14.44793359
31 0.03001 0.00082232 -14.44875665 -14.44793434
32 0.03098 0.00099775 -14.44893283 -14.44793508
33 0.03194 0.00115361 -14.44908938 -14.44793577
34 0.03291 0.00127919 -14.44921552 -14.44793633
35 0.03388 0.00136568 -14.44930242 -14.44793674
36 0.03485 0.00140686 -14.44934382 -14.44793696
37 0.03582 0.00139957 -14.44933654 -14.44793697
38 0.03678 0.00134396 -14.44928072 -14.44793677
39 0.03775 0.00124356 -14.44917992 -14.44793636
40 0.03872 0.00110513 -14.44904090 -14.44793578
41 0.03969 0.00093817 -14.44887322 -14.44793505
42 0.04066 0.00075437 -14.44868861 -14.44793425
43 0.04162 0.00056672 -14.44850012 -14.44793340
44 0.04259 0.00038864 -14.44832123 -14.44793259
45 0.04356 0.00023294 -14.44816482 -14.44793188
46 0.04453 0.00011091 -14.44804223 -14.44793132
47 0.04550 0.00003145 -14.44796240 -14.44793095
48 0.04646 0.00000034 -14.44793114 -14.44793080
49 0.04743 0.00001986 -14.44795075 -14.44793089
50 0.04840 0.00008859 -14.44801980 -14.44793121
51 0.04937 0.00020151 -14.44813324 -14.44793173
52 0.05034 0.00035039 -14.44828280 -14.44793241
53 0.05130 0.00052442 -14.44845762 -14.44793320
54 0.05227 0.00071105 -14.44864509 -14.44793404
55 0.05324 0.00089692 -14.44883178 -14.44793486
56 0.05421 0.00106885 -14.44900446 -14.44793561
57 0.05518 0.00121479 -14.44915101 -14.44793623
58 0.05614 0.00132464 -14.44926132 -14.44793668
59 0.05711 0.00139099 -14.44932792 -14.44793693
60 0.05808 0.00140953 -14.44934651 -14.44793698
61 0.05905 0.00137933 -14.44931614 -14.44793682
62 0.06002 0.00130281 -14.44923926 -14.44793645
63 0.06098 0.00118553 -14.44912146 -14.44793593
64 0.06195 0.00103574 -14.44897100 -14.44793526
65 0.06292 0.00086379 -14.44879832 -14.44793452
66 0.06389 0.00068142 -14.44861516 -14.44793374
67 0.06486 0.00050091 -14.44843389 -14.44793298
68 0.06582 0.00033437 -14.44826665 -14.44793228
69 0.06679 0.00019286 -14.44812455 -14.44793169
70 0.06776 0.00008574 -14.44801698 -14.44793124
71 0.06873 0.00002006 -14.44795103 -14.44793097
72 0.06970 0.00000014 -14.44793103 -14.44793089
73 0.07066 0.00002729 -14.44795829 -14.44793100
74 0.07163 0.00009973 -14.44803103 -14.44793130
75 0.07260 0.00021270 -14.44814447 -14.44793177
76 0.07357 0.00035874 -14.44829112 -14.44793238
77 0.07454 0.00052820 -14.44846129 -14.44793309
78 0.07550 0.00070979 -14.44864365 -14.44793386
79 0.07647 0.00089136 -14.44882600 -14.44793464
80 0.07744 0.00106062 -14.44899599 -14.44793537
81 0.07841 0.00120601 -14.44914203 -14.44793602
82 0.07938 0.00131747 -14.44925399 -14.44793652
83 0.08034 0.00138712 -14.44932398 -14.44793686
84 0.08131 0.00140986 -14.44934685 -14.44793699
85 0.08228 0.00138378 -14.44932070 -14.44793692
86 0.08325 0.00131035 -14.44924697 -14.44793662
87 0.08422 0.00119436 -14.44913050 -14.44793614
88 0.08518 0.00104370 -14.44897919 -14.44793549
89 0.08615 0.00086880 -14.44880352 -14.44793472
90 0.08712 0.00068193 -14.44861582 -14.44793389
91 0.08809 0.00049638 -14.44842944 -14.44793306
92 0.08906 0.00032545 -14.44825773 -14.44793228
93 0.09002 0.00018148 -14.44811310 -14.44793163
94 0.09099 0.00007492 -14.44800605 -14.44793114
95 0.09196 0.00001354 -14.44794440 -14.44793086
96 0.09293 0.00000186 -14.44793266 -14.44793081
97 0.09390 0.00004070 -14.44797168 -14.44793099
98 0.09486 0.00012723 -14.44805861 -14.44793138
99 0.09583 0.00025512 -14.44818710 -14.44793197
100 0.09680 0.00041508 -14.44834778 -14.44793270
