1 0.00097 0.00000267 -15.54395126 -15.54394859
2 0.00194 0.00002382 -15.54397248 -15.54394866
3 0.00290 0.00006509 -15.54401388 -15.54394879
4 0.00387 0.00012452 -15.54407349 -15.54394897
5 0.00484 0.00019927 -15.54414845 -15.54394919
6 0.00581 0.00028576 -15.54423520 -15.54394944
7 0.00678 0.00037990 -15.54432963 -15.54394973
8 0.00774 0.00047729 -15.54442732 -15.54395003
9 0.00871 0.00057341 -15.54452372 -15.54395031
10 0.00968 0.00066386 -15.54461442 -15.54395056
11 0.01065 0.00074453 -15.54469531 -15.54395078
12 0.01162 0.00081184 -15.54476279 -15.54395096
13 0.01258 0.00086285 -15.54481394 -15.54395109
14 0.01355 0.00089542 -15.54484660 -15.54395118
15 0.01452 0.00090827 -15.54485948 -15.54395121
16 0.01549 0.00090102 -15.54485219 -15.54395117
17 0.01646 0.00087415 -15.54482523 -15.54395109
18 0.01742 0.00082902 -15.54477997 -15.54395095
19 0.01839 0.00076774 -15.54471851 -15.54395077
20 0.01936 0.00069310 -15.54464365 -15.54395056
21 0.02033 0.00060840 -15.54455871 -15.54395031
22 0.02130 0.00051731 -15.54446737 -15.54395006
23 0.02226 0.00042375 -15.54437356 -15.54394981
24 0.02323 0.00033167 -15.54428123 -15.54394956
25 0.02420 0.00024492 -15.54419426 -15.54394934
26 0.02517 0.00016711 -15.54411625 -15.54394914
27 0.02614 0.00010145 -15.54405042 -15.54394897
28 0.02710 0.00005062 -15.54399945 -15.54394884
29 0.02807 0.00001668 -15.54396543 -15.54394875
30 0.02904 0.00000103 -15.54394974 -15.54394871
31 0.03001 0.00000428 -15.54395300 -15.54394872
32 0.03098 0.00002632 -15.54397509 -15.54394878
33 0.03194 0.00006624 -15.54401512 -15.54394888
34 0.03291 0.00012243 -15.54407145 -15.54394902
35 0.03388 0.00019259 -15.54414179 -15.54394920
36 0.03485 0.00027385 -15.54422326 -15.54394941
37 0.03582 0.00036285 -15.54431249 -15.54394964
38 0.03678 0.00045588 -15.54440578 -15.54394989
39 0.03775 0.00054905 -15.54449919 -15.54395014
40 0.03872 0.00063839 -15.54458877 -15.54395038
41 0.03969 0.00072005 -15.54467065 -15.54395060
42 0.04066 0.00079046 -15.54474126 -15.54395080
43 0.04162 0.00084648 -15.54479745 -15.54395096
44 0.04259 0.00088555 -15.54483663 -15.54395109
45 0.04356 0.00090579 -15.54485695 -15.54395116
46 0.04453 0.00090616 -15.54485733 -15.54395117
47 0.04550 0.00088645 -15.54483757 -15.54395112
48 0.04646 0.00084735 -15.54479838 -15.54395103
49 0.04743 0.00079046 -15.54474134 -15.54395088
50 0.04840 0.00071820 -15.54466888 -15.54395068
51 0.04937 0.00063374 -15.54458419 -15.54395045
52 0.05034 0.00054085 -15.54449104 -15.54395019
53 0.05130 0.00044378 -15.54439369 -15.54394991
54 0.05227 0.00034699 -15.54429661 -15.54394963
55 0.05324 0.00025498 -15.54420433 -15.54394935
56 0.05421 0.00017208 -15.54412119 -15.54394911
57 0.05518 0.00010223 -15.54405113 -15.54394890
58 0.05614 0.00004875 -15.54399749 -15.54394874
59 0.05711 0.00001421 -15.54396284 -15.54394863
60 0.05808 0.00000026 -15.54394885 -15.54394859
61 0.05905 0.00000758 -15.54395619 -15.54394861
62 0.06002 0.00003582 -15.54398451 -15.54394869
63 0.06098 0.00008361 -15.54403244 -15.54394883
64 0.06195 0.00014867 -15.54409770 -15.54394902
65 0.06292 0.00022789 -15.54417715 -15.54394926
66 0.06389 0.00031750 -15.54426702 -15.54394953
67 0.06486 0.00041327 -15.54436308 -15.54394981
68 0.06582 0.00051075 -15.54446084 -15.54395010
69 0.06679 0.00060541 -15.54455577 -15.54395037
70 0.06776 0.00069293 -15.54464354 -15.54395061
71 0.06873 0.00076938 -15.54472019 -15.54395082
72 0.06970 0.00083138 -15.54478236 -15.54395098
73 0.07066 0.00087626 -15.54482734 -15.54395109
74 0.07163 0.00090216 -15.54485330 -15.54395114
75 0.07260 0.00090810 -15.54485924 -15.54395114
76 0.07357 0.00089399 -15.54484508 -15.54395109
77 0.07454 0.00086065 -15.54481163 -15.54395098
78 0.07550 0.00080968 -15.54476051 -15.54395083
79 0.07647 0.00074346 -15.54469410 -15.54395064
80 0.07744 0.00066495 -15.54461537 -15.54395042
81 0.07841 0.00057761 -15.54452779 -15.54395018
82 0.07938 0.00048521 -15.54443515 -15.54394994
83 0.08034 0.00039171 -15.54434140 -15.54394969
84 0.08131 0.00030103 -15.54425048 -15.54394945
85 0.08228 0.00021697 -15.54416620 -15.54394923
86 0.08325 0.00014300 -15.54409204 -15.54394904
87 0.08422 0.00008217 -15.54403105 -15.54394888
88 0.08518 0.00003695 -15.54398571 -15.54394877
89 0.08615 0.00000918 -15.54395788 -15.54394870
90 0.08712 0.00000000 -15.54394868 -15.54394867
91 0.08809 0.00000978 -15.54395847 -15.54394870
92 0.08906 0.00003811 -15.54398688 -15.54394877
93 0.09002 0.00008385 -15.54403273 -15.54394889
94 0.09099 0.00014514 -15.54409418 -15.54394904
95 0.09196 0.00021947 -15.54416870 -15.54394923
96 0.09293 0.00030379 -15.54425325 -15.54394946
97 0.09390 0.00039462 -15.54434431 -15.54394969
98 0.09486 0.00048815 -15.54443809 -15.54394994
99 0.09583 0.00058044 -15.54453063 -15.54395019
100 0.09680 0.00066756 -15.54461799 -15.54395043
