1 0.00097 0.00001067 -62.17578719 -62.17577652
2 0.00194 0.00009526 -62.17587204 -62.17577677
3 0.00290 0.00026036 -62.17603764 -62.17577728
4 0.00387 0.00049806 -62.17627605 -62.17577799
5 0.00484 0.00079698 -62.17657586 -62.17577888
6 0.00581 0.00114289 -62.17692280 -62.17577991
7 0.00678 0.00151946 -62.17730047 -62.17578101
8 0.00774 0.00190901 -62.17769116 -62.17578215
9 0.00871 0.00229347 -62.17807672 -62.17578325
10 0.00968 0.00265520 -62.17843947 -62.17578427
11 0.01065 0.00297785 -62.17876300 -62.17578515
12 0.01162 0.00324705 -62.17903292 -62.17578588
13 0.01258 0.00345107 -62.17923751 -62.17578644
14 0.01355 0.00358138 -62.17936814 -62.17578676
15 0.01452 0.00363283 -62.17941968 -62.17578685
16 0.01549 0.00360384 -62.17939056 -62.17578671
17 0.01646 0.00349641 -62.17928278 -62.17578637
18 0.01742 0.00331594 -62.17910177 -62.17578583
19 0.01839 0.00307090 -62.17885601 -62.17578511
20 0.01936 0.00277239 -62.17855665 -62.17578426
21 0.02033 0.00243360 -62.17821694 -62.17578333
22 0.02130 0.00206930 -62.17785165 -62.17578235
23 0.02226 0.00169509 -62.17747643 -62.17578134
24 0.02323 0.00132679 -62.17710717 -62.17578038
25 0.02420 0.00097984 -62.17675932 -62.17577948
26 0.02517 0.00066863 -62.17644730 -62.17577867
27 0.02614 0.00040596 -62.17618396 -62.17577800
28 0.02710 0.00020260 -62.17598007 -62.17577748
29 0.02807 0.00006682 -62.17584395 -62.17577713
30 0.02904 0.00000413 -62.17578110 -62.17577697
31 0.03001 0.00001707 -62.17579407 -62.17577700
32 0.03098 0.00010512 -62.17588236 -62.17577723
33 0.03194 0.00026472 -62.17604236 -62.17577764
34 0.03291 0.00048937 -62.17626758 -62.17577821
35 0.03388 0.00076991 -62.17654884 -62.17577894
36 0.03485 0.00109483 -62.17687461 -62.17577978
37 0.03582 0.00145074 -62.17723145 -62.17578071
38 0.03678 0.00182282 -62.17760452 -62.17578170
39 0.03775 0.00219543 -62.17797813 -62.17578270
40 0.03872 0.00255275 -62.17833642 -62.17578367
41 0.03969 0.00287939 -62.17866397 -62.17578458
42 0.04066 0.00316106 -62.17894645 -62.17578538
43 0.04162 0.00338521 -62.17917125 -62.17578604
44 0.04259 0.00354157 -62.17932810 -62.17578652
45 0.04356 0.00362269 -62.17940949 -62.17578681
46 0.04453 0.00362429 -62.17941117 -62.17578688
47 0.04550 0.00354558 -62.17933230 -62.17578672
48 0.04646 0.00338936 -62.17917569 -62.17578633
49 0.04743 0.00316196 -62.17894770 -62.17578574
50 0.04840 0.00287309 -62.17865804 -62.17578495
51 0.04937 0.00253540 -62.17831941 -62.17578402
52 0.05034 0.00216401 -62.17794696 -62.17578295
53 0.05130 0.00177581 -62.17755764 -62.17578183
54 0.05227 0.00138866 -62.17716936 -62.17578070
55 0.05324 0.00102062 -62.17680024 -62.17577961
56 0.05421 0.00068899 -62.17646762 -62.17577863
57 0.05518 0.00040949 -62.17618727 -62.17577779
58 0.05614 0.00019543 -62.17597258 -62.17577714
59 0.05711 0.00005708 -62.17583381 -62.17577673
60 0.05808 0.00000108 -62.17577764 -62.17577655
61 0.05905 0.00003013 -62.17580677 -62.17577664
62 0.06002 0.00014282 -62.17591980 -62.17577697
63 0.06098 0.00033375 -62.17611130 -62.17577756
64 0.06195 0.00059375 -62.17637208 -62.17577834
65 0.06292 0.00091040 -62.17668969 -62.17577928
66 0.06389 0.00126868 -62.17704902 -62.17578034
67 0.06486 0.00165169 -62.17743315 -62.17578146
68 0.06582 0.00204152 -62.17782411 -62.17578259
69 0.06679 0.00242016 -62.17820384 -62.17578367
70 0.06776 0.00277031 -62.17855497 -62.17578466
71 0.06873 0.00307622 -62.17886171 -62.17578549
72 0.06970 0.00332437 -62.17911052 -62.17578615
73 0.07066 0.00350408 -62.17929069 -62.17578660
74 0.07163 0.00360792 -62.17939475 -62.17578683
75 0.07260 0.00363194 -62.17941879 -62.17578684
76 0.07357 0.00357582 -62.17936244 -62.17578662
77 0.07454 0.00344272 -62.17922893 -62.17578620
78 0.07550 0.00323915 -62.17902474 -62.17578560
79 0.07647 0.00297450 -62.17875934 -62.17578483
80 0.07744 0.00266069 -62.17844464 -62.17578396
81 0.07841 0.00231149 -62.17809449 -62.17578300
82 0.07938 0.00194203 -62.17772404 -62.17578200
83 0.08034 0.00156807 -62.17734908 -62.17578101
84 0.08131 0.00120536 -62.17698541 -62.17578005
85 0.08228 0.00086905 -62.17664822 -62.17577918
86 0.08325 0.00057304 -62.17635145 -62.17577842
87 0.08422 0.00032950 -62.17610729 -62.17577779
88 0.08518 0.00014838 -62.17592571 -62.17577733
89 0.08615 0.00003704 -62.17581409 -62.17577704
90 0.08712 0.00000001 -62.17577696 -62.17577695
91 0.08809 0.00003877 -62.17581582 -62.17577705
92 0.08906 0.00015176 -62.17592910 -62.17577734
93 0.09002 0.00033441 -62.17611221 -62.17577780
94 0.09099 0.00057926 -62.17635769 -62.17577843
95 0.09196 0.00087634 -62.17665553 -62.17577920
96 0.09293 0.00121341 -62.17699349 -62.17578007
97 0.09390 0.00157655 -62.17735759 -62.17578103
98 0.09486 0.00195059 -62.17773262 -62.17578203
99 0.09583 0.00231976 -62.17810278 -62.17578302
100 0.09680 0.00266831 -62.17845229 -62.17578398
