#    Re(w)     Im(w)     Re(chirr)       Im(chirr)      Re (1/chirr)      Im(1/chirr) 
   0.01000   0.10000 -0.8155913E-02 -0.1994744E-04 -0.1226097E+03  0.2998744E+00
   0.04626   0.10000 -0.8167878E-02 -0.9376393E-04 -0.1224147E+03  0.1405271E+01
   0.08253   0.10000 -0.8194980E-02 -0.1712354E-03 -0.1219727E+03  0.2548639E+01
   0.11879   0.10000 -0.8234440E-02 -0.2500867E-03 -0.1213293E+03  0.3684869E+01
   0.15505   0.10000 -0.8292325E-02 -0.3272479E-03 -0.1204059E+03  0.4751694E+01
   0.19131   0.10000 -0.8379125E-02 -0.4129064E-03 -0.1190551E+03  0.5866796E+01
   0.22758   0.10000 -0.8492484E-02 -0.5199776E-03 -0.1173114E+03  0.7182739E+01
   0.26384   0.10000 -0.8626600E-02 -0.6646362E-03 -0.1152365E+03  0.8878393E+01
   0.30010   0.10000 -0.8761793E-02 -0.8652373E-03 -0.1130296E+03  0.1116181E+02
   0.33636   0.10000 -0.8851094E-02 -0.1125527E-02 -0.1111825E+03  0.1413824E+02
   0.37263   0.10000 -0.8830487E-02 -0.1396974E-02 -0.1104791E+03  0.1747768E+02
   0.40889   0.10000 -0.8716509E-02 -0.1542342E-02 -0.1112419E+03  0.1968369E+02
   0.44515   0.10000 -0.8680634E-02 -0.1516508E-02 -0.1117872E+03  0.1952923E+02
   0.48141   0.10000 -0.8824234E-02 -0.1453702E-02 -0.1103300E+03  0.1817573E+02
   0.51768   0.10000 -0.9104373E-02 -0.1465286E-02 -0.1070641E+03  0.1723122E+02
   0.55394   0.10000 -0.9459073E-02 -0.1586071E-02 -0.1028275E+03  0.1724183E+02
   0.59020   0.10000 -0.9842823E-02 -0.1824310E-02 -0.9822268E+02  0.1820500E+02
   0.62646   0.10000 -0.1021910E-01 -0.2189368E-02 -0.9356147E+02  0.2004485E+02
   0.66273   0.10000 -0.1052260E-01 -0.2683718E-02 -0.8922943E+02  0.2275737E+02
   0.69899   0.10000 -0.1065334E-01 -0.3245975E-02 -0.8589322E+02  0.2617086E+02
   0.73525   0.10000 -0.1060021E-01 -0.3686081E-02 -0.8416095E+02  0.2926585E+02
   0.77152   0.10000 -0.1055560E-01 -0.3873799E-02 -0.8349163E+02  0.3064058E+02
   0.80778   0.10000 -0.1074883E-01 -0.3895422E-02 -0.8223316E+02  0.2980166E+02
   0.84404   0.10000 -0.1125520E-01 -0.3962319E-02 -0.7905073E+02  0.2782930E+02
   0.88030   0.10000 -0.1200115E-01 -0.4227556E-02 -0.7412701E+02  0.2611217E+02
   0.91657   0.10000 -0.1290958E-01 -0.4774097E-02 -0.6814270E+02  0.2519989E+02
   0.95283   0.10000 -0.1387906E-01 -0.5666133E-02 -0.6175791E+02  0.2521270E+02
   0.98909   0.10000 -0.1479342E-01 -0.6879587E-02 -0.5557801E+02  0.2584621E+02
   1.02535   0.10000 -0.1566998E-01 -0.8327451E-02 -0.4976261E+02  0.2644520E+02
   1.06162   0.10000 -0.1668023E-01 -0.1015630E-01 -0.4373646E+02  0.2663036E+02
   1.09788   0.10000 -0.1766981E-01 -0.1277168E-01 -0.3717315E+02  0.2686863E+02
   1.13414   0.10000 -0.1814291E-01 -0.1628134E-01 -0.3053091E+02  0.2739826E+02
   1.17040   0.10000 -0.1790387E-01 -0.2060484E-01 -0.2402856E+02  0.2765350E+02
   1.20667   0.10000 -0.1638159E-01 -0.2636518E-01 -0.1700253E+02  0.2736456E+02
   1.24293   0.10000 -0.1112479E-01 -0.3314056E-01 -0.9103329E+01  0.2711865E+02
   1.27919   0.10000 -0.8753409E-03 -0.3661262E-01 -0.6526306E+00  0.2729738E+02
   1.31545   0.10000  0.9599171E-02 -0.3309986E-01  0.8081846E+01  0.2786782E+02
   1.35172   0.10000  0.1522150E-01 -0.2573610E-01  0.1702551E+02  0.2878626E+02
   1.38798   0.10000  0.1643876E-01 -0.1898449E-01  0.2606664E+02  0.3010335E+02
   1.42424   0.10000  0.1566090E-01 -0.1424224E-01  0.3494916E+02  0.3178326E+02
   1.46051   0.10000  0.1443348E-01 -0.1112402E-01  0.4346529E+02  0.3349910E+02
   1.49677   0.10000  0.1328222E-01 -0.8943810E-02  0.5180088E+02  0.3488100E+02
   1.53303   0.10000  0.1225868E-01 -0.7302292E-02  0.6021000E+02  0.3586609E+02
   1.56929   0.10000  0.1134619E-01 -0.5990079E-02  0.6892475E+02  0.3638796E+02
   1.60556   0.10000  0.1047768E-01 -0.4904683E-02  0.7828647E+02  0.3664650E+02
   1.64182   0.10000  0.9632205E-02 -0.4039446E-02  0.8829069E+02  0.3702636E+02
   1.67808   0.10000  0.8837410E-02 -0.3375063E-02  0.9875209E+02  0.3771405E+02
   1.71434   0.10000  0.8116642E-02 -0.2878767E-02  0.1094371E+03  0.3881457E+02
   1.75061   0.10000  0.7490110E-02 -0.2510149E-02  0.1200288E+03  0.4022507E+02
   1.78687   0.10000  0.6959709E-02 -0.2219414E-02  0.1304211E+03  0.4159060E+02
   1.82313   0.10000  0.6501947E-02 -0.1969568E-02  0.1408735E+03  0.4267335E+02
   1.85939   0.10000  0.6092589E-02 -0.1752682E-02  0.1515889E+03  0.4360825E+02
   1.89566   0.10000  0.5726516E-02 -0.1566850E-02  0.1624635E+03  0.4445215E+02
   1.93192   0.10000  0.5397621E-02 -0.1401154E-02  0.1735707E+03  0.4505675E+02
   1.96818   0.10000  0.5096847E-02 -0.1252857E-02  0.1850203E+03  0.4547989E+02
   2.00444   0.10000  0.4819906E-02 -0.1117195E-02  0.1968947E+03  0.4563777E+02
   2.04071   0.10000  0.4555785E-02 -0.9930823E-03  0.2095443E+03  0.4567704E+02
   2.07697   0.10000  0.4301581E-02 -0.8895314E-03  0.2229392E+03  0.4610198E+02
   2.11323   0.10000  0.4064698E-02 -0.8086211E-03  0.2366549E+03  0.4707954E+02
   2.14949   0.10000  0.3848962E-02 -0.7438730E-03  0.2504554E+03  0.4840448E+02
   2.18576   0.10000  0.3651271E-02 -0.6902148E-03  0.2644282E+03  0.4998596E+02
   2.22202   0.10000  0.3471018E-02 -0.6493967E-03  0.2783565E+03  0.5207804E+02
   2.25828   0.10000  0.3313243E-02 -0.6161829E-03  0.2917290E+03  0.5425452E+02
   2.29455   0.10000  0.3174238E-02 -0.5792392E-03  0.3048837E+03  0.5563558E+02
   2.33081   0.10000  0.3040861E-02 -0.5374360E-03  0.3188932E+03  0.5636058E+02
   2.36707   0.10000  0.2910301E-02 -0.4991507E-03  0.3337883E+03  0.5724862E+02
   2.40333   0.10000  0.2784608E-02 -0.4669235E-03  0.3492959E+03  0.5856998E+02
   2.43960   0.10000  0.2664580E-02 -0.4401300E-03  0.3653262E+03  0.6034383E+02
   2.47586   0.10000  0.2550081E-02 -0.4201656E-03  0.3817799E+03  0.6290420E+02
   2.51212   0.10000  0.2443901E-02 -0.4073237E-03  0.3981226E+03  0.6635489E+02
   2.54838   0.10000  0.2347338E-02 -0.4001673E-03  0.4139832E+03  0.7057465E+02
   2.58465   0.10000  0.2261782E-02 -0.3960631E-03  0.4289752E+03  0.7511830E+02
   2.62091   0.10000  0.2185311E-02 -0.3910242E-03  0.4434043E+03  0.7933965E+02
   2.65717   0.10000  0.2114465E-02 -0.3857154E-03  0.4577024E+03  0.8349293E+02
   2.69343   0.10000  0.2049285E-02 -0.3819345E-03  0.4715941E+03  0.8789312E+02
   2.72970   0.10000  0.1992225E-02 -0.3808233E-03  0.4842566E+03  0.9256797E+02
   2.76596   0.10000  0.1947715E-02 -0.3780199E-03  0.4947844E+03  0.9602962E+02
   2.80222   0.10000  0.1912328E-02 -0.3640937E-03  0.5046302E+03  0.9607800E+02
   2.83848   0.10000  0.1874642E-02 -0.3379210E-03  0.5166475E+03  0.9313030E+02
   2.87475   0.10000  0.1828810E-02 -0.3078957E-03  0.5317320E+03  0.8952163E+02
   2.91101   0.10000  0.1777581E-02 -0.2800571E-03  0.5489365E+03  0.8648469E+02
   2.94727   0.10000  0.1723381E-02 -0.2557827E-03  0.5677481E+03  0.8426467E+02
   2.98354   0.10000  0.1667927E-02 -0.2362235E-03  0.5877572E+03  0.8324229E+02
   3.01980   0.10000  0.1613210E-02 -0.2216416E-03  0.6083978E+03  0.8358883E+02
   3.05606   0.10000  0.1560996E-02 -0.2117291E-03  0.6290438E+03  0.8532172E+02
   3.09232   0.10000  0.1513080E-02 -0.2049017E-03  0.6490018E+03  0.8788799E+02
   3.12859   0.10000  0.1469183E-02 -0.1983172E-03  0.6684704E+03  0.9023328E+02
   3.16485   0.10000  0.1426421E-02 -0.1910487E-03  0.6887008E+03  0.9224164E+02
   3.20111   0.10000  0.1383111E-02 -0.1859589E-03  0.7101704E+03  0.9548223E+02
   3.23737   0.10000  0.1341927E-02 -0.1854688E-03  0.7312289E+03  0.1010637E+03
   3.27364   0.10000  0.1306099E-02 -0.1879695E-03  0.7501025E+03  0.1079523E+03
   3.30990   0.10000  0.1276201E-02 -0.1903922E-03  0.7665155E+03  0.1143539E+03
   3.34616   0.10000  0.1250649E-02 -0.1900718E-03  0.7815335E+03  0.1187763E+03
   3.38242   0.10000  0.1226439E-02 -0.1870449E-03  0.7968345E+03  0.1215256E+03
   3.41869   0.10000  0.1203321E-02 -0.1830823E-03  0.8122313E+03  0.1235790E+03
   3.45495   0.10000  0.1182555E-02 -0.1774632E-03  0.8270026E+03  0.1241063E+03
   3.49121   0.10000  0.1162327E-02 -0.1675057E-03  0.8428385E+03  0.1214634E+03
   3.52747   0.10000  0.1138194E-02 -0.1546461E-03  0.8626595E+03  0.1172093E+03
   3.56374   0.10000  0.1109632E-02 -0.1436882E-03  0.8863374E+03  0.1147734E+03
   3.60000   0.10000  0.1079227E-02 -0.1372518E-03  0.9118410E+03  0.1159643E+03
