#       Re(w)     Im(w)     Re(1/eps)      Im(1/eps)      Re (eps)      Im(eps) 
     1 0.01000 0.10000  0.222328E+00 -0.190200E-02  0.449754E+01  0.384762E-01
     2 0.04626 0.10000  0.221187E+00 -0.894046E-02  0.451369E+01  0.182445E+00
     3 0.08253 0.10000  0.218603E+00 -0.163274E-01  0.454913E+01  0.339775E+00
     4 0.11879 0.10000  0.214840E+00 -0.238460E-01  0.459798E+01  0.510348E+00
     5 0.15505 0.10000  0.209321E+00 -0.312033E-01  0.467351E+01  0.696678E+00
     6 0.19131 0.10000  0.201044E+00 -0.393709E-01  0.479032E+01  0.938100E+00
     7 0.22758 0.10000  0.190235E+00 -0.495802E-01  0.492230E+01  0.128288E+01
     8 0.26384 0.10000  0.177447E+00 -0.633736E-01  0.499799E+01  0.178498E+01
     9 0.30010 0.10000  0.164556E+00 -0.825010E-01  0.485629E+01  0.243472E+01
    10 0.33636 0.10000  0.156042E+00 -0.107320E+00  0.435062E+01  0.299220E+01
    11 0.37263 0.10000  0.158006E+00 -0.133203E+00  0.369961E+01  0.311884E+01
    12 0.40889 0.10000  0.168874E+00 -0.147063E+00  0.336764E+01  0.293269E+01
    13 0.44515 0.10000  0.172295E+00 -0.144600E+00  0.340539E+01  0.285801E+01
    14 0.48141 0.10000  0.158603E+00 -0.138612E+00  0.357471E+01  0.312413E+01
    15 0.51768 0.10000  0.131891E+00 -0.139716E+00  0.357275E+01  0.378472E+01
    16 0.55394 0.10000  0.980703E-01 -0.151233E+00  0.301855E+01  0.465487E+01
    17 0.59020 0.10000  0.614795E-01 -0.173949E+00  0.180620E+01  0.511043E+01
    18 0.62646 0.10000  0.256007E-01 -0.208758E+00  0.578740E+00  0.471927E+01
    19 0.66273 0.10000 -0.333779E-02 -0.255895E+00 -0.509640E-01  0.390719E+01
    20 0.69899 0.10000 -0.158044E-01 -0.309506E+00 -0.164554E+00  0.322255E+01
    21 0.73525 0.10000 -0.107379E-01 -0.351471E+00 -0.868432E-01  0.284254E+01
    22 0.77152 0.10000 -0.648466E-02 -0.369370E+00 -0.475151E-01  0.270648E+01
    23 0.80778 0.10000 -0.249086E-01 -0.371431E+00 -0.179740E+00  0.268023E+01
    24 0.84404 0.10000 -0.731914E-01 -0.377810E+00 -0.494211E+00  0.255109E+01
    25 0.88030 0.10000 -0.144319E+00 -0.403101E+00 -0.787259E+00  0.219891E+01
    26 0.91657 0.10000 -0.230938E+00 -0.455214E+00 -0.886341E+00  0.174711E+01
    27 0.95283 0.10000 -0.323378E+00 -0.540270E+00 -0.815654E+00  0.136272E+01
    28 0.98909 0.10000 -0.410563E+00 -0.655974E+00 -0.685570E+00  0.109536E+01
    29 1.02535 0.10000 -0.494144E+00 -0.794029E+00 -0.564956E+00  0.907814E+00
    30 1.06162 0.10000 -0.590472E+00 -0.968411E+00 -0.458984E+00  0.752762E+00
    31 1.09788 0.10000 -0.684830E+00 -0.121779E+01 -0.350835E+00  0.623867E+00
    32 1.13414 0.10000 -0.729940E+00 -0.155244E+01 -0.248036E+00  0.527524E+00
    33 1.17040 0.10000 -0.707147E+00 -0.196469E+01 -0.162188E+00  0.450611E+00
    34 1.20667 0.10000 -0.561997E+00 -0.251394E+01 -0.846924E-01  0.378849E+00
    35 1.24293 0.10000 -0.607574E-01 -0.315998E+01 -0.608234E-02  0.316341E+00
    36 1.27919 0.10000  0.916536E+00 -0.349104E+01  0.703544E-01  0.267977E+00
    37 1.31545 0.10000  0.191529E+01 -0.315610E+01  0.140528E+00  0.231567E+00
    38 1.35172 0.10000  0.245138E+01 -0.245396E+01  0.203752E+00  0.203966E+00
    39 1.38798 0.10000  0.256745E+01 -0.181019E+01  0.260164E+00  0.183429E+00
    40 1.42424 0.10000  0.249328E+01 -0.135801E+01  0.309316E+00  0.168474E+00
    41 1.46051 0.10000  0.237624E+01 -0.106068E+01  0.350914E+00  0.156637E+00
    42 1.49677 0.10000  0.226647E+01 -0.852799E+00  0.386496E+00  0.145426E+00
    43 1.53303 0.10000  0.216887E+01 -0.696279E+00  0.417990E+00  0.134188E+00
    44 1.56929 0.10000  0.208187E+01 -0.571158E+00  0.446715E+00  0.122556E+00
    45 1.60556 0.10000  0.199905E+01 -0.467665E+00  0.474279E+00  0.110954E+00
    46 1.64182 0.10000  0.191844E+01 -0.385164E+00  0.501060E+00  0.100598E+00
    47 1.67808 0.10000  0.184265E+01 -0.321815E+00  0.526632E+00  0.919750E-01
    48 1.71434 0.10000  0.177393E+01 -0.274493E+00  0.550539E+00  0.851888E-01
    49 1.75061 0.10000  0.171419E+01 -0.239345E+00  0.572211E+00  0.798954E-01
    50 1.78687 0.10000  0.166361E+01 -0.211623E+00  0.591529E+00  0.752465E-01
    51 1.82313 0.10000  0.161997E+01 -0.187800E+00  0.609111E+00  0.706132E-01
    52 1.85939 0.10000  0.158093E+01 -0.167120E+00  0.625548E+00  0.661263E-01
    53 1.89566 0.10000  0.154603E+01 -0.149400E+00  0.640835E+00  0.619270E-01
    54 1.93192 0.10000  0.151467E+01 -0.133601E+00  0.655114E+00  0.577843E-01
    55 1.96818 0.10000  0.148599E+01 -0.119461E+00  0.668632E+00  0.537523E-01
    56 2.00444 0.10000  0.145958E+01 -0.106525E+00  0.681498E+00  0.497381E-01
    57 2.04071 0.10000  0.143440E+01 -0.946911E-01  0.694132E+00  0.458228E-01
    58 2.07697 0.10000  0.141016E+01 -0.848175E-01  0.706584E+00  0.424992E-01
    59 2.11323 0.10000  0.138757E+01 -0.771026E-01  0.718465E+00  0.399226E-01
    60 2.14949 0.10000  0.136700E+01 -0.709288E-01  0.729564E+00  0.378545E-01
    61 2.18576 0.10000  0.134815E+01 -0.658125E-01  0.739993E+00  0.361241E-01
    62 2.22202 0.10000  0.133096E+01 -0.619205E-01  0.749712E+00  0.348789E-01
    63 2.25828 0.10000  0.131592E+01 -0.587535E-01  0.758413E+00  0.338618E-01
    64 2.29455 0.10000  0.130267E+01 -0.552309E-01  0.766279E+00  0.324890E-01
    65 2.33081 0.10000  0.128995E+01 -0.512449E-01  0.774003E+00  0.307483E-01
    66 2.36707 0.10000  0.127750E+01 -0.475944E-01  0.781694E+00  0.291227E-01
    67 2.40333 0.10000  0.126551E+01 -0.445215E-01  0.789216E+00  0.277650E-01
    68 2.43960 0.10000  0.125407E+01 -0.419667E-01  0.796512E+00  0.266548E-01
    69 2.47586 0.10000  0.124315E+01 -0.400631E-01  0.803572E+00  0.258967E-01
    70 2.51212 0.10000  0.123303E+01 -0.388386E-01  0.810208E+00  0.255204E-01
    71 2.54838 0.10000  0.122382E+01 -0.381562E-01  0.816320E+00  0.254512E-01
    72 2.58465 0.10000  0.121566E+01 -0.377649E-01  0.821804E+00  0.255296E-01
    73 2.62091 0.10000  0.120837E+01 -0.372844E-01  0.826773E+00  0.255102E-01
    74 2.65717 0.10000  0.120162E+01 -0.367782E-01  0.831434E+00  0.254480E-01
    75 2.69343 0.10000  0.119540E+01 -0.364177E-01  0.835764E+00  0.254614E-01
    76 2.72970 0.10000  0.118996E+01 -0.363118E-01  0.839583E+00  0.256200E-01
    77 2.76596 0.10000  0.118572E+01 -0.360445E-01  0.842594E+00  0.256139E-01
    78 2.80222 0.10000  0.118234E+01 -0.347166E-01  0.845050E+00  0.248129E-01
    79 2.83848 0.10000  0.117875E+01 -0.322210E-01  0.847724E+00  0.231725E-01
    80 2.87475 0.10000  0.117438E+01 -0.293581E-01  0.850983E+00  0.212736E-01
    81 2.91101 0.10000  0.116949E+01 -0.267037E-01  0.854625E+00  0.195141E-01
    82 2.94727 0.10000  0.116433E+01 -0.243891E-01  0.858490E+00  0.179827E-01
    83 2.98354 0.10000  0.115904E+01 -0.225241E-01  0.862459E+00  0.167605E-01
    84 3.01980 0.10000  0.115382E+01 -0.211337E-01  0.866395E+00  0.158691E-01
    85 3.05606 0.10000  0.114884E+01 -0.201885E-01  0.870173E+00  0.152915E-01
    86 3.09232 0.10000  0.114427E+01 -0.195375E-01  0.873662E+00  0.149171E-01
    87 3.12859 0.10000  0.114009E+01 -0.189097E-01  0.876884E+00  0.145442E-01
    88 3.16485 0.10000  0.113601E+01 -0.182166E-01  0.880047E+00  0.141121E-01
    89 3.20111 0.10000  0.113188E+01 -0.177313E-01  0.883269E+00  0.138367E-01
    90 3.23737 0.10000  0.112795E+01 -0.176846E-01  0.886343E+00  0.138965E-01
    91 3.27364 0.10000  0.112454E+01 -0.179230E-01  0.889029E+00  0.141695E-01
    92 3.30990 0.10000  0.112169E+01 -0.181540E-01  0.891281E+00  0.144250E-01
    93 3.34616 0.10000  0.111925E+01 -0.181235E-01  0.893221E+00  0.144635E-01
    94 3.38242 0.10000  0.111694E+01 -0.178349E-01  0.895073E+00  0.142922E-01
    95 3.41869 0.10000  0.111474E+01 -0.174570E-01  0.896852E+00  0.140449E-01
    96 3.45495 0.10000  0.111276E+01 -0.169212E-01  0.898461E+00  0.136625E-01
    97 3.49121 0.10000  0.111083E+01 -0.159718E-01  0.900043E+00  0.129411E-01
    98 3.52747 0.10000  0.110853E+01 -0.147456E-01  0.901938E+00  0.119976E-01
    99 3.56374 0.10000  0.110580E+01 -0.137008E-01  0.904180E+00  0.112027E-01
   100 3.60000 0.10000  0.110291E+01 -0.130871E-01  0.906569E+00  0.107573E-01
