        36
  0.000000  0.000000  0.000000 1
  0.000000  0.000000  0.250000 1
  0.000000  0.000000  0.500000 1
  0.000000  0.250000  0.000000 1
  0.000000  0.250000  0.250000 1
  0.000000  0.250000  0.500000 1
  0.000000  0.250000  0.750000 1
  0.000000  0.500000  0.000000 1
  0.000000  0.500000  0.250000 1
  0.000000  0.500000  0.500000 1
  0.250000  0.000000  0.000000 1
  0.250000  0.000000  0.250000 1
  0.250000  0.000000  0.500000 1
  0.250000  0.000000  0.750000 1
  0.250000  0.250000  0.000000 1
  0.250000  0.250000  0.250000 1
  0.250000  0.250000  0.500000 1
  0.250000  0.250000  0.750000 1
  0.250000  0.500000  0.000000 1
  0.250000  0.500000  0.250000 1
  0.250000  0.500000  0.500000 1
  0.250000  0.500000  0.750000 1
  0.250000  0.750000  0.000000 1
  0.250000  0.750000  0.250000 1
  0.250000  0.750000  0.500000 1
  0.250000  0.750000  0.750000 1
  0.500000  0.000000  0.000000 1
  0.500000  0.000000  0.250000 1
  0.500000  0.000000  0.500000 1
  0.500000  0.250000  0.000000 1
  0.500000  0.250000  0.250000 1
  0.500000  0.250000  0.500000 1
  0.500000  0.250000  0.750000 1
  0.500000  0.500000  0.000000 1
  0.500000  0.500000  0.250000 1
  0.500000  0.500000  0.500000 1
