  0.00000000E+00 -0.26968746E+02
  0.11116747E-01 -0.26968740E+02
  0.22233494E-01 -0.26968721E+02
  0.33350240E-01 -0.26968690E+02
  0.44466987E-01 -0.26968647E+02
  0.55583734E-01 -0.26968591E+02
  0.66700481E-01 -0.26968524E+02
  0.77817228E-01 -0.26968444E+02
  0.88933975E-01 -0.26968353E+02
  0.10005072E+00 -0.26968251E+02
  0.11116747E+00 -0.26968137E+02
  0.12228422E+00 -0.26968013E+02
  0.13340096E+00 -0.26967878E+02
  0.14451771E+00 -0.26967733E+02
  0.15563446E+00 -0.26967579E+02
  0.16675120E+00 -0.26967416E+02
  0.17786795E+00 -0.26967244E+02
  0.18898470E+00 -0.26967063E+02
  0.20010144E+00 -0.26966875E+02
  0.21121819E+00 -0.26966680E+02
  0.22233494E+00 -0.26966478E+02
  0.23345168E+00 -0.26966269E+02
  0.24456843E+00 -0.26966056E+02
  0.25568518E+00 -0.26965837E+02
  0.26680192E+00 -0.26965614E+02
  0.27791867E+00 -0.26965387E+02
  0.28903542E+00 -0.26965156E+02
  0.30015216E+00 -0.26964923E+02
  0.31126891E+00 -0.26964689E+02
  0.32238566E+00 -0.26964452E+02
  0.33350240E+00 -0.26964215E+02
  0.34461915E+00 -0.26963978E+02
  0.35573590E+00 -0.26963741E+02
  0.36685265E+00 -0.26963504E+02
  0.37796939E+00 -0.26963270E+02
  0.38908614E+00 -0.26963037E+02
  0.40020289E+00 -0.26962807E+02
  0.41131963E+00 -0.26962580E+02
  0.42243638E+00 -0.26962357E+02
  0.43355313E+00 -0.26962138E+02
  0.44466987E+00 -0.26961923E+02
  0.45578662E+00 -0.26961713E+02
  0.46690337E+00 -0.26961509E+02
  0.47802011E+00 -0.26961310E+02
  0.48913686E+00 -0.26961118E+02
  0.50025361E+00 -0.26960932E+02
  0.51137035E+00 -0.26960753E+02
  0.52248710E+00 -0.26960581E+02
  0.53360385E+00 -0.26960417E+02
  0.54472059E+00 -0.26960260E+02
  0.55583734E+00 -0.26960110E+02
  0.56695409E+00 -0.26959969E+02
  0.57807084E+00 -0.26959836E+02
  0.58918758E+00 -0.26959711E+02
  0.60030433E+00 -0.26959594E+02
  0.61142108E+00 -0.26959485E+02
  0.62253782E+00 -0.26959384E+02
  0.63365457E+00 -0.26959292E+02
  0.64477132E+00 -0.26959208E+02
  0.65588806E+00 -0.26959132E+02
  0.66700481E+00 -0.26959064E+02
  0.67812156E+00 -0.26959003E+02
  0.68923830E+00 -0.26958951E+02
  0.70035505E+00 -0.26958905E+02
  0.71147180E+00 -0.26958867E+02
  0.72258854E+00 -0.26958836E+02
  0.73370529E+00 -0.26958812E+02
  0.74482204E+00 -0.26958794E+02
  0.75593878E+00 -0.26958783E+02
  0.76705553E+00 -0.26958777E+02
  0.77817228E+00 -0.26958776E+02
  0.78928902E+00 -0.26958781E+02
  0.80040577E+00 -0.26958790E+02
  0.81152252E+00 -0.26958804E+02
  0.82263927E+00 -0.26958822E+02
  0.83375601E+00 -0.26958844E+02
  0.84487276E+00 -0.26958868E+02
  0.85598951E+00 -0.26958896E+02
  0.86710625E+00 -0.26958926E+02
  0.87822300E+00 -0.26958958E+02
  0.88933975E+00 -0.26958992E+02
  0.90045649E+00 -0.26959027E+02
  0.91157324E+00 -0.26959062E+02
  0.92268999E+00 -0.26959099E+02
  0.93380673E+00 -0.26959135E+02
  0.94492348E+00 -0.26959171E+02
  0.95604023E+00 -0.26959207E+02
  0.96715697E+00 -0.26959241E+02
  0.97827372E+00 -0.26959275E+02
  0.98939047E+00 -0.26959307E+02
  0.10005072E+01 -0.26959337E+02
  0.10116240E+01 -0.26959365E+02
  0.10227407E+01 -0.26959391E+02
  0.10338575E+01 -0.26959414E+02
  0.10449742E+01 -0.26959434E+02
  0.10560909E+01 -0.26959452E+02
  0.10672077E+01 -0.26959467E+02
  0.10783244E+01 -0.26959478E+02
  0.10894412E+01 -0.26959487E+02
  0.11005579E+01 -0.26959492E+02
  0.11116747E+01 -0.26959493E+02
  0.11229043E+01 -0.26959489E+02
  0.11341339E+01 -0.26959476E+02
  0.11453635E+01 -0.26959454E+02
  0.11565931E+01 -0.26959423E+02
  0.11678227E+01 -0.26959384E+02
  0.11790523E+01 -0.26959337E+02
  0.11902820E+01 -0.26959281E+02
  0.12015116E+01 -0.26959217E+02
  0.12127412E+01 -0.26959145E+02
  0.12239708E+01 -0.26959065E+02
  0.12352004E+01 -0.26958977E+02
  0.12464300E+01 -0.26958882E+02
  0.12576596E+01 -0.26958779E+02
  0.12688892E+01 -0.26958670E+02
  0.12801188E+01 -0.26958554E+02
  0.12913484E+01 -0.26958432E+02
  0.13025781E+01 -0.26958303E+02
  0.13138077E+01 -0.26958169E+02
  0.13250373E+01 -0.26958029E+02
  0.13362669E+01 -0.26957885E+02
  0.13474965E+01 -0.26957736E+02
  0.13587261E+01 -0.26957582E+02
  0.13699557E+01 -0.26957425E+02
  0.13811853E+01 -0.26957264E+02
  0.13924149E+01 -0.26957100E+02
  0.14036445E+01 -0.26956933E+02
  0.14148742E+01 -0.26956765E+02
  0.14261038E+01 -0.26956594E+02
  0.14373334E+01 -0.26956422E+02
  0.14485630E+01 -0.26956250E+02
  0.14597926E+01 -0.26956152E+02
  0.14710222E+01 -0.26956056E+02
  0.14822518E+01 -0.26955960E+02
  0.14934814E+01 -0.26955866E+02
  0.15047110E+01 -0.26955774E+02
  0.15047110E+01 -0.26955774E+02
  0.15158347E+01 -0.26955684E+02
  0.15269584E+01 -0.26955596E+02
  0.15380820E+01 -0.26955511E+02
  0.15492057E+01 -0.26955428E+02
  0.15603294E+01 -0.26955349E+02
  0.15714531E+01 -0.26955273E+02
  0.15825767E+01 -0.26955200E+02
  0.15937004E+01 -0.26955132E+02
  0.16048241E+01 -0.26955067E+02
  0.16159477E+01 -0.26955008E+02
  0.16270714E+01 -0.26954952E+02
  0.16381951E+01 -0.26954902E+02
  0.16493188E+01 -0.26954857E+02
  0.16604424E+01 -0.26954818E+02
  0.16715661E+01 -0.26954784E+02
  0.16826898E+01 -0.26954756E+02
  0.16938134E+01 -0.26954735E+02
  0.17049371E+01 -0.26954719E+02
  0.17160608E+01 -0.26954711E+02
  0.17271844E+01 -0.26954708E+02
  0.17383081E+01 -0.26954713E+02
  0.17494318E+01 -0.26954725E+02
  0.17605555E+01 -0.26954744E+02
  0.17716791E+01 -0.26954771E+02
  0.17828028E+01 -0.26954804E+02
  0.17939265E+01 -0.26954846E+02
  0.18050501E+01 -0.26954895E+02
  0.18161738E+01 -0.26954951E+02
  0.18272975E+01 -0.26955016E+02
  0.18384211E+01 -0.26955088E+02
  0.18495448E+01 -0.26955168E+02
  0.18606685E+01 -0.26955256E+02
  0.18717922E+01 -0.26955352E+02
  0.18829158E+01 -0.26955455E+02
  0.18940395E+01 -0.26955567E+02
  0.19051632E+01 -0.26955686E+02
  0.19162868E+01 -0.26955813E+02
  0.19274105E+01 -0.26955947E+02
  0.19385342E+01 -0.26956090E+02
  0.19496579E+01 -0.26956239E+02
  0.19607815E+01 -0.26956396E+02
  0.19719052E+01 -0.26956560E+02
  0.19830289E+01 -0.26956731E+02
  0.19941525E+01 -0.26956908E+02
  0.20052762E+01 -0.26957093E+02
  0.20163999E+01 -0.26957284E+02
  0.20275235E+01 -0.26957481E+02
  0.20386472E+01 -0.26957684E+02
  0.20497709E+01 -0.26957894E+02
  0.20608946E+01 -0.26958108E+02
  0.20720182E+01 -0.26958328E+02
  0.20831419E+01 -0.26958553E+02
  0.20942656E+01 -0.26958783E+02
  0.21053892E+01 -0.26959017E+02
  0.21165129E+01 -0.26959256E+02
  0.21276366E+01 -0.26959498E+02
  0.21387602E+01 -0.26959744E+02
  0.21498839E+01 -0.26959993E+02
  0.21610076E+01 -0.26960245E+02
  0.21721313E+01 -0.26960499E+02
  0.21832549E+01 -0.26960756E+02
  0.21943786E+01 -0.26961014E+02
  0.22055023E+01 -0.26961274E+02
  0.22166259E+01 -0.26961535E+02
  0.22277496E+01 -0.26961797E+02
  0.22388733E+01 -0.26962059E+02
  0.22499970E+01 -0.26962321E+02
  0.22611206E+01 -0.26962582E+02
  0.22722443E+01 -0.26962843E+02
  0.22833680E+01 -0.26963102E+02
  0.22944916E+01 -0.26963360E+02
  0.23056153E+01 -0.26963616E+02
  0.23167390E+01 -0.26963870E+02
  0.23278626E+01 -0.26964120E+02
  0.23389863E+01 -0.26964368E+02
  0.23501100E+01 -0.26964612E+02
  0.23612337E+01 -0.26964852E+02
  0.23723573E+01 -0.26965088E+02
  0.23834810E+01 -0.26965320E+02
  0.23946047E+01 -0.26965546E+02
  0.24057283E+01 -0.26965767E+02
  0.24168520E+01 -0.26965983E+02
  0.24279757E+01 -0.26966192E+02
  0.24390993E+01 -0.26966395E+02
  0.24502230E+01 -0.26966592E+02
  0.24613467E+01 -0.26966781E+02
  0.24724704E+01 -0.26966964E+02
  0.24835940E+01 -0.26967138E+02
  0.24947177E+01 -0.26967305E+02
  0.25058414E+01 -0.26967464E+02
  0.25169650E+01 -0.26967615E+02
  0.25280887E+01 -0.26967757E+02
  0.25392124E+01 -0.26967890E+02
  0.25503361E+01 -0.26968014E+02
  0.25614597E+01 -0.26968129E+02
  0.25725834E+01 -0.26968235E+02
  0.25837071E+01 -0.26968331E+02
  0.25948307E+01 -0.26968417E+02
  0.26059544E+01 -0.26968494E+02
  0.26170781E+01 -0.26968561E+02
  0.26282017E+01 -0.26968617E+02
  0.26393254E+01 -0.26968664E+02
  0.26504491E+01 -0.26968700E+02
  0.26615728E+01 -0.26968726E+02
  0.26726964E+01 -0.26968741E+02
  0.26838201E+01 -0.26968746E+02
  0.26948861E+01 -0.26968741E+02
  0.27059520E+01 -0.26968724E+02
  0.27170180E+01 -0.26968696E+02
  0.27280839E+01 -0.26968657E+02
  0.27391499E+01 -0.26968607E+02
  0.27502159E+01 -0.26968546E+02
  0.27612818E+01 -0.26968474E+02
  0.27723478E+01 -0.26968391E+02
  0.27834137E+01 -0.26968298E+02
  0.27944797E+01 -0.26968193E+02
  0.28055457E+01 -0.26968079E+02
  0.28166116E+01 -0.26967954E+02
  0.28276776E+01 -0.26967819E+02
  0.28387435E+01 -0.26967674E+02
  0.28498095E+01 -0.26967520E+02
  0.28608755E+01 -0.26967355E+02
  0.28719414E+01 -0.26967182E+02
  0.28830074E+01 -0.26966999E+02
  0.28940733E+01 -0.26966808E+02
  0.29051393E+01 -0.26966608E+02
  0.29162053E+01 -0.26966399E+02
  0.29272712E+01 -0.26966183E+02
  0.29383372E+01 -0.26965959E+02
  0.29494031E+01 -0.26965727E+02
  0.29604691E+01 -0.26965488E+02
  0.29715351E+01 -0.26965243E+02
  0.29826010E+01 -0.26964991E+02
  0.29936670E+01 -0.26964732E+02
  0.30047329E+01 -0.26964468E+02
  0.30157989E+01 -0.26964199E+02
  0.30268649E+01 -0.26963924E+02
  0.30379308E+01 -0.26963644E+02
  0.30489968E+01 -0.26963361E+02
  0.30600627E+01 -0.26963073E+02
  0.30711287E+01 -0.26962782E+02
  0.30821947E+01 -0.26962487E+02
  0.30932606E+01 -0.26962190E+02
  0.31043266E+01 -0.26961890E+02
  0.31153925E+01 -0.26961588E+02
  0.31264585E+01 -0.26961285E+02
  0.31375245E+01 -0.26960980E+02
  0.31485904E+01 -0.26960674E+02
  0.31596564E+01 -0.26960369E+02
  0.31707223E+01 -0.26960063E+02
  0.31817883E+01 -0.26959757E+02
  0.31928543E+01 -0.26959453E+02
  0.32039202E+01 -0.26959150E+02
  0.32149862E+01 -0.26958848E+02
  0.32260521E+01 -0.26958548E+02
  0.32371181E+01 -0.26958251E+02
  0.32481841E+01 -0.26957957E+02
  0.32592500E+01 -0.26957665E+02
  0.32703160E+01 -0.26957378E+02
  0.32813819E+01 -0.26957094E+02
  0.32924479E+01 -0.26956815E+02
  0.33035139E+01 -0.26956540E+02
  0.33145798E+01 -0.26956271E+02
  0.33256458E+01 -0.26956007E+02
  0.33367117E+01 -0.26955748E+02
  0.33477777E+01 -0.26955496E+02
  0.33588437E+01 -0.26955250E+02
  0.33699096E+01 -0.26955011E+02
  0.33809756E+01 -0.26954779E+02
  0.33920415E+01 -0.26954554E+02
  0.34031075E+01 -0.26954336E+02
  0.34141735E+01 -0.26954127E+02
  0.34252394E+01 -0.26953925E+02
  0.34363054E+01 -0.26953732E+02
  0.34473713E+01 -0.26953548E+02
  0.34584373E+01 -0.26953372E+02
  0.34695033E+01 -0.26953205E+02
  0.34805692E+01 -0.26953048E+02
  0.34916352E+01 -0.26952900E+02
  0.35027011E+01 -0.26952761E+02
  0.35137671E+01 -0.26952632E+02
  0.35248331E+01 -0.26952513E+02
  0.35358990E+01 -0.26952403E+02
  0.35469650E+01 -0.26952304E+02
  0.35580309E+01 -0.26952215E+02
  0.35690969E+01 -0.26952136E+02
  0.35801629E+01 -0.26952068E+02
  0.35912288E+01 -0.26952010E+02
  0.36022948E+01 -0.26951962E+02
  0.36133607E+01 -0.26951925E+02
  0.36244267E+01 -0.26951899E+02
  0.36354927E+01 -0.26951883E+02
  0.36465586E+01 -0.26951877E+02
  0.36576301E+01 -0.26951879E+02
  0.36687015E+01 -0.26951885E+02
  0.36797730E+01 -0.26951894E+02
  0.36908444E+01 -0.26951907E+02
  0.37019158E+01 -0.26951924E+02
  0.37129873E+01 -0.26951944E+02
  0.37240587E+01 -0.26951968E+02
  0.37351302E+01 -0.26951995E+02
  0.37462016E+01 -0.26952026E+02
  0.37572731E+01 -0.26952061E+02
  0.37683445E+01 -0.26952098E+02
  0.37794160E+01 -0.26952140E+02
  0.37904874E+01 -0.26952184E+02
  0.38015589E+01 -0.26952232E+02
  0.38126303E+01 -0.26952282E+02
  0.38237018E+01 -0.26952336E+02
  0.38347732E+01 -0.26952392E+02
  0.38458447E+01 -0.26952452E+02
  0.38569161E+01 -0.26952514E+02
  0.38679875E+01 -0.26952578E+02
  0.38790590E+01 -0.26952645E+02
  0.38901304E+01 -0.26952714E+02
  0.39012019E+01 -0.26952785E+02
  0.39122733E+01 -0.26952858E+02
  0.39233448E+01 -0.26952932E+02
  0.39344162E+01 -0.26953008E+02
  0.39454877E+01 -0.26953086E+02
  0.39565591E+01 -0.26953164E+02
  0.39676306E+01 -0.26953244E+02
  0.39787020E+01 -0.26953324E+02
  0.39897735E+01 -0.26953405E+02
  0.40008449E+01 -0.26953486E+02
  0.40119163E+01 -0.26953567E+02
  0.40229878E+01 -0.26953649E+02
  0.40340592E+01 -0.26953729E+02
  0.40451307E+01 -0.26953809E+02
  0.40562021E+01 -0.26953889E+02
  0.40672736E+01 -0.26953967E+02
  0.40783450E+01 -0.26954044E+02
  0.40894165E+01 -0.26954119E+02
  0.41004879E+01 -0.26954193E+02
  0.41115594E+01 -0.26954265E+02
  0.41226308E+01 -0.26954334E+02
  0.41337023E+01 -0.26954401E+02
  0.41447737E+01 -0.26954465E+02
  0.41558452E+01 -0.26954527E+02
  0.41669166E+01 -0.26954585E+02
  0.41779880E+01 -0.26954640E+02
  0.41890595E+01 -0.26954691E+02
  0.42001309E+01 -0.26954739E+02
  0.42112024E+01 -0.26954782E+02
  0.42222738E+01 -0.26954822E+02
  0.42333453E+01 -0.26954857E+02
  0.42444167E+01 -0.26954888E+02
  0.42554882E+01 -0.26954914E+02
  0.42665596E+01 -0.26954936E+02
  0.42776311E+01 -0.26954952E+02
  0.42887025E+01 -0.26954964E+02
  0.42997740E+01 -0.26954971E+02
  0.43108454E+01 -0.26954973E+02
  0.43219169E+01 -0.26954970E+02
  0.43329883E+01 -0.26954962E+02
  0.43440597E+01 -0.26954950E+02
  0.43551312E+01 -0.26954934E+02
  0.43662026E+01 -0.26954914E+02
  0.43772741E+01 -0.26954892E+02
  0.43883455E+01 -0.26954868E+02
  0.43994170E+01 -0.26954845E+02
  0.44104884E+01 -0.26954825E+02
  0.44215599E+01 -0.26954811E+02
  0.44326313E+01 -0.26954807E+02
  0.44437481E+01 -0.26954832E+02
  0.44548648E+01 -0.26954865E+02
  0.44659816E+01 -0.26954906E+02
  0.44770983E+01 -0.26954954E+02
  0.44882151E+01 -0.26955011E+02
  0.44993318E+01 -0.26955074E+02
  0.45104485E+01 -0.26955145E+02
  0.45215653E+01 -0.26955223E+02
  0.45326820E+01 -0.26955308E+02
  0.45437988E+01 -0.26955399E+02
  0.45549155E+01 -0.26955496E+02
  0.45660323E+01 -0.26955599E+02
  0.45771490E+01 -0.26955708E+02
  0.45882658E+01 -0.26955822E+02
  0.45993825E+01 -0.26955940E+02
  0.46104993E+01 -0.26956063E+02
  0.46216160E+01 -0.26956190E+02
  0.46327328E+01 -0.26956321E+02
  0.46438495E+01 -0.26956454E+02
  0.46549663E+01 -0.26956590E+02
  0.46660830E+01 -0.26956728E+02
  0.46771997E+01 -0.26956867E+02
  0.46883165E+01 -0.26957008E+02
  0.46994332E+01 -0.26957149E+02
  0.47105500E+01 -0.26957290E+02
  0.47216667E+01 -0.26957431E+02
  0.47327835E+01 -0.26957571E+02
  0.47439002E+01 -0.26957709E+02
  0.47550170E+01 -0.26957845E+02
  0.47661337E+01 -0.26957979E+02
  0.47772505E+01 -0.26958109E+02
  0.47883672E+01 -0.26958237E+02
  0.47994840E+01 -0.26958360E+02
  0.48106007E+01 -0.26958479E+02
  0.48217175E+01 -0.26958593E+02
  0.48328342E+01 -0.26958702E+02
  0.48439510E+01 -0.26958805E+02
  0.48550677E+01 -0.26958902E+02
  0.48661844E+01 -0.26958993E+02
  0.48773012E+01 -0.26959077E+02
  0.48884179E+01 -0.26959154E+02
  0.48995347E+01 -0.26959224E+02
  0.49106514E+01 -0.26959286E+02
  0.49217682E+01 -0.26959341E+02
  0.49328849E+01 -0.26959387E+02
  0.49440017E+01 -0.26959425E+02
  0.49551184E+01 -0.26959455E+02
  0.49662352E+01 -0.26959476E+02
  0.49773519E+01 -0.26959489E+02
  0.49884687E+01 -0.26959493E+02
  
  0.00000000E+00 -0.26968746E+02
  0.11116747E-01 -0.26968740E+02
  0.22233494E-01 -0.26968720E+02
  0.33350240E-01 -0.26968687E+02
  0.44466987E-01 -0.26968642E+02
  0.55583734E-01 -0.26968583E+02
  0.66700481E-01 -0.26968512E+02
  0.77817228E-01 -0.26968428E+02
  0.88933975E-01 -0.26968332E+02
  0.10005072E+00 -0.26968224E+02
  0.11116747E+00 -0.26968104E+02
  0.12228422E+00 -0.26967973E+02
  0.13340096E+00 -0.26967831E+02
  0.14451771E+00 -0.26967678E+02
  0.15563446E+00 -0.26967515E+02
  0.16675120E+00 -0.26967342E+02
  0.17786795E+00 -0.26967160E+02
  0.18898470E+00 -0.26966969E+02
  0.20010144E+00 -0.26966770E+02
  0.21121819E+00 -0.26966562E+02
  0.22233494E+00 -0.26966348E+02
  0.23345168E+00 -0.26966127E+02
  0.24456843E+00 -0.26965900E+02
  0.25568518E+00 -0.26965667E+02
  0.26680192E+00 -0.26965430E+02
  0.27791867E+00 -0.26965188E+02
  0.28903542E+00 -0.26964943E+02
  0.30015216E+00 -0.26964694E+02
  0.31126891E+00 -0.26964443E+02
  0.32238566E+00 -0.26964190E+02
  0.33350240E+00 -0.26963936E+02
  0.34461915E+00 -0.26963681E+02
  0.35573590E+00 -0.26963426E+02
  0.36685265E+00 -0.26963172E+02
  0.37796939E+00 -0.26962919E+02
  0.38908614E+00 -0.26962667E+02
  0.40020289E+00 -0.26962418E+02
  0.41131963E+00 -0.26962172E+02
  0.42243638E+00 -0.26961929E+02
  0.43355313E+00 -0.26961690E+02
  0.44466987E+00 -0.26961455E+02
  0.45578662E+00 -0.26961225E+02
  0.46690337E+00 -0.26961000E+02
  0.47802011E+00 -0.26960781E+02
  0.48913686E+00 -0.26960568E+02
  0.50025361E+00 -0.26960361E+02
  0.51137035E+00 -0.26960161E+02
  0.52248710E+00 -0.26959968E+02
  0.53360385E+00 -0.26959782E+02
  0.54472059E+00 -0.26959604E+02
  0.55583734E+00 -0.26959433E+02
  0.56695409E+00 -0.26959270E+02
  0.57807084E+00 -0.26959116E+02
  0.58918758E+00 -0.26958969E+02
  0.60030433E+00 -0.26958831E+02
  0.61142108E+00 -0.26958701E+02
  0.62253782E+00 -0.26958580E+02
  0.63365457E+00 -0.26958467E+02
  0.64477132E+00 -0.26958362E+02
  0.65588806E+00 -0.26958265E+02
  0.66700481E+00 -0.26958177E+02
  0.67812156E+00 -0.26958096E+02
  0.68923830E+00 -0.26958024E+02
  0.70035505E+00 -0.26957959E+02
  0.71147180E+00 -0.26957902E+02
  0.72258854E+00 -0.26957851E+02
  0.73370529E+00 -0.26957808E+02
  0.74482204E+00 -0.26957772E+02
  0.75593878E+00 -0.26957742E+02
  0.76705553E+00 -0.26957718E+02
  0.77817228E+00 -0.26957701E+02
  0.78928902E+00 -0.26957688E+02
  0.80040577E+00 -0.26957681E+02
  0.81152252E+00 -0.26957679E+02
  0.82263927E+00 -0.26957681E+02
  0.83375601E+00 -0.26957687E+02
  0.84487276E+00 -0.26957697E+02
  0.85598951E+00 -0.26957710E+02
  0.86710625E+00 -0.26957727E+02
  0.87822300E+00 -0.26957745E+02
  0.88933975E+00 -0.26957766E+02
  0.90045649E+00 -0.26957789E+02
  0.91157324E+00 -0.26957813E+02
  0.92268999E+00 -0.26957838E+02
  0.93380673E+00 -0.26957864E+02
  0.94492348E+00 -0.26957890E+02
  0.95604023E+00 -0.26957916E+02
  0.96715697E+00 -0.26957942E+02
  0.97827372E+00 -0.26957968E+02
  0.98939047E+00 -0.26957992E+02
  0.10005072E+01 -0.26958015E+02
  0.10116240E+01 -0.26958037E+02
  0.10227407E+01 -0.26958057E+02
  0.10338575E+01 -0.26958075E+02
  0.10449742E+01 -0.26958092E+02
  0.10560909E+01 -0.26958106E+02
  0.10672077E+01 -0.26958117E+02
  0.10783244E+01 -0.26958126E+02
  0.10894412E+01 -0.26958133E+02
  0.11005579E+01 -0.26958137E+02
  0.11116747E+01 -0.26958138E+02
  0.11229043E+01 -0.26958136E+02
  0.11341339E+01 -0.26958128E+02
  0.11453635E+01 -0.26958115E+02
  0.11565931E+01 -0.26958097E+02
  0.11678227E+01 -0.26958074E+02
  0.11790523E+01 -0.26958045E+02
  0.11902820E+01 -0.26958012E+02
  0.12015116E+01 -0.26957974E+02
  0.12127412E+01 -0.26957931E+02
  0.12239708E+01 -0.26957883E+02
  0.12352004E+01 -0.26957831E+02
  0.12464300E+01 -0.26957775E+02
  0.12576596E+01 -0.26957714E+02
  0.12688892E+01 -0.26957650E+02
  0.12801188E+01 -0.26957581E+02
  0.12913484E+01 -0.26957509E+02
  0.13025781E+01 -0.26957434E+02
  0.13138077E+01 -0.26957355E+02
  0.13250373E+01 -0.26957273E+02
  0.13362669E+01 -0.26957188E+02
  0.13474965E+01 -0.26957101E+02
  0.13587261E+01 -0.26957012E+02
  0.13699557E+01 -0.26956921E+02
  0.13811853E+01 -0.26956828E+02
  0.13924149E+01 -0.26956733E+02
  0.14036445E+01 -0.26956638E+02
  0.14148742E+01 -0.26956541E+02
  0.14261038E+01 -0.26956444E+02
  0.14373334E+01 -0.26956347E+02
  0.14485630E+01 -0.26956249E+02
  0.14597926E+01 -0.26956077E+02
  0.14710222E+01 -0.26955904E+02
  0.14822518E+01 -0.26955731E+02
  0.14934814E+01 -0.26955560E+02
  0.15047110E+01 -0.26955389E+02
  0.15047110E+01 -0.26955389E+02
  0.15158347E+01 -0.26955223E+02
  0.15269584E+01 -0.26955058E+02
  0.15380820E+01 -0.26954897E+02
  0.15492057E+01 -0.26954738E+02
  0.15603294E+01 -0.26954583E+02
  0.15714531E+01 -0.26954432E+02
  0.15825767E+01 -0.26954285E+02
  0.15937004E+01 -0.26954144E+02
  0.16048241E+01 -0.26954007E+02
  0.16159477E+01 -0.26953876E+02
  0.16270714E+01 -0.26953751E+02
  0.16381951E+01 -0.26953632E+02
  0.16493188E+01 -0.26953519E+02
  0.16604424E+01 -0.26953414E+02
  0.16715661E+01 -0.26953316E+02
  0.16826898E+01 -0.26953226E+02
  0.16938134E+01 -0.26953143E+02
  0.17049371E+01 -0.26953069E+02
  0.17160608E+01 -0.26953003E+02
  0.17271844E+01 -0.26952946E+02
  0.17383081E+01 -0.26952897E+02
  0.17494318E+01 -0.26952858E+02
  0.17605555E+01 -0.26952828E+02
  0.17716791E+01 -0.26952808E+02
  0.17828028E+01 -0.26952797E+02
  0.17939265E+01 -0.26952797E+02
  0.18050501E+01 -0.26952806E+02
  0.18161738E+01 -0.26952825E+02
  0.18272975E+01 -0.26952855E+02
  0.18384211E+01 -0.26952895E+02
  0.18495448E+01 -0.26952945E+02
  0.18606685E+01 -0.26953006E+02
  0.18717922E+01 -0.26953078E+02
  0.18829158E+01 -0.26953159E+02
  0.18940395E+01 -0.26953252E+02
  0.19051632E+01 -0.26953354E+02
  0.19162868E+01 -0.26953468E+02
  0.19274105E+01 -0.26953591E+02
  0.19385342E+01 -0.26953725E+02
  0.19496579E+01 -0.26953870E+02
  0.19607815E+01 -0.26954024E+02
  0.19719052E+01 -0.26954188E+02
  0.19830289E+01 -0.26954362E+02
  0.19941525E+01 -0.26954546E+02
  0.20052762E+01 -0.26954739E+02
  0.20163999E+01 -0.26954941E+02
  0.20275235E+01 -0.26955153E+02
  0.20386472E+01 -0.26955373E+02
  0.20497709E+01 -0.26955601E+02
  0.20608946E+01 -0.26955838E+02
  0.20720182E+01 -0.26956083E+02
  0.20831419E+01 -0.26956335E+02
  0.20942656E+01 -0.26956594E+02
  0.21053892E+01 -0.26956860E+02
  0.21165129E+01 -0.26957133E+02
  0.21276366E+01 -0.26957412E+02
  0.21387602E+01 -0.26957696E+02
  0.21498839E+01 -0.26957986E+02
  0.21610076E+01 -0.26958281E+02
  0.21721313E+01 -0.26958579E+02
  0.21832549E+01 -0.26958882E+02
  0.21943786E+01 -0.26959188E+02
  0.22055023E+01 -0.26959498E+02
  0.22166259E+01 -0.26959809E+02
  0.22277496E+01 -0.26960123E+02
  0.22388733E+01 -0.26960438E+02
  0.22499970E+01 -0.26960754E+02
  0.22611206E+01 -0.26961071E+02
  0.22722443E+01 -0.26961388E+02
  0.22833680E+01 -0.26961704E+02
  0.22944916E+01 -0.26962018E+02
  0.23056153E+01 -0.26962332E+02
  0.23167390E+01 -0.26962643E+02
  0.23278626E+01 -0.26962951E+02
  0.23389863E+01 -0.26963257E+02
  0.23501100E+01 -0.26963558E+02
  0.23612337E+01 -0.26963856E+02
  0.23723573E+01 -0.26964149E+02
  0.23834810E+01 -0.26964436E+02
  0.23946047E+01 -0.26964718E+02
  0.24057283E+01 -0.26964994E+02
  0.24168520E+01 -0.26965263E+02
  0.24279757E+01 -0.26965525E+02
  0.24390993E+01 -0.26965779E+02
  0.24502230E+01 -0.26966026E+02
  0.24613467E+01 -0.26966264E+02
  0.24724704E+01 -0.26966493E+02
  0.24835940E+01 -0.26966713E+02
  0.24947177E+01 -0.26966923E+02
  0.25058414E+01 -0.26967123E+02
  0.25169650E+01 -0.26967313E+02
  0.25280887E+01 -0.26967493E+02
  0.25392124E+01 -0.26967661E+02
  0.25503361E+01 -0.26967818E+02
  0.25614597E+01 -0.26967964E+02
  0.25725834E+01 -0.26968098E+02
  0.25837071E+01 -0.26968219E+02
  0.25948307E+01 -0.26968329E+02
  0.26059544E+01 -0.26968426E+02
  0.26170781E+01 -0.26968511E+02
  0.26282017E+01 -0.26968582E+02
  0.26393254E+01 -0.26968641E+02
  0.26504491E+01 -0.26968687E+02
  0.26615728E+01 -0.26968720E+02
  0.26726964E+01 -0.26968740E+02
  0.26838201E+01 -0.26968746E+02
  0.26948861E+01 -0.26968741E+02
  0.27059520E+01 -0.26968724E+02
  0.27170180E+01 -0.26968696E+02
  0.27280839E+01 -0.26968657E+02
  0.27391499E+01 -0.26968607E+02
  0.27502159E+01 -0.26968546E+02
  0.27612818E+01 -0.26968474E+02
  0.27723478E+01 -0.26968391E+02
  0.27834137E+01 -0.26968298E+02
  0.27944797E+01 -0.26968193E+02
  0.28055457E+01 -0.26968079E+02
  0.28166116E+01 -0.26967954E+02
  0.28276776E+01 -0.26967819E+02
  0.28387435E+01 -0.26967674E+02
  0.28498095E+01 -0.26967520E+02
  0.28608755E+01 -0.26967355E+02
  0.28719414E+01 -0.26967182E+02
  0.28830074E+01 -0.26966999E+02
  0.28940733E+01 -0.26966808E+02
  0.29051393E+01 -0.26966608E+02
  0.29162053E+01 -0.26966399E+02
  0.29272712E+01 -0.26966183E+02
  0.29383372E+01 -0.26965959E+02
  0.29494031E+01 -0.26965727E+02
  0.29604691E+01 -0.26965488E+02
  0.29715351E+01 -0.26965243E+02
  0.29826010E+01 -0.26964991E+02
  0.29936670E+01 -0.26964732E+02
  0.30047329E+01 -0.26964468E+02
  0.30157989E+01 -0.26964199E+02
  0.30268649E+01 -0.26963924E+02
  0.30379308E+01 -0.26963644E+02
  0.30489968E+01 -0.26963361E+02
  0.30600627E+01 -0.26963073E+02
  0.30711287E+01 -0.26962782E+02
  0.30821947E+01 -0.26962487E+02
  0.30932606E+01 -0.26962190E+02
  0.31043266E+01 -0.26961890E+02
  0.31153925E+01 -0.26961588E+02
  0.31264585E+01 -0.26961285E+02
  0.31375245E+01 -0.26960980E+02
  0.31485904E+01 -0.26960674E+02
  0.31596564E+01 -0.26960369E+02
  0.31707223E+01 -0.26960063E+02
  0.31817883E+01 -0.26959757E+02
  0.31928543E+01 -0.26959453E+02
  0.32039202E+01 -0.26959150E+02
  0.32149862E+01 -0.26958848E+02
  0.32260521E+01 -0.26958548E+02
  0.32371181E+01 -0.26958251E+02
  0.32481841E+01 -0.26957957E+02
  0.32592500E+01 -0.26957665E+02
  0.32703160E+01 -0.26957378E+02
  0.32813819E+01 -0.26957094E+02
  0.32924479E+01 -0.26956815E+02
  0.33035139E+01 -0.26956540E+02
  0.33145798E+01 -0.26956271E+02
  0.33256458E+01 -0.26956007E+02
  0.33367117E+01 -0.26955748E+02
  0.33477777E+01 -0.26955496E+02
  0.33588437E+01 -0.26955250E+02
  0.33699096E+01 -0.26955011E+02
  0.33809756E+01 -0.26954779E+02
  0.33920415E+01 -0.26954554E+02
  0.34031075E+01 -0.26954336E+02
  0.34141735E+01 -0.26954127E+02
  0.34252394E+01 -0.26953925E+02
  0.34363054E+01 -0.26953732E+02
  0.34473713E+01 -0.26953548E+02
  0.34584373E+01 -0.26953372E+02
  0.34695033E+01 -0.26953205E+02
  0.34805692E+01 -0.26953048E+02
  0.34916352E+01 -0.26952900E+02
  0.35027011E+01 -0.26952761E+02
  0.35137671E+01 -0.26952632E+02
  0.35248331E+01 -0.26952513E+02
  0.35358990E+01 -0.26952403E+02
  0.35469650E+01 -0.26952304E+02
  0.35580309E+01 -0.26952215E+02
  0.35690969E+01 -0.26952136E+02
  0.35801629E+01 -0.26952068E+02
  0.35912288E+01 -0.26952010E+02
  0.36022948E+01 -0.26951962E+02
  0.36133607E+01 -0.26951925E+02
  0.36244267E+01 -0.26951899E+02
  0.36354927E+01 -0.26951883E+02
  0.36465586E+01 -0.26951877E+02
  0.36576301E+01 -0.26951879E+02
  0.36687015E+01 -0.26951883E+02
  0.36797730E+01 -0.26951890E+02
  0.36908444E+01 -0.26951900E+02
  0.37019158E+01 -0.26951913E+02
  0.37129873E+01 -0.26951929E+02
  0.37240587E+01 -0.26951947E+02
  0.37351302E+01 -0.26951968E+02
  0.37462016E+01 -0.26951992E+02
  0.37572731E+01 -0.26952018E+02
  0.37683445E+01 -0.26952047E+02
  0.37794160E+01 -0.26952079E+02
  0.37904874E+01 -0.26952113E+02
  0.38015589E+01 -0.26952149E+02
  0.38126303E+01 -0.26952188E+02
  0.38237018E+01 -0.26952229E+02
  0.38347732E+01 -0.26952272E+02
  0.38458447E+01 -0.26952317E+02
  0.38569161E+01 -0.26952364E+02
  0.38679875E+01 -0.26952413E+02
  0.38790590E+01 -0.26952464E+02
  0.38901304E+01 -0.26952517E+02
  0.39012019E+01 -0.26952571E+02
  0.39122733E+01 -0.26952627E+02
  0.39233448E+01 -0.26952685E+02
  0.39344162E+01 -0.26952743E+02
  0.39454877E+01 -0.26952803E+02
  0.39565591E+01 -0.26952863E+02
  0.39676306E+01 -0.26952925E+02
  0.39787020E+01 -0.26952988E+02
  0.39897735E+01 -0.26953051E+02
  0.40008449E+01 -0.26953115E+02
  0.40119163E+01 -0.26953179E+02
  0.40229878E+01 -0.26953243E+02
  0.40340592E+01 -0.26953308E+02
  0.40451307E+01 -0.26953373E+02
  0.40562021E+01 -0.26953438E+02
  0.40672736E+01 -0.26953502E+02
  0.40783450E+01 -0.26953566E+02
  0.40894165E+01 -0.26953630E+02
  0.41004879E+01 -0.26953693E+02
  0.41115594E+01 -0.26953756E+02
  0.41226308E+01 -0.26953818E+02
  0.41337023E+01 -0.26953879E+02
  0.41447737E+01 -0.26953938E+02
  0.41558452E+01 -0.26953997E+02
  0.41669166E+01 -0.26954054E+02
  0.41779880E+01 -0.26954110E+02
  0.41890595E+01 -0.26954165E+02
  0.42001309E+01 -0.26954217E+02
  0.42112024E+01 -0.26954269E+02
  0.42222738E+01 -0.26954318E+02
  0.42333453E+01 -0.26954365E+02
  0.42444167E+01 -0.26954411E+02
  0.42554882E+01 -0.26954454E+02
  0.42665596E+01 -0.26954495E+02
  0.42776311E+01 -0.26954534E+02
  0.42887025E+01 -0.26954570E+02
  0.42997740E+01 -0.26954604E+02
  0.43108454E+01 -0.26954636E+02
  0.43219169E+01 -0.26954665E+02
  0.43329883E+01 -0.26954692E+02
  0.43440597E+01 -0.26954716E+02
  0.43551312E+01 -0.26954737E+02
  0.43662026E+01 -0.26954755E+02
  0.43772741E+01 -0.26954771E+02
  0.43883455E+01 -0.26954784E+02
  0.43994170E+01 -0.26954794E+02
  0.44104884E+01 -0.26954801E+02
  0.44215599E+01 -0.26954805E+02
  0.44326313E+01 -0.26954807E+02
  0.44437481E+01 -0.26954789E+02
  0.44548648E+01 -0.26954780E+02
  0.44659816E+01 -0.26954778E+02
  0.44770983E+01 -0.26954785E+02
  0.44882151E+01 -0.26954799E+02
  0.44993318E+01 -0.26954820E+02
  0.45104485E+01 -0.26954850E+02
  0.45215653E+01 -0.26954886E+02
  0.45326820E+01 -0.26954930E+02
  0.45437988E+01 -0.26954980E+02
  0.45549155E+01 -0.26955037E+02
  0.45660323E+01 -0.26955100E+02
  0.45771490E+01 -0.26955170E+02
  0.45882658E+01 -0.26955245E+02
  0.45993825E+01 -0.26955325E+02
  0.46104993E+01 -0.26955411E+02
  0.46216160E+01 -0.26955501E+02
  0.46327328E+01 -0.26955595E+02
  0.46438495E+01 -0.26955692E+02
  0.46549663E+01 -0.26955794E+02
  0.46660830E+01 -0.26955897E+02
  0.46771997E+01 -0.26956004E+02
  0.46883165E+01 -0.26956112E+02
  0.46994332E+01 -0.26956222E+02
  0.47105500E+01 -0.26956332E+02
  0.47216667E+01 -0.26956443E+02
  0.47327835E+01 -0.26956554E+02
  0.47439002E+01 -0.26956665E+02
  0.47550170E+01 -0.26956774E+02
  0.47661337E+01 -0.26956883E+02
  0.47772505E+01 -0.26956989E+02
  0.47883672E+01 -0.26957093E+02
  0.47994840E+01 -0.26957194E+02
  0.48106007E+01 -0.26957292E+02
  0.48217175E+01 -0.26957386E+02
  0.48328342E+01 -0.26957476E+02
  0.48439510E+01 -0.26957562E+02
  0.48550677E+01 -0.26957643E+02
  0.48661844E+01 -0.26957718E+02
  0.48773012E+01 -0.26957789E+02
  0.48884179E+01 -0.26957853E+02
  0.48995347E+01 -0.26957912E+02
  0.49106514E+01 -0.26957964E+02
  0.49217682E+01 -0.26958010E+02
  0.49328849E+01 -0.26958049E+02
  0.49440017E+01 -0.26958081E+02
  0.49551184E+01 -0.26958106E+02
  0.49662352E+01 -0.26958124E+02
  0.49773519E+01 -0.26958135E+02
  0.49884687E+01 -0.26958138E+02
  
  0.00000000E+00 -0.26968746E+02
  0.11116747E-01 -0.26968740E+02
  0.22233494E-01 -0.26968720E+02
  0.33350240E-01 -0.26968687E+02
  0.44466987E-01 -0.26968642E+02
  0.55583734E-01 -0.26968583E+02
  0.66700481E-01 -0.26968512E+02
  0.77817228E-01 -0.26968428E+02
  0.88933975E-01 -0.26968332E+02
  0.10005072E+00 -0.26968224E+02
  0.11116747E+00 -0.26968104E+02
  0.12228422E+00 -0.26967973E+02
  0.13340096E+00 -0.26967831E+02
  0.14451771E+00 -0.26967678E+02
  0.15563446E+00 -0.26967515E+02
  0.16675120E+00 -0.26967342E+02
  0.17786795E+00 -0.26967160E+02
  0.18898470E+00 -0.26966969E+02
  0.20010144E+00 -0.26966770E+02
  0.21121819E+00 -0.26966562E+02
  0.22233494E+00 -0.26966348E+02
  0.23345168E+00 -0.26966127E+02
  0.24456843E+00 -0.26965900E+02
  0.25568518E+00 -0.26965667E+02
  0.26680192E+00 -0.26965430E+02
  0.27791867E+00 -0.26965188E+02
  0.28903542E+00 -0.26964943E+02
  0.30015216E+00 -0.26964694E+02
  0.31126891E+00 -0.26964443E+02
  0.32238566E+00 -0.26964190E+02
  0.33350240E+00 -0.26963936E+02
  0.34461915E+00 -0.26963681E+02
  0.35573590E+00 -0.26963426E+02
  0.36685265E+00 -0.26963172E+02
  0.37796939E+00 -0.26962919E+02
  0.38908614E+00 -0.26962667E+02
  0.40020289E+00 -0.26962418E+02
  0.41131963E+00 -0.26962172E+02
  0.42243638E+00 -0.26961929E+02
  0.43355313E+00 -0.26961690E+02
  0.44466987E+00 -0.26961455E+02
  0.45578662E+00 -0.26961225E+02
  0.46690337E+00 -0.26961000E+02
  0.47802011E+00 -0.26960781E+02
  0.48913686E+00 -0.26960568E+02
  0.50025361E+00 -0.26960361E+02
  0.51137035E+00 -0.26960161E+02
  0.52248710E+00 -0.26959968E+02
  0.53360385E+00 -0.26959782E+02
  0.54472059E+00 -0.26959604E+02
  0.55583734E+00 -0.26959433E+02
  0.56695409E+00 -0.26959270E+02
  0.57807084E+00 -0.26959116E+02
  0.58918758E+00 -0.26958969E+02
  0.60030433E+00 -0.26958831E+02
  0.61142108E+00 -0.26958701E+02
  0.62253782E+00 -0.26958580E+02
  0.63365457E+00 -0.26958467E+02
  0.64477132E+00 -0.26958362E+02
  0.65588806E+00 -0.26958265E+02
  0.66700481E+00 -0.26958177E+02
  0.67812156E+00 -0.26958096E+02
  0.68923830E+00 -0.26958024E+02
  0.70035505E+00 -0.26957959E+02
  0.71147180E+00 -0.26957902E+02
  0.72258854E+00 -0.26957851E+02
  0.73370529E+00 -0.26957808E+02
  0.74482204E+00 -0.26957772E+02
  0.75593878E+00 -0.26957742E+02
  0.76705553E+00 -0.26957718E+02
  0.77817228E+00 -0.26957701E+02
  0.78928902E+00 -0.26957688E+02
  0.80040577E+00 -0.26957681E+02
  0.81152252E+00 -0.26957679E+02
  0.82263927E+00 -0.26957681E+02
  0.83375601E+00 -0.26957687E+02
  0.84487276E+00 -0.26957697E+02
  0.85598951E+00 -0.26957710E+02
  0.86710625E+00 -0.26957727E+02
  0.87822300E+00 -0.26957745E+02
  0.88933975E+00 -0.26957766E+02
  0.90045649E+00 -0.26957789E+02
  0.91157324E+00 -0.26957813E+02
  0.92268999E+00 -0.26957838E+02
  0.93380673E+00 -0.26957864E+02
  0.94492348E+00 -0.26957890E+02
  0.95604023E+00 -0.26957916E+02
  0.96715697E+00 -0.26957942E+02
  0.97827372E+00 -0.26957968E+02
  0.98939047E+00 -0.26957992E+02
  0.10005072E+01 -0.26958015E+02
  0.10116240E+01 -0.26958037E+02
  0.10227407E+01 -0.26958057E+02
  0.10338575E+01 -0.26958075E+02
  0.10449742E+01 -0.26958092E+02
  0.10560909E+01 -0.26958106E+02
  0.10672077E+01 -0.26958117E+02
  0.10783244E+01 -0.26958126E+02
  0.10894412E+01 -0.26958133E+02
  0.11005579E+01 -0.26958137E+02
  0.11116747E+01 -0.26958138E+02
  0.11229043E+01 -0.26958133E+02
  0.11341339E+01 -0.26958118E+02
  0.11453635E+01 -0.26958092E+02
  0.11565931E+01 -0.26958057E+02
  0.11678227E+01 -0.26958011E+02
  0.11790523E+01 -0.26957955E+02
  0.11902820E+01 -0.26957890E+02
  0.12015116E+01 -0.26957815E+02
  0.12127412E+01 -0.26957730E+02
  0.12239708E+01 -0.26957636E+02
  0.12352004E+01 -0.26957533E+02
  0.12464300E+01 -0.26957422E+02
  0.12576596E+01 -0.26957302E+02
  0.12688892E+01 -0.26957173E+02
  0.12801188E+01 -0.26957037E+02
  0.12913484E+01 -0.26956893E+02
  0.13025781E+01 -0.26956742E+02
  0.13138077E+01 -0.26956584E+02
  0.13250373E+01 -0.26956419E+02
  0.13362669E+01 -0.26956249E+02
  0.13474965E+01 -0.26956073E+02
  0.13587261E+01 -0.26955891E+02
  0.13699557E+01 -0.26955705E+02
  0.13811853E+01 -0.26955515E+02
  0.13924149E+01 -0.26955321E+02
  0.14036445E+01 -0.26955123E+02
  0.14148742E+01 -0.26954922E+02
  0.14261038E+01 -0.26954720E+02
  0.14373334E+01 -0.26954515E+02
  0.14485630E+01 -0.26954309E+02
  0.14597926E+01 -0.26954102E+02
  0.14710222E+01 -0.26953895E+02
  0.14822518E+01 -0.26953689E+02
  0.14934814E+01 -0.26953483E+02
  0.15047110E+01 -0.26953278E+02
  0.15047110E+01 -0.26953278E+02
  0.15158347E+01 -0.26953078E+02
  0.15269584E+01 -0.26952879E+02
  0.15380820E+01 -0.26952684E+02
  0.15492057E+01 -0.26952492E+02
  0.15603294E+01 -0.26952303E+02
  0.15714531E+01 -0.26952120E+02
  0.15825767E+01 -0.26951941E+02
  0.15937004E+01 -0.26951768E+02
  0.16048241E+01 -0.26951600E+02
  0.16159477E+01 -0.26951439E+02
  0.16270714E+01 -0.26951285E+02
  0.16381951E+01 -0.26951138E+02
  0.16493188E+01 -0.26950999E+02
  0.16604424E+01 -0.26950868E+02
  0.16715661E+01 -0.26950745E+02
  0.16826898E+01 -0.26950632E+02
  0.16938134E+01 -0.26950528E+02
  0.17049371E+01 -0.26950434E+02
  0.17160608E+01 -0.26950349E+02
  0.17271844E+01 -0.26950275E+02
  0.17383081E+01 -0.26950212E+02
  0.17494318E+01 -0.26950160E+02
  0.17605555E+01 -0.26950119E+02
  0.17716791E+01 -0.26950090E+02
  0.17828028E+01 -0.26950072E+02
  0.17939265E+01 -0.26950067E+02
  0.18050501E+01 -0.26950073E+02
  0.18161738E+01 -0.26950092E+02
  0.18272975E+01 -0.26950123E+02
  0.18384211E+01 -0.26950167E+02
  0.18495448E+01 -0.26950224E+02
  0.18606685E+01 -0.26950293E+02
  0.18717922E+01 -0.26950375E+02
  0.18829158E+01 -0.26950469E+02
  0.18940395E+01 -0.26950576E+02
  0.19051632E+01 -0.26950696E+02
  0.19162868E+01 -0.26950829E+02
  0.19274105E+01 -0.26950974E+02
  0.19385342E+01 -0.26951132E+02
  0.19496579E+01 -0.26951302E+02
  0.19607815E+01 -0.26951484E+02
  0.19719052E+01 -0.26951678E+02
  0.19830289E+01 -0.26951884E+02
  0.19941525E+01 -0.26952101E+02
  0.20052762E+01 -0.26952329E+02
  0.20163999E+01 -0.26952569E+02
  0.20275235E+01 -0.26952819E+02
  0.20386472E+01 -0.26953079E+02
  0.20497709E+01 -0.26953349E+02
  0.20608946E+01 -0.26953630E+02
  0.20720182E+01 -0.26953919E+02
  0.20831419E+01 -0.26954217E+02
  0.20942656E+01 -0.26954523E+02
  0.21053892E+01 -0.26954838E+02
  0.21165129E+01 -0.26955160E+02
  0.21276366E+01 -0.26955489E+02
  0.21387602E+01 -0.26955824E+02
  0.21498839E+01 -0.26956166E+02
  0.21610076E+01 -0.26956513E+02
  0.21721313E+01 -0.26956865E+02
  0.21832549E+01 -0.26957221E+02
  0.21943786E+01 -0.26957581E+02
  0.22055023E+01 -0.26957945E+02
  0.22166259E+01 -0.26958311E+02
  0.22277496E+01 -0.26958680E+02
  0.22388733E+01 -0.26959050E+02
  0.22499970E+01 -0.26959421E+02
  0.22611206E+01 -0.26959792E+02
  0.22722443E+01 -0.26960163E+02
  0.22833680E+01 -0.26960533E+02
  0.22944916E+01 -0.26960902E+02
  0.23056153E+01 -0.26961269E+02
  0.23167390E+01 -0.26961633E+02
  0.23278626E+01 -0.26961993E+02
  0.23389863E+01 -0.26962350E+02
  0.23501100E+01 -0.26962703E+02
  0.23612337E+01 -0.26963050E+02
  0.23723573E+01 -0.26963392E+02
  0.23834810E+01 -0.26963728E+02
  0.23946047E+01 -0.26964057E+02
  0.24057283E+01 -0.26964378E+02
  0.24168520E+01 -0.26964692E+02
  0.24279757E+01 -0.26964997E+02
  0.24390993E+01 -0.26965294E+02
  0.24502230E+01 -0.26965581E+02
  0.24613467E+01 -0.26965858E+02
  0.24724704E+01 -0.26966125E+02
  0.24835940E+01 -0.26966381E+02
  0.24947177E+01 -0.26966626E+02
  0.25058414E+01 -0.26966859E+02
  0.25169650E+01 -0.26967080E+02
  0.25280887E+01 -0.26967289E+02
  0.25392124E+01 -0.26967485E+02
  0.25503361E+01 -0.26967668E+02
  0.25614597E+01 -0.26967837E+02
  0.25725834E+01 -0.26967992E+02
  0.25837071E+01 -0.26968134E+02
  0.25948307E+01 -0.26968261E+02
  0.26059544E+01 -0.26968374E+02
  0.26170781E+01 -0.26968472E+02
  0.26282017E+01 -0.26968556E+02
  0.26393254E+01 -0.26968624E+02
  0.26504491E+01 -0.26968678E+02
  0.26615728E+01 -0.26968716E+02
  0.26726964E+01 -0.26968739E+02
  0.26838201E+01 -0.26968746E+02
  0.26948861E+01 -0.26968738E+02
  0.27059520E+01 -0.26968714E+02
  0.27170180E+01 -0.26968674E+02
  0.27280839E+01 -0.26968618E+02
  0.27391499E+01 -0.26968546E+02
  0.27502159E+01 -0.26968458E+02
  0.27612818E+01 -0.26968355E+02
  0.27723478E+01 -0.26968236E+02
  0.27834137E+01 -0.26968102E+02
  0.27944797E+01 -0.26967952E+02
  0.28055457E+01 -0.26967787E+02
  0.28166116E+01 -0.26967608E+02
  0.28276776E+01 -0.26967414E+02
  0.28387435E+01 -0.26967205E+02
  0.28498095E+01 -0.26966983E+02
  0.28608755E+01 -0.26966747E+02
  0.28719414E+01 -0.26966497E+02
  0.28830074E+01 -0.26966235E+02
  0.28940733E+01 -0.26965959E+02
  0.29051393E+01 -0.26965671E+02
  0.29162053E+01 -0.26965371E+02
  0.29272712E+01 -0.26965059E+02
  0.29383372E+01 -0.26964737E+02
  0.29494031E+01 -0.26964403E+02
  0.29604691E+01 -0.26964059E+02
  0.29715351E+01 -0.26963705E+02
  0.29826010E+01 -0.26963341E+02
  0.29936670E+01 -0.26962968E+02
  0.30047329E+01 -0.26962587E+02
  0.30157989E+01 -0.26962198E+02
  0.30268649E+01 -0.26961802E+02
  0.30379308E+01 -0.26961398E+02
  0.30489968E+01 -0.26960988E+02
  0.30600627E+01 -0.26960572E+02
  0.30711287E+01 -0.26960150E+02
  0.30821947E+01 -0.26959724E+02
  0.30932606E+01 -0.26959293E+02
  0.31043266E+01 -0.26958859E+02
  0.31153925E+01 -0.26958421E+02
  0.31264585E+01 -0.26957981E+02
  0.31375245E+01 -0.26957539E+02
  0.31485904E+01 -0.26957095E+02
  0.31596564E+01 -0.26956651E+02
  0.31707223E+01 -0.26956206E+02
  0.31817883E+01 -0.26955761E+02
  0.31928543E+01 -0.26955318E+02
  0.32039202E+01 -0.26954876E+02
  0.32149862E+01 -0.26954436E+02
  0.32260521E+01 -0.26953998E+02
  0.32371181E+01 -0.26953564E+02
  0.32481841E+01 -0.26953133E+02
  0.32592500E+01 -0.26952707E+02
  0.32703160E+01 -0.26952285E+02
  0.32813819E+01 -0.26951869E+02
  0.32924479E+01 -0.26951459E+02
  0.33035139E+01 -0.26951055E+02
  0.33145798E+01 -0.26950659E+02
  0.33256458E+01 -0.26950269E+02
  0.33367117E+01 -0.26949888E+02
  0.33477777E+01 -0.26949516E+02
  0.33588437E+01 -0.26949152E+02
  0.33699096E+01 -0.26948798E+02
  0.33809756E+01 -0.26948454E+02
  0.33920415E+01 -0.26948120E+02
  0.34031075E+01 -0.26947797E+02
  0.34141735E+01 -0.26947486E+02
  0.34252394E+01 -0.26947186E+02
  0.34363054E+01 -0.26946898E+02
  0.34473713E+01 -0.26946622E+02
  0.34584373E+01 -0.26946359E+02
  0.34695033E+01 -0.26946110E+02
  0.34805692E+01 -0.26945874E+02
  0.34916352E+01 -0.26945651E+02
  0.35027011E+01 -0.26945443E+02
  0.35137671E+01 -0.26945249E+02
  0.35248331E+01 -0.26945069E+02
  0.35358990E+01 -0.26944905E+02
  0.35469650E+01 -0.26944755E+02
  0.35580309E+01 -0.26944621E+02
  0.35690969E+01 -0.26944502E+02
  0.35801629E+01 -0.26944398E+02
  0.35912288E+01 -0.26944311E+02
  0.36022948E+01 -0.26944239E+02
  0.36133607E+01 -0.26944183E+02
  0.36244267E+01 -0.26944143E+02
  0.36354927E+01 -0.26944118E+02
  0.36465586E+01 -0.26944110E+02
  0.36576301E+01 -0.26944115E+02
  0.36687015E+01 -0.26944128E+02
  0.36797730E+01 -0.26944149E+02
  0.36908444E+01 -0.26944179E+02
  0.37019158E+01 -0.26944218E+02
  0.37129873E+01 -0.26944265E+02
  0.37240587E+01 -0.26944320E+02
  0.37351302E+01 -0.26944384E+02
  0.37462016E+01 -0.26944455E+02
  0.37572731E+01 -0.26944535E+02
  0.37683445E+01 -0.26944623E+02
  0.37794160E+01 -0.26944718E+02
  0.37904874E+01 -0.26944821E+02
  0.38015589E+01 -0.26944931E+02
  0.38126303E+01 -0.26945049E+02
  0.38237018E+01 -0.26945173E+02
  0.38347732E+01 -0.26945305E+02
  0.38458447E+01 -0.26945443E+02
  0.38569161E+01 -0.26945587E+02
  0.38679875E+01 -0.26945737E+02
  0.38790590E+01 -0.26945893E+02
  0.38901304E+01 -0.26946054E+02
  0.39012019E+01 -0.26946221E+02
  0.39122733E+01 -0.26946393E+02
  0.39233448E+01 -0.26946569E+02
  0.39344162E+01 -0.26946750E+02
  0.39454877E+01 -0.26946935E+02
  0.39565591E+01 -0.26947123E+02
  0.39676306E+01 -0.26947315E+02
  0.39787020E+01 -0.26947511E+02
  0.39897735E+01 -0.26947709E+02
  0.40008449E+01 -0.26947909E+02
  0.40119163E+01 -0.26948112E+02
  0.40229878E+01 -0.26948316E+02
  0.40340592E+01 -0.26948522E+02
  0.40451307E+01 -0.26948729E+02
  0.40562021E+01 -0.26948937E+02
  0.40672736E+01 -0.26949145E+02
  0.40783450E+01 -0.26949353E+02
  0.40894165E+01 -0.26949561E+02
  0.41004879E+01 -0.26949769E+02
  0.41115594E+01 -0.26949975E+02
  0.41226308E+01 -0.26950181E+02
  0.41337023E+01 -0.26950385E+02
  0.41447737E+01 -0.26950587E+02
  0.41558452E+01 -0.26950787E+02
  0.41669166E+01 -0.26950985E+02
  0.41779880E+01 -0.26951179E+02
  0.41890595E+01 -0.26951371E+02
  0.42001309E+01 -0.26951560E+02
  0.42112024E+01 -0.26951744E+02
  0.42222738E+01 -0.26951925E+02
  0.42333453E+01 -0.26952102E+02
  0.42444167E+01 -0.26952274E+02
  0.42554882E+01 -0.26952442E+02
  0.42665596E+01 -0.26952604E+02
  0.42776311E+01 -0.26952761E+02
  0.42887025E+01 -0.26952913E+02
  0.42997740E+01 -0.26953059E+02
  0.43108454E+01 -0.26953199E+02
  0.43219169E+01 -0.26953332E+02
  0.43329883E+01 -0.26953458E+02
  0.43440597E+01 -0.26953577E+02
  0.43551312E+01 -0.26953689E+02
  0.43662026E+01 -0.26953791E+02
  0.43772741E+01 -0.26953883E+02
  0.43883455E+01 -0.26953965E+02
  0.43994170E+01 -0.26954033E+02
  0.44104884E+01 -0.26954085E+02
  0.44215599E+01 -0.26954118E+02
  0.44326313E+01 -0.26954129E+02
  0.44437481E+01 -0.26954133E+02
  0.44548648E+01 -0.26954145E+02
  0.44659816E+01 -0.26954165E+02
  0.44770983E+01 -0.26954192E+02
  0.44882151E+01 -0.26954227E+02
  0.44993318E+01 -0.26954270E+02
  0.45104485E+01 -0.26954320E+02
  0.45215653E+01 -0.26954377E+02
  0.45326820E+01 -0.26954441E+02
  0.45437988E+01 -0.26954512E+02
  0.45549155E+01 -0.26954589E+02
  0.45660323E+01 -0.26954672E+02
  0.45771490E+01 -0.26954761E+02
  0.45882658E+01 -0.26954856E+02
  0.45993825E+01 -0.26954955E+02
  0.46104993E+01 -0.26955060E+02
  0.46216160E+01 -0.26955168E+02
  0.46327328E+01 -0.26955280E+02
  0.46438495E+01 -0.26955396E+02
  0.46549663E+01 -0.26955514E+02
  0.46660830E+01 -0.26955635E+02
  0.46771997E+01 -0.26955758E+02
  0.46883165E+01 -0.26955883E+02
  0.46994332E+01 -0.26956008E+02
  0.47105500E+01 -0.26956134E+02
  0.47216667E+01 -0.26956260E+02
  0.47327835E+01 -0.26956385E+02
  0.47439002E+01 -0.26956509E+02
  0.47550170E+01 -0.26956632E+02
  0.47661337E+01 -0.26956753E+02
  0.47772505E+01 -0.26956872E+02
  0.47883672E+01 -0.26956987E+02
  0.47994840E+01 -0.26957100E+02
  0.48106007E+01 -0.26957208E+02
  0.48217175E+01 -0.26957312E+02
  0.48328342E+01 -0.26957412E+02
  0.48439510E+01 -0.26957506E+02
  0.48550677E+01 -0.26957595E+02
  0.48661844E+01 -0.26957678E+02
  0.48773012E+01 -0.26957756E+02
  0.48884179E+01 -0.26957826E+02
  0.48995347E+01 -0.26957890E+02
  0.49106514E+01 -0.26957948E+02
  0.49217682E+01 -0.26957998E+02
  0.49328849E+01 -0.26958040E+02
  0.49440017E+01 -0.26958075E+02
  0.49551184E+01 -0.26958103E+02
  0.49662352E+01 -0.26958123E+02
  0.49773519E+01 -0.26958134E+02
  0.49884687E+01 -0.26958138E+02
  
  0.00000000E+00 -0.26946408E+02
  0.11116747E-01 -0.26946408E+02
  0.22233494E-01 -0.26946407E+02
  0.33350240E-01 -0.26946404E+02
  0.44466987E-01 -0.26946402E+02
  0.55583734E-01 -0.26946398E+02
  0.66700481E-01 -0.26946394E+02
  0.77817228E-01 -0.26946389E+02
  0.88933975E-01 -0.26946383E+02
  0.10005072E+00 -0.26946376E+02
  0.11116747E+00 -0.26946369E+02
  0.12228422E+00 -0.26946362E+02
  0.13340096E+00 -0.26946354E+02
  0.14451771E+00 -0.26946345E+02
  0.15563446E+00 -0.26946336E+02
  0.16675120E+00 -0.26946326E+02
  0.17786795E+00 -0.26946316E+02
  0.18898470E+00 -0.26946306E+02
  0.20010144E+00 -0.26946296E+02
  0.21121819E+00 -0.26946285E+02
  0.22233494E+00 -0.26946275E+02
  0.23345168E+00 -0.26946264E+02
  0.24456843E+00 -0.26946254E+02
  0.25568518E+00 -0.26946243E+02
  0.26680192E+00 -0.26946233E+02
  0.27791867E+00 -0.26946223E+02
  0.28903542E+00 -0.26946213E+02
  0.30015216E+00 -0.26946204E+02
  0.31126891E+00 -0.26946195E+02
  0.32238566E+00 -0.26946187E+02
  0.33350240E+00 -0.26946179E+02
  0.34461915E+00 -0.26946172E+02
  0.35573590E+00 -0.26946166E+02
  0.36685265E+00 -0.26946161E+02
  0.37796939E+00 -0.26946156E+02
  0.38908614E+00 -0.26946152E+02
  0.40020289E+00 -0.26946150E+02
  0.41131963E+00 -0.26946148E+02
  0.42243638E+00 -0.26946147E+02
  0.43355313E+00 -0.26946148E+02
  0.44466987E+00 -0.26946149E+02
  0.45578662E+00 -0.26946152E+02
  0.46690337E+00 -0.26946156E+02
  0.47802011E+00 -0.26946161E+02
  0.48913686E+00 -0.26946168E+02
  0.50025361E+00 -0.26946176E+02
  0.51137035E+00 -0.26946185E+02
  0.52248710E+00 -0.26946195E+02
  0.53360385E+00 -0.26946207E+02
  0.54472059E+00 -0.26946220E+02
  0.55583734E+00 -0.26946234E+02
  0.56695409E+00 -0.26946249E+02
  0.57807084E+00 -0.26946266E+02
  0.58918758E+00 -0.26946284E+02
  0.60030433E+00 -0.26946303E+02
  0.61142108E+00 -0.26946324E+02
  0.62253782E+00 -0.26946345E+02
  0.63365457E+00 -0.26946368E+02
  0.64477132E+00 -0.26946392E+02
  0.65588806E+00 -0.26946416E+02
  0.66700481E+00 -0.26946442E+02
  0.67812156E+00 -0.26946469E+02
  0.68923830E+00 -0.26946496E+02
  0.70035505E+00 -0.26946524E+02
  0.71147180E+00 -0.26946553E+02
  0.72258854E+00 -0.26946582E+02
  0.73370529E+00 -0.26946612E+02
  0.74482204E+00 -0.26946643E+02
  0.75593878E+00 -0.26946674E+02
  0.76705553E+00 -0.26946705E+02
  0.77817228E+00 -0.26946736E+02
  0.78928902E+00 -0.26946768E+02
  0.80040577E+00 -0.26946799E+02
  0.81152252E+00 -0.26946830E+02
  0.82263927E+00 -0.26946862E+02
  0.83375601E+00 -0.26946893E+02
  0.84487276E+00 -0.26946923E+02
  0.85598951E+00 -0.26946954E+02
  0.86710625E+00 -0.26946983E+02
  0.87822300E+00 -0.26947013E+02
  0.88933975E+00 -0.26947041E+02
  0.90045649E+00 -0.26947069E+02
  0.91157324E+00 -0.26947096E+02
  0.92268999E+00 -0.26947122E+02
  0.93380673E+00 -0.26947146E+02
  0.94492348E+00 -0.26947170E+02
  0.95604023E+00 -0.26947193E+02
  0.96715697E+00 -0.26947214E+02
  0.97827372E+00 -0.26947234E+02
  0.98939047E+00 -0.26947253E+02
  0.10005072E+01 -0.26947270E+02
  0.10116240E+01 -0.26947286E+02
  0.10227407E+01 -0.26947301E+02
  0.10338575E+01 -0.26947313E+02
  0.10449742E+01 -0.26947324E+02
  0.10560909E+01 -0.26947334E+02
  0.10672077E+01 -0.26947342E+02
  0.10783244E+01 -0.26947348E+02
  0.10894412E+01 -0.26947352E+02
  0.11005579E+01 -0.26947355E+02
  0.11116747E+01 -0.26947355E+02
  0.11229043E+01 -0.26947353E+02
  0.11341339E+01 -0.26947346E+02
  0.11453635E+01 -0.26947334E+02
  0.11565931E+01 -0.26947317E+02
  0.11678227E+01 -0.26947295E+02
  0.11790523E+01 -0.26947269E+02
  0.11902820E+01 -0.26947238E+02
  0.12015116E+01 -0.26947202E+02
  0.12127412E+01 -0.26947162E+02
  0.12239708E+01 -0.26947117E+02
  0.12352004E+01 -0.26947068E+02
  0.12464300E+01 -0.26947014E+02
  0.12576596E+01 -0.26946956E+02
  0.12688892E+01 -0.26946895E+02
  0.12801188E+01 -0.26946829E+02
  0.12913484E+01 -0.26946759E+02
  0.13025781E+01 -0.26946685E+02
  0.13138077E+01 -0.26946608E+02
  0.13250373E+01 -0.26946527E+02
  0.13362669E+01 -0.26946443E+02
  0.13474965E+01 -0.26946355E+02
  0.13587261E+01 -0.26946264E+02
  0.13699557E+01 -0.26946171E+02
  0.13811853E+01 -0.26946075E+02
  0.13924149E+01 -0.26945976E+02
  0.14036445E+01 -0.26945875E+02
  0.14148742E+01 -0.26945771E+02
  0.14261038E+01 -0.26945666E+02
  0.14373334E+01 -0.26945558E+02
  0.14485630E+01 -0.26945449E+02
  0.14597926E+01 -0.26945339E+02
  0.14710222E+01 -0.26945227E+02
  0.14822518E+01 -0.26945114E+02
  0.14934814E+01 -0.26945001E+02
  0.15047110E+01 -0.26944887E+02
  0.15047110E+01 -0.26944887E+02
  0.15158347E+01 -0.26944773E+02
  0.15269584E+01 -0.26944659E+02
  0.15380820E+01 -0.26944546E+02
  0.15492057E+01 -0.26944432E+02
  0.15603294E+01 -0.26944320E+02
  0.15714531E+01 -0.26944207E+02
  0.15825767E+01 -0.26944096E+02
  0.15937004E+01 -0.26943986E+02
  0.16048241E+01 -0.26943877E+02
  0.16159477E+01 -0.26943770E+02
  0.16270714E+01 -0.26943665E+02
  0.16381951E+01 -0.26943561E+02
  0.16493188E+01 -0.26943460E+02
  0.16604424E+01 -0.26943361E+02
  0.16715661E+01 -0.26943265E+02
  0.16826898E+01 -0.26943172E+02
  0.16938134E+01 -0.26943081E+02
  0.17049371E+01 -0.26942994E+02
  0.17160608E+01 -0.26942910E+02
  0.17271844E+01 -0.26942830E+02
  0.17383081E+01 -0.26942754E+02
  0.17494318E+01 -0.26942681E+02
  0.17605555E+01 -0.26942613E+02
  0.17716791E+01 -0.26942548E+02
  0.17828028E+01 -0.26942488E+02
  0.17939265E+01 -0.26942432E+02
  0.18050501E+01 -0.26942381E+02
  0.18161738E+01 -0.26942334E+02
  0.18272975E+01 -0.26942292E+02
  0.18384211E+01 -0.26942255E+02
  0.18495448E+01 -0.26942223E+02
  0.18606685E+01 -0.26942195E+02
  0.18717922E+01 -0.26942172E+02
  0.18829158E+01 -0.26942188E+02
  0.18940395E+01 -0.26942282E+02
  0.19051632E+01 -0.26942375E+02
  0.19162868E+01 -0.26942469E+02
  0.19274105E+01 -0.26942562E+02
  0.19385342E+01 -0.26942655E+02
  0.19496579E+01 -0.26942747E+02
  0.19607815E+01 -0.26942840E+02
  0.19719052E+01 -0.26942931E+02
  0.19830289E+01 -0.26943023E+02
  0.19941525E+01 -0.26943114E+02
  0.20052762E+01 -0.26943205E+02
  0.20163999E+01 -0.26943295E+02
  0.20275235E+01 -0.26943384E+02
  0.20386472E+01 -0.26943473E+02
  0.20497709E+01 -0.26943561E+02
  0.20608946E+01 -0.26943649E+02
  0.20720182E+01 -0.26943735E+02
  0.20831419E+01 -0.26943821E+02
  0.20942656E+01 -0.26943906E+02
  0.21053892E+01 -0.26943990E+02
  0.21165129E+01 -0.26944074E+02
  0.21276366E+01 -0.26944156E+02
  0.21387602E+01 -0.26944237E+02
  0.21498839E+01 -0.26944318E+02
  0.21610076E+01 -0.26944397E+02
  0.21721313E+01 -0.26944475E+02
  0.21832549E+01 -0.26944552E+02
  0.21943786E+01 -0.26944628E+02
  0.22055023E+01 -0.26944703E+02
  0.22166259E+01 -0.26944776E+02
  0.22277496E+01 -0.26944848E+02
  0.22388733E+01 -0.26944919E+02
  0.22499970E+01 -0.26944989E+02
  0.22611206E+01 -0.26945057E+02
  0.22722443E+01 -0.26945123E+02
  0.22833680E+01 -0.26945189E+02
  0.22944916E+01 -0.26945253E+02
  0.23056153E+01 -0.26945315E+02
  0.23167390E+01 -0.26945376E+02
  0.23278626E+01 -0.26945435E+02
  0.23389863E+01 -0.26945493E+02
  0.23501100E+01 -0.26945549E+02
  0.23612337E+01 -0.26945604E+02
  0.23723573E+01 -0.26945657E+02
  0.23834810E+01 -0.26945708E+02
  0.23946047E+01 -0.26945758E+02
  0.24057283E+01 -0.26945806E+02
  0.24168520E+01 -0.26945852E+02
  0.24279757E+01 -0.26945897E+02
  0.24390993E+01 -0.26945940E+02
  0.24502230E+01 -0.26945981E+02
  0.24613467E+01 -0.26946020E+02
  0.24724704E+01 -0.26946057E+02
  0.24835940E+01 -0.26946093E+02
  0.24947177E+01 -0.26946126E+02
  0.25058414E+01 -0.26946158E+02
  0.25169650E+01 -0.26946188E+02
  0.25280887E+01 -0.26946216E+02
  0.25392124E+01 -0.26946243E+02
  0.25503361E+01 -0.26946267E+02
  0.25614597E+01 -0.26946290E+02
  0.25725834E+01 -0.26946310E+02
  0.25837071E+01 -0.26946329E+02
  0.25948307E+01 -0.26946345E+02
  0.26059544E+01 -0.26946360E+02
  0.26170781E+01 -0.26946373E+02
  0.26282017E+01 -0.26946384E+02
  0.26393254E+01 -0.26946392E+02
  0.26504491E+01 -0.26946399E+02
  0.26615728E+01 -0.26946404E+02
  0.26726964E+01 -0.26946407E+02
  0.26838201E+01 -0.26946408E+02
  0.26948861E+01 -0.26946407E+02
  0.27059520E+01 -0.26946402E+02
  0.27170180E+01 -0.26946394E+02
  0.27280839E+01 -0.26946383E+02
  0.27391499E+01 -0.26946370E+02
  0.27502159E+01 -0.26946353E+02
  0.27612818E+01 -0.26946333E+02
  0.27723478E+01 -0.26946310E+02
  0.27834137E+01 -0.26946284E+02
  0.27944797E+01 -0.26946255E+02
  0.28055457E+01 -0.26946223E+02
  0.28166116E+01 -0.26946189E+02
  0.28276776E+01 -0.26946151E+02
  0.28387435E+01 -0.26946111E+02
  0.28498095E+01 -0.26946068E+02
  0.28608755E+01 -0.26946022E+02
  0.28719414E+01 -0.26945974E+02
  0.28830074E+01 -0.26945923E+02
  0.28940733E+01 -0.26945870E+02
  0.29051393E+01 -0.26945814E+02
  0.29162053E+01 -0.26945756E+02
  0.29272712E+01 -0.26945695E+02
  0.29383372E+01 -0.26945632E+02
  0.29494031E+01 -0.26945567E+02
  0.29604691E+01 -0.26945500E+02
  0.29715351E+01 -0.26945431E+02
  0.29826010E+01 -0.26945360E+02
  0.29936670E+01 -0.26945288E+02
  0.30047329E+01 -0.26945213E+02
  0.30157989E+01 -0.26945137E+02
  0.30268649E+01 -0.26945059E+02
  0.30379308E+01 -0.26944980E+02
  0.30489968E+01 -0.26944899E+02
  0.30600627E+01 -0.26944817E+02
  0.30711287E+01 -0.26944734E+02
  0.30821947E+01 -0.26944649E+02
  0.30932606E+01 -0.26944564E+02
  0.31043266E+01 -0.26944478E+02
  0.31153925E+01 -0.26944391E+02
  0.31264585E+01 -0.26944303E+02
  0.31375245E+01 -0.26944215E+02
  0.31485904E+01 -0.26944126E+02
  0.31596564E+01 -0.26944037E+02
  0.31707223E+01 -0.26943947E+02
  0.31817883E+01 -0.26943858E+02
  0.31928543E+01 -0.26943768E+02
  0.32039202E+01 -0.26943679E+02
  0.32149862E+01 -0.26943589E+02
  0.32260521E+01 -0.26943500E+02
  0.32371181E+01 -0.26943411E+02
  0.32481841E+01 -0.26943323E+02
  0.32592500E+01 -0.26943235E+02
  0.32703160E+01 -0.26943148E+02
  0.32813819E+01 -0.26943062E+02
  0.32924479E+01 -0.26942977E+02
  0.33035139E+01 -0.26942893E+02
  0.33145798E+01 -0.26942810E+02
  0.33256458E+01 -0.26942728E+02
  0.33367117E+01 -0.26942648E+02
  0.33477777E+01 -0.26942569E+02
  0.33588437E+01 -0.26942492E+02
  0.33699096E+01 -0.26942416E+02
  0.33809756E+01 -0.26942343E+02
  0.33920415E+01 -0.26942271E+02
  0.34031075E+01 -0.26942201E+02
  0.34141735E+01 -0.26942134E+02
  0.34252394E+01 -0.26942069E+02
  0.34363054E+01 -0.26942006E+02
  0.34473713E+01 -0.26941945E+02
  0.34584373E+01 -0.26941888E+02
  0.34695033E+01 -0.26941833E+02
  0.34805692E+01 -0.26941780E+02
  0.34916352E+01 -0.26941731E+02
  0.35027011E+01 -0.26941685E+02
  0.35137671E+01 -0.26941641E+02
  0.35248331E+01 -0.26941601E+02
  0.35358990E+01 -0.26941564E+02
  0.35469650E+01 -0.26941530E+02
  0.35580309E+01 -0.26941500E+02
  0.35690969E+01 -0.26941473E+02
  0.35801629E+01 -0.26941449E+02
  0.35912288E+01 -0.26941429E+02
  0.36022948E+01 -0.26941413E+02
  0.36133607E+01 -0.26941400E+02
  0.36244267E+01 -0.26941391E+02
  0.36354927E+01 -0.26941386E+02
  0.36465586E+01 -0.26941384E+02
  0.36576301E+01 -0.26941385E+02
  0.36687015E+01 -0.26941390E+02
  0.36797730E+01 -0.26941397E+02
  0.36908444E+01 -0.26941407E+02
  0.37019158E+01 -0.26941420E+02
  0.37129873E+01 -0.26941436E+02
  0.37240587E+01 -0.26941455E+02
  0.37351302E+01 -0.26941477E+02
  0.37462016E+01 -0.26941501E+02
  0.37572731E+01 -0.26941528E+02
  0.37683445E+01 -0.26941557E+02
  0.37794160E+01 -0.26941590E+02
  0.37904874E+01 -0.26941624E+02
  0.38015589E+01 -0.26941662E+02
  0.38126303E+01 -0.26941701E+02
  0.38237018E+01 -0.26941743E+02
  0.38347732E+01 -0.26941787E+02
  0.38458447E+01 -0.26941833E+02
  0.38569161E+01 -0.26941882E+02
  0.38679875E+01 -0.26941932E+02
  0.38790590E+01 -0.26941984E+02
  0.38901304E+01 -0.26942038E+02
  0.39012019E+01 -0.26942093E+02
  0.39122733E+01 -0.26942150E+02
  0.39233448E+01 -0.26942209E+02
  0.39344162E+01 -0.26942268E+02
  0.39454877E+01 -0.26942329E+02
  0.39565591E+01 -0.26942391E+02
  0.39676306E+01 -0.26942454E+02
  0.39787020E+01 -0.26942518E+02
  0.39897735E+01 -0.26942582E+02
  0.40008449E+01 -0.26942647E+02
  0.40119163E+01 -0.26942713E+02
  0.40229878E+01 -0.26942778E+02
  0.40340592E+01 -0.26942844E+02
  0.40451307E+01 -0.26942910E+02
  0.40562021E+01 -0.26942976E+02
  0.40672736E+01 -0.26943042E+02
  0.40783450E+01 -0.26943107E+02
  0.40894165E+01 -0.26943172E+02
  0.41004879E+01 -0.26943237E+02
  0.41115594E+01 -0.26943300E+02
  0.41226308E+01 -0.26943363E+02
  0.41337023E+01 -0.26943425E+02
  0.41447737E+01 -0.26943486E+02
  0.41558452E+01 -0.26943545E+02
  0.41669166E+01 -0.26943604E+02
  0.41779880E+01 -0.26943661E+02
  0.41890595E+01 -0.26943716E+02
  0.42001309E+01 -0.26943770E+02
  0.42112024E+01 -0.26943822E+02
  0.42222738E+01 -0.26943872E+02
  0.42333453E+01 -0.26943920E+02
  0.42444167E+01 -0.26943966E+02
  0.42554882E+01 -0.26944010E+02
  0.42665596E+01 -0.26944052E+02
  0.42776311E+01 -0.26944091E+02
  0.42887025E+01 -0.26944128E+02
  0.42997740E+01 -0.26944163E+02
  0.43108454E+01 -0.26944195E+02
  0.43219169E+01 -0.26944224E+02
  0.43329883E+01 -0.26944251E+02
  0.43440597E+01 -0.26944275E+02
  0.43551312E+01 -0.26944297E+02
  0.43662026E+01 -0.26944315E+02
  0.43772741E+01 -0.26944331E+02
  0.43883455E+01 -0.26944344E+02
  0.43994170E+01 -0.26944355E+02
  0.44104884E+01 -0.26944362E+02
  0.44215599E+01 -0.26944366E+02
  0.44326313E+01 -0.26944368E+02
  0.44437481E+01 -0.26944372E+02
  0.44548648E+01 -0.26944384E+02
  0.44659816E+01 -0.26944404E+02
  0.44770983E+01 -0.26944432E+02
  0.44882151E+01 -0.26944468E+02
  0.44993318E+01 -0.26944511E+02
  0.45104485E+01 -0.26944560E+02
  0.45215653E+01 -0.26944616E+02
  0.45326820E+01 -0.26944677E+02
  0.45437988E+01 -0.26944744E+02
  0.45549155E+01 -0.26944815E+02
  0.45660323E+01 -0.26944891E+02
  0.45771490E+01 -0.26944970E+02
  0.45882658E+01 -0.26945053E+02
  0.45993825E+01 -0.26945138E+02
  0.46104993E+01 -0.26945226E+02
  0.46216160E+01 -0.26945315E+02
  0.46327328E+01 -0.26945406E+02
  0.46438495E+01 -0.26945498E+02
  0.46549663E+01 -0.26945591E+02
  0.46660830E+01 -0.26945684E+02
  0.46771997E+01 -0.26945777E+02
  0.46883165E+01 -0.26945869E+02
  0.46994332E+01 -0.26945961E+02
  0.47105500E+01 -0.26946051E+02
  0.47216667E+01 -0.26946141E+02
  0.47327835E+01 -0.26946229E+02
  0.47439002E+01 -0.26946315E+02
  0.47550170E+01 -0.26946398E+02
  0.47661337E+01 -0.26946480E+02
  0.47772505E+01 -0.26946559E+02
  0.47883672E+01 -0.26946635E+02
  0.47994840E+01 -0.26946708E+02
  0.48106007E+01 -0.26946778E+02
  0.48217175E+01 -0.26946845E+02
  0.48328342E+01 -0.26946908E+02
  0.48439510E+01 -0.26946968E+02
  0.48550677E+01 -0.26947023E+02
  0.48661844E+01 -0.26947075E+02
  0.48773012E+01 -0.26947123E+02
  0.48884179E+01 -0.26947166E+02
  0.48995347E+01 -0.26947206E+02
  0.49106514E+01 -0.26947240E+02
  0.49217682E+01 -0.26947271E+02
  0.49328849E+01 -0.26947296E+02
  0.49440017E+01 -0.26947318E+02
  0.49551184E+01 -0.26947334E+02
  0.49662352E+01 -0.26947346E+02
  0.49773519E+01 -0.26947353E+02
  0.49884687E+01 -0.26947355E+02
  
  0.00000000E+00 -0.26946408E+02
  0.11116747E-01 -0.26946405E+02
  0.22233494E-01 -0.26946397E+02
  0.33350240E-01 -0.26946384E+02
  0.44466987E-01 -0.26946365E+02
  0.55583734E-01 -0.26946340E+02
  0.66700481E-01 -0.26946311E+02
  0.77817228E-01 -0.26946276E+02
  0.88933975E-01 -0.26946236E+02
  0.10005072E+00 -0.26946191E+02
  0.11116747E+00 -0.26946140E+02
  0.12228422E+00 -0.26946085E+02
  0.13340096E+00 -0.26946025E+02
  0.14451771E+00 -0.26945960E+02
  0.15563446E+00 -0.26945890E+02
  0.16675120E+00 -0.26945816E+02
  0.17786795E+00 -0.26945737E+02
  0.18898470E+00 -0.26945655E+02
  0.20010144E+00 -0.26945567E+02
  0.21121819E+00 -0.26945476E+02
  0.22233494E+00 -0.26945381E+02
  0.23345168E+00 -0.26945282E+02
  0.24456843E+00 -0.26945180E+02
  0.25568518E+00 -0.26945074E+02
  0.26680192E+00 -0.26944965E+02
  0.27791867E+00 -0.26944852E+02
  0.28903542E+00 -0.26944737E+02
  0.30015216E+00 -0.26944619E+02
  0.31126891E+00 -0.26944498E+02
  0.32238566E+00 -0.26944375E+02
  0.33350240E+00 -0.26944250E+02
  0.34461915E+00 -0.26944123E+02
  0.35573590E+00 -0.26943994E+02
  0.36685265E+00 -0.26943863E+02
  0.37796939E+00 -0.26943731E+02
  0.38908614E+00 -0.26943597E+02
  0.40020289E+00 -0.26943462E+02
  0.41131963E+00 -0.26943327E+02
  0.42243638E+00 -0.26943190E+02
  0.43355313E+00 -0.26943053E+02
  0.44466987E+00 -0.26942916E+02
  0.45578662E+00 -0.26942778E+02
  0.46690337E+00 -0.26942640E+02
  0.47802011E+00 -0.26942503E+02
  0.48913686E+00 -0.26942365E+02
  0.50025361E+00 -0.26942228E+02
  0.51137035E+00 -0.26942092E+02
  0.52248710E+00 -0.26941956E+02
  0.53360385E+00 -0.26941821E+02
  0.54472059E+00 -0.26941687E+02
  0.55583734E+00 -0.26941554E+02
  0.56695409E+00 -0.26941423E+02
  0.57807084E+00 -0.26941293E+02
  0.58918758E+00 -0.26941164E+02
  0.60030433E+00 -0.26941037E+02
  0.61142108E+00 -0.26940912E+02
  0.62253782E+00 -0.26940789E+02
  0.63365457E+00 -0.26940668E+02
  0.64477132E+00 -0.26940548E+02
  0.65588806E+00 -0.26940431E+02
  0.66700481E+00 -0.26940316E+02
  0.67812156E+00 -0.26940204E+02
  0.68923830E+00 -0.26940094E+02
  0.70035505E+00 -0.26939986E+02
  0.71147180E+00 -0.26939881E+02
  0.72258854E+00 -0.26939778E+02
  0.73370529E+00 -0.26939678E+02
  0.74482204E+00 -0.26939581E+02
  0.75593878E+00 -0.26939487E+02
  0.76705553E+00 -0.26939395E+02
  0.77817228E+00 -0.26939306E+02
  0.78928902E+00 -0.26939220E+02
  0.80040577E+00 -0.26939137E+02
  0.81152252E+00 -0.26939056E+02
  0.82263927E+00 -0.26938979E+02
  0.83375601E+00 -0.26938904E+02
  0.84487276E+00 -0.26938833E+02
  0.85598951E+00 -0.26938764E+02
  0.86710625E+00 -0.26938698E+02
  0.87822300E+00 -0.26938636E+02
  0.88933975E+00 -0.26938576E+02
  0.90045649E+00 -0.26938519E+02
  0.91157324E+00 -0.26938465E+02
  0.92268999E+00 -0.26938414E+02
  0.93380673E+00 -0.26938366E+02
  0.94492348E+00 -0.26938321E+02
  0.95604023E+00 -0.26938279E+02
  0.96715697E+00 -0.26938240E+02
  0.97827372E+00 -0.26938204E+02
  0.98939047E+00 -0.26938171E+02
  0.10005072E+01 -0.26938140E+02
  0.10116240E+01 -0.26938113E+02
  0.10227407E+01 -0.26938088E+02
  0.10338575E+01 -0.26938067E+02
  0.10449742E+01 -0.26938048E+02
  0.10560909E+01 -0.26938032E+02
  0.10672077E+01 -0.26938019E+02
  0.10783244E+01 -0.26938009E+02
  0.10894412E+01 -0.26938002E+02
  0.11005579E+01 -0.26937998E+02
  0.11116747E+01 -0.26937996E+02
  0.11229043E+01 -0.26937998E+02
  0.11341339E+01 -0.26938001E+02
  0.11453635E+01 -0.26938006E+02
  0.11565931E+01 -0.26938014E+02
  0.11678227E+01 -0.26938024E+02
  0.11790523E+01 -0.26938036E+02
  0.11902820E+01 -0.26938051E+02
  0.12015116E+01 -0.26938068E+02
  0.12127412E+01 -0.26938086E+02
  0.12239708E+01 -0.26938107E+02
  0.12352004E+01 -0.26938131E+02
  0.12464300E+01 -0.26938156E+02
  0.12576596E+01 -0.26938183E+02
  0.12688892E+01 -0.26938213E+02
  0.12801188E+01 -0.26938245E+02
  0.12913484E+01 -0.26938278E+02
  0.13025781E+01 -0.26938314E+02
  0.13138077E+01 -0.26938352E+02
  0.13250373E+01 -0.26938392E+02
  0.13362669E+01 -0.26938434E+02
  0.13474965E+01 -0.26938478E+02
  0.13587261E+01 -0.26938523E+02
  0.13699557E+01 -0.26938571E+02
  0.13811853E+01 -0.26938621E+02
  0.13924149E+01 -0.26938672E+02
  0.14036445E+01 -0.26938726E+02
  0.14148742E+01 -0.26938781E+02
  0.14261038E+01 -0.26938838E+02
  0.14373334E+01 -0.26938897E+02
  0.14485630E+01 -0.26938957E+02
  0.14597926E+01 -0.26939019E+02
  0.14710222E+01 -0.26939083E+02
  0.14822518E+01 -0.26939148E+02
  0.14934814E+01 -0.26939215E+02
  0.15047110E+01 -0.26939284E+02
  0.15047110E+01 -0.26939284E+02
  0.15158347E+01 -0.26939353E+02
  0.15269584E+01 -0.26939424E+02
  0.15380820E+01 -0.26939496E+02
  0.15492057E+01 -0.26939569E+02
  0.15603294E+01 -0.26939644E+02
  0.15714531E+01 -0.26939720E+02
  0.15825767E+01 -0.26939797E+02
  0.15937004E+01 -0.26939876E+02
  0.16048241E+01 -0.26939955E+02
  0.16159477E+01 -0.26940036E+02
  0.16270714E+01 -0.26940118E+02
  0.16381951E+01 -0.26940201E+02
  0.16493188E+01 -0.26940285E+02
  0.16604424E+01 -0.26940369E+02
  0.16715661E+01 -0.26940455E+02
  0.16826898E+01 -0.26940541E+02
  0.16938134E+01 -0.26940629E+02
  0.17049371E+01 -0.26940717E+02
  0.17160608E+01 -0.26940805E+02
  0.17271844E+01 -0.26940895E+02
  0.17383081E+01 -0.26940985E+02
  0.17494318E+01 -0.26941075E+02
  0.17605555E+01 -0.26941166E+02
  0.17716791E+01 -0.26941258E+02
  0.17828028E+01 -0.26941350E+02
  0.17939265E+01 -0.26941442E+02
  0.18050501E+01 -0.26941535E+02
  0.18161738E+01 -0.26941627E+02
  0.18272975E+01 -0.26941721E+02
  0.18384211E+01 -0.26941814E+02
  0.18495448E+01 -0.26941907E+02
  0.18606685E+01 -0.26942001E+02
  0.18717922E+01 -0.26942095E+02
  0.18829158E+01 -0.26942155E+02
  0.18940395E+01 -0.26942142E+02
  0.19051632E+01 -0.26942134E+02
  0.19162868E+01 -0.26942131E+02
  0.19274105E+01 -0.26942133E+02
  0.19385342E+01 -0.26942139E+02
  0.19496579E+01 -0.26942151E+02
  0.19607815E+01 -0.26942167E+02
  0.19719052E+01 -0.26942188E+02
  0.19830289E+01 -0.26942214E+02
  0.19941525E+01 -0.26942244E+02
  0.20052762E+01 -0.26942278E+02
  0.20163999E+01 -0.26942317E+02
  0.20275235E+01 -0.26942360E+02
  0.20386472E+01 -0.26942407E+02
  0.20497709E+01 -0.26942458E+02
  0.20608946E+01 -0.26942513E+02
  0.20720182E+01 -0.26942572E+02
  0.20831419E+01 -0.26942634E+02
  0.20942656E+01 -0.26942700E+02
  0.21053892E+01 -0.26942769E+02
  0.21165129E+01 -0.26942841E+02
  0.21276366E+01 -0.26942915E+02
  0.21387602E+01 -0.26942993E+02
  0.21498839E+01 -0.26943073E+02
  0.21610076E+01 -0.26943156E+02
  0.21721313E+01 -0.26943241E+02
  0.21832549E+01 -0.26943328E+02
  0.21943786E+01 -0.26943417E+02
  0.22055023E+01 -0.26943507E+02
  0.22166259E+01 -0.26943599E+02
  0.22277496E+01 -0.26943692E+02
  0.22388733E+01 -0.26943786E+02
  0.22499970E+01 -0.26943882E+02
  0.22611206E+01 -0.26943978E+02
  0.22722443E+01 -0.26944074E+02
  0.22833680E+01 -0.26944171E+02
  0.22944916E+01 -0.26944268E+02
  0.23056153E+01 -0.26944364E+02
  0.23167390E+01 -0.26944461E+02
  0.23278626E+01 -0.26944557E+02
  0.23389863E+01 -0.26944652E+02
  0.23501100E+01 -0.26944747E+02
  0.23612337E+01 -0.26944840E+02
  0.23723573E+01 -0.26944933E+02
  0.23834810E+01 -0.26945024E+02
  0.23946047E+01 -0.26945113E+02
  0.24057283E+01 -0.26945200E+02
  0.24168520E+01 -0.26945286E+02
  0.24279757E+01 -0.26945370E+02
  0.24390993E+01 -0.26945451E+02
  0.24502230E+01 -0.26945530E+02
  0.24613467E+01 -0.26945606E+02
  0.24724704E+01 -0.26945680E+02
  0.24835940E+01 -0.26945750E+02
  0.24947177E+01 -0.26945818E+02
  0.25058414E+01 -0.26945882E+02
  0.25169650E+01 -0.26945944E+02
  0.25280887E+01 -0.26946002E+02
  0.25392124E+01 -0.26946056E+02
  0.25503361E+01 -0.26946107E+02
  0.25614597E+01 -0.26946154E+02
  0.25725834E+01 -0.26946198E+02
  0.25837071E+01 -0.26946237E+02
  0.25948307E+01 -0.26946273E+02
  0.26059544E+01 -0.26946304E+02
  0.26170781E+01 -0.26946332E+02
  0.26282017E+01 -0.26946355E+02
  0.26393254E+01 -0.26946374E+02
  0.26504491E+01 -0.26946389E+02
  0.26615728E+01 -0.26946400E+02
  0.26726964E+01 -0.26946406E+02
  0.26838201E+01 -0.26946408E+02
  0.26948861E+01 -0.26946407E+02
  0.27059520E+01 -0.26946402E+02
  0.27170180E+01 -0.26946394E+02
  0.27280839E+01 -0.26946383E+02
  0.27391499E+01 -0.26946370E+02
  0.27502159E+01 -0.26946353E+02
  0.27612818E+01 -0.26946333E+02
  0.27723478E+01 -0.26946310E+02
  0.27834137E+01 -0.26946284E+02
  0.27944797E+01 -0.26946255E+02
  0.28055457E+01 -0.26946223E+02
  0.28166116E+01 -0.26946189E+02
  0.28276776E+01 -0.26946151E+02
  0.28387435E+01 -0.26946111E+02
  0.28498095E+01 -0.26946068E+02
  0.28608755E+01 -0.26946022E+02
  0.28719414E+01 -0.26945974E+02
  0.28830074E+01 -0.26945923E+02
  0.28940733E+01 -0.26945870E+02
  0.29051393E+01 -0.26945814E+02
  0.29162053E+01 -0.26945756E+02
  0.29272712E+01 -0.26945695E+02
  0.29383372E+01 -0.26945632E+02
  0.29494031E+01 -0.26945567E+02
  0.29604691E+01 -0.26945500E+02
  0.29715351E+01 -0.26945431E+02
  0.29826010E+01 -0.26945360E+02
  0.29936670E+01 -0.26945288E+02
  0.30047329E+01 -0.26945213E+02
  0.30157989E+01 -0.26945137E+02
  0.30268649E+01 -0.26945059E+02
  0.30379308E+01 -0.26944980E+02
  0.30489968E+01 -0.26944899E+02
  0.30600627E+01 -0.26944817E+02
  0.30711287E+01 -0.26944734E+02
  0.30821947E+01 -0.26944649E+02
  0.30932606E+01 -0.26944564E+02
  0.31043266E+01 -0.26944478E+02
  0.31153925E+01 -0.26944391E+02
  0.31264585E+01 -0.26944303E+02
  0.31375245E+01 -0.26944215E+02
  0.31485904E+01 -0.26944126E+02
  0.31596564E+01 -0.26944037E+02
  0.31707223E+01 -0.26943947E+02
  0.31817883E+01 -0.26943858E+02
  0.31928543E+01 -0.26943768E+02
  0.32039202E+01 -0.26943679E+02
  0.32149862E+01 -0.26943589E+02
  0.32260521E+01 -0.26943500E+02
  0.32371181E+01 -0.26943411E+02
  0.32481841E+01 -0.26943323E+02
  0.32592500E+01 -0.26943235E+02
  0.32703160E+01 -0.26943148E+02
  0.32813819E+01 -0.26943062E+02
  0.32924479E+01 -0.26942977E+02
  0.33035139E+01 -0.26942893E+02
  0.33145798E+01 -0.26942810E+02
  0.33256458E+01 -0.26942728E+02
  0.33367117E+01 -0.26942648E+02
  0.33477777E+01 -0.26942569E+02
  0.33588437E+01 -0.26942492E+02
  0.33699096E+01 -0.26942416E+02
  0.33809756E+01 -0.26942343E+02
  0.33920415E+01 -0.26942271E+02
  0.34031075E+01 -0.26942201E+02
  0.34141735E+01 -0.26942134E+02
  0.34252394E+01 -0.26942069E+02
  0.34363054E+01 -0.26942006E+02
  0.34473713E+01 -0.26941945E+02
  0.34584373E+01 -0.26941888E+02
  0.34695033E+01 -0.26941833E+02
  0.34805692E+01 -0.26941780E+02
  0.34916352E+01 -0.26941731E+02
  0.35027011E+01 -0.26941685E+02
  0.35137671E+01 -0.26941641E+02
  0.35248331E+01 -0.26941601E+02
  0.35358990E+01 -0.26941564E+02
  0.35469650E+01 -0.26941530E+02
  0.35580309E+01 -0.26941500E+02
  0.35690969E+01 -0.26941473E+02
  0.35801629E+01 -0.26941449E+02
  0.35912288E+01 -0.26941429E+02
  0.36022948E+01 -0.26941413E+02
  0.36133607E+01 -0.26941400E+02
  0.36244267E+01 -0.26941391E+02
  0.36354927E+01 -0.26941386E+02
  0.36465586E+01 -0.26941384E+02
  0.36576301E+01 -0.26941383E+02
  0.36687015E+01 -0.26941381E+02
  0.36797730E+01 -0.26941378E+02
  0.36908444E+01 -0.26941373E+02
  0.37019158E+01 -0.26941367E+02
  0.37129873E+01 -0.26941360E+02
  0.37240587E+01 -0.26941351E+02
  0.37351302E+01 -0.26941342E+02
  0.37462016E+01 -0.26941330E+02
  0.37572731E+01 -0.26941318E+02
  0.37683445E+01 -0.26941304E+02
  0.37794160E+01 -0.26941288E+02
  0.37904874E+01 -0.26941272E+02
  0.38015589E+01 -0.26941254E+02
  0.38126303E+01 -0.26941235E+02
  0.38237018E+01 -0.26941214E+02
  0.38347732E+01 -0.26941193E+02
  0.38458447E+01 -0.26941170E+02
  0.38569161E+01 -0.26941145E+02
  0.38679875E+01 -0.26941120E+02
  0.38790590E+01 -0.26941093E+02
  0.38901304E+01 -0.26941065E+02
  0.39012019E+01 -0.26941037E+02
  0.39122733E+01 -0.26941007E+02
  0.39233448E+01 -0.26940976E+02
  0.39344162E+01 -0.26940944E+02
  0.39454877E+01 -0.26940911E+02
  0.39565591E+01 -0.26940877E+02
  0.39676306E+01 -0.26940842E+02
  0.39787020E+01 -0.26940807E+02
  0.39897735E+01 -0.26940771E+02
  0.40008449E+01 -0.26940735E+02
  0.40119163E+01 -0.26940698E+02
  0.40229878E+01 -0.26940660E+02
  0.40340592E+01 -0.26940622E+02
  0.40451307E+01 -0.26940584E+02
  0.40562021E+01 -0.26940546E+02
  0.40672736E+01 -0.26940507E+02
  0.40783450E+01 -0.26940468E+02
  0.40894165E+01 -0.26940430E+02
  0.41004879E+01 -0.26940392E+02
  0.41115594E+01 -0.26940353E+02
  0.41226308E+01 -0.26940316E+02
  0.41337023E+01 -0.26940278E+02
  0.41447737E+01 -0.26940241E+02
  0.41558452E+01 -0.26940205E+02
  0.41669166E+01 -0.26940169E+02
  0.41779880E+01 -0.26940134E+02
  0.41890595E+01 -0.26940100E+02
  0.42001309E+01 -0.26940066E+02
  0.42112024E+01 -0.26940034E+02
  0.42222738E+01 -0.26940003E+02
  0.42333453E+01 -0.26939973E+02
  0.42444167E+01 -0.26939944E+02
  0.42554882E+01 -0.26939916E+02
  0.42665596E+01 -0.26939890E+02
  0.42776311E+01 -0.26939865E+02
  0.42887025E+01 -0.26939841E+02
  0.42997740E+01 -0.26939819E+02
  0.43108454E+01 -0.26939799E+02
  0.43219169E+01 -0.26939780E+02
  0.43329883E+01 -0.26939763E+02
  0.43440597E+01 -0.26939747E+02
  0.43551312E+01 -0.26939734E+02
  0.43662026E+01 -0.26939722E+02
  0.43772741E+01 -0.26939711E+02
  0.43883455E+01 -0.26939703E+02
  0.43994170E+01 -0.26939697E+02
  0.44104884E+01 -0.26939692E+02
  0.44215599E+01 -0.26939689E+02
  0.44326313E+01 -0.26939688E+02
  0.44437481E+01 -0.26939685E+02
  0.44548648E+01 -0.26939677E+02
  0.44659816E+01 -0.26939663E+02
  0.44770983E+01 -0.26939644E+02
  0.44882151E+01 -0.26939620E+02
  0.44993318E+01 -0.26939591E+02
  0.45104485E+01 -0.26939558E+02
  0.45215653E+01 -0.26939520E+02
  0.45326820E+01 -0.26939480E+02
  0.45437988E+01 -0.26939436E+02
  0.45549155E+01 -0.26939390E+02
  0.45660323E+01 -0.26939341E+02
  0.45771490E+01 -0.26939290E+02
  0.45882658E+01 -0.26939238E+02
  0.45993825E+01 -0.26939185E+02
  0.46104993E+01 -0.26939131E+02
  0.46216160E+01 -0.26939076E+02
  0.46327328E+01 -0.26939022E+02
  0.46438495E+01 -0.26938967E+02
  0.46549663E+01 -0.26938913E+02
  0.46660830E+01 -0.26938859E+02
  0.46771997E+01 -0.26938806E+02
  0.46883165E+01 -0.26938754E+02
  0.46994332E+01 -0.26938702E+02
  0.47105500E+01 -0.26938652E+02
  0.47216667E+01 -0.26938604E+02
  0.47327835E+01 -0.26938556E+02
  0.47439002E+01 -0.26938511E+02
  0.47550170E+01 -0.26938467E+02
  0.47661337E+01 -0.26938424E+02
  0.47772505E+01 -0.26938384E+02
  0.47883672E+01 -0.26938345E+02
  0.47994840E+01 -0.26938308E+02
  0.48106007E+01 -0.26938273E+02
  0.48217175E+01 -0.26938240E+02
  0.48328342E+01 -0.26938209E+02
  0.48439510E+01 -0.26938180E+02
  0.48550677E+01 -0.26938153E+02
  0.48661844E+01 -0.26938128E+02
  0.48773012E+01 -0.26938105E+02
  0.48884179E+01 -0.26938085E+02
  0.48995347E+01 -0.26938066E+02
  0.49106514E+01 -0.26938050E+02
  0.49217682E+01 -0.26938036E+02
  0.49328849E+01 -0.26938024E+02
  0.49440017E+01 -0.26938014E+02
  0.49551184E+01 -0.26938006E+02
  0.49662352E+01 -0.26938001E+02
  0.49773519E+01 -0.26937998E+02
  0.49884687E+01 -0.26937996E+02
  
