       260
  0.000000  0.000000  0.000000 1
  0.000000  0.000000  0.125000 1
  0.000000  0.000000  0.250000 1
  0.000000  0.000000  0.375000 1
  0.000000  0.000000  0.500000 1
  0.000000  0.125000  0.000000 1
  0.000000  0.125000  0.125000 1
  0.000000  0.125000  0.250000 1
  0.000000  0.125000  0.375000 1
  0.000000  0.125000  0.500000 1
  0.000000  0.125000  0.625000 1
  0.000000  0.125000  0.750000 1
  0.000000  0.125000  0.875000 1
  0.000000  0.250000  0.000000 1
  0.000000  0.250000  0.125000 1
  0.000000  0.250000  0.250000 1
  0.000000  0.250000  0.375000 1
  0.000000  0.250000  0.500000 1
  0.000000  0.250000  0.625000 1
  0.000000  0.250000  0.750000 1
  0.000000  0.250000  0.875000 1
  0.000000  0.375000  0.000000 1
  0.000000  0.375000  0.125000 1
  0.000000  0.375000  0.250000 1
  0.000000  0.375000  0.375000 1
  0.000000  0.375000  0.500000 1
  0.000000  0.375000  0.625000 1
  0.000000  0.375000  0.750000 1
  0.000000  0.375000  0.875000 1
  0.000000  0.500000  0.000000 1
  0.000000  0.500000  0.125000 1
  0.000000  0.500000  0.250000 1
  0.000000  0.500000  0.375000 1
  0.000000  0.500000  0.500000 1
  0.125000  0.000000  0.000000 1
  0.125000  0.000000  0.125000 1
  0.125000  0.000000  0.250000 1
  0.125000  0.000000  0.375000 1
  0.125000  0.000000  0.500000 1
  0.125000  0.000000  0.625000 1
  0.125000  0.000000  0.750000 1
  0.125000  0.000000  0.875000 1
  0.125000  0.125000  0.000000 1
  0.125000  0.125000  0.125000 1
  0.125000  0.125000  0.250000 1
  0.125000  0.125000  0.375000 1
  0.125000  0.125000  0.500000 1
  0.125000  0.125000  0.625000 1
  0.125000  0.125000  0.750000 1
  0.125000  0.125000  0.875000 1
  0.125000  0.250000  0.000000 1
  0.125000  0.250000  0.125000 1
  0.125000  0.250000  0.250000 1
  0.125000  0.250000  0.375000 1
  0.125000  0.250000  0.500000 1
  0.125000  0.250000  0.625000 1
  0.125000  0.250000  0.750000 1
  0.125000  0.250000  0.875000 1
  0.125000  0.375000  0.000000 1
  0.125000  0.375000  0.125000 1
  0.125000  0.375000  0.250000 1
  0.125000  0.375000  0.375000 1
  0.125000  0.375000  0.500000 1
  0.125000  0.375000  0.625000 1
  0.125000  0.375000  0.750000 1
  0.125000  0.375000  0.875000 1
  0.125000  0.500000  0.000000 1
  0.125000  0.500000  0.125000 1
  0.125000  0.500000  0.250000 1
  0.125000  0.500000  0.375000 1
  0.125000  0.500000  0.500000 1
  0.125000  0.500000  0.625000 1
  0.125000  0.500000  0.750000 1
  0.125000  0.500000  0.875000 1
  0.125000  0.625000  0.000000 1
  0.125000  0.625000  0.125000 1
  0.125000  0.625000  0.250000 1
  0.125000  0.625000  0.375000 1
  0.125000  0.625000  0.500000 1
  0.125000  0.625000  0.625000 1
  0.125000  0.625000  0.750000 1
  0.125000  0.625000  0.875000 1
  0.125000  0.750000  0.000000 1
  0.125000  0.750000  0.125000 1
  0.125000  0.750000  0.250000 1
  0.125000  0.750000  0.375000 1
  0.125000  0.750000  0.500000 1
  0.125000  0.750000  0.625000 1
  0.125000  0.750000  0.750000 1
  0.125000  0.750000  0.875000 1
  0.125000  0.875000  0.000000 1
  0.125000  0.875000  0.125000 1
  0.125000  0.875000  0.250000 1
  0.125000  0.875000  0.375000 1
  0.125000  0.875000  0.500000 1
  0.125000  0.875000  0.625000 1
  0.125000  0.875000  0.750000 1
  0.125000  0.875000  0.875000 1
  0.250000  0.000000  0.000000 1
  0.250000  0.000000  0.125000 1
  0.250000  0.000000  0.250000 1
  0.250000  0.000000  0.375000 1
  0.250000  0.000000  0.500000 1
  0.250000  0.000000  0.625000 1
  0.250000  0.000000  0.750000 1
  0.250000  0.000000  0.875000 1
  0.250000  0.125000  0.000000 1
  0.250000  0.125000  0.125000 1
  0.250000  0.125000  0.250000 1
  0.250000  0.125000  0.375000 1
  0.250000  0.125000  0.500000 1
  0.250000  0.125000  0.625000 1
  0.250000  0.125000  0.750000 1
  0.250000  0.125000  0.875000 1
  0.250000  0.250000  0.000000 1
  0.250000  0.250000  0.125000 1
  0.250000  0.250000  0.250000 1
  0.250000  0.250000  0.375000 1
  0.250000  0.250000  0.500000 1
  0.250000  0.250000  0.625000 1
  0.250000  0.250000  0.750000 1
  0.250000  0.250000  0.875000 1
  0.250000  0.375000  0.000000 1
  0.250000  0.375000  0.125000 1
  0.250000  0.375000  0.250000 1
  0.250000  0.375000  0.375000 1
  0.250000  0.375000  0.500000 1
  0.250000  0.375000  0.625000 1
  0.250000  0.375000  0.750000 1
  0.250000  0.375000  0.875000 1
  0.250000  0.500000  0.000000 1
  0.250000  0.500000  0.125000 1
  0.250000  0.500000  0.250000 1
  0.250000  0.500000  0.375000 1
  0.250000  0.500000  0.500000 1
  0.250000  0.500000  0.625000 1
  0.250000  0.500000  0.750000 1
  0.250000  0.500000  0.875000 1
  0.250000  0.625000  0.000000 1
  0.250000  0.625000  0.125000 1
  0.250000  0.625000  0.250000 1
  0.250000  0.625000  0.375000 1
  0.250000  0.625000  0.500000 1
  0.250000  0.625000  0.625000 1
  0.250000  0.625000  0.750000 1
  0.250000  0.625000  0.875000 1
  0.250000  0.750000  0.000000 1
  0.250000  0.750000  0.125000 1
  0.250000  0.750000  0.250000 1
  0.250000  0.750000  0.375000 1
  0.250000  0.750000  0.500000 1
  0.250000  0.750000  0.625000 1
  0.250000  0.750000  0.750000 1
  0.250000  0.750000  0.875000 1
  0.250000  0.875000  0.000000 1
  0.250000  0.875000  0.125000 1
  0.250000  0.875000  0.250000 1
  0.250000  0.875000  0.375000 1
  0.250000  0.875000  0.500000 1
  0.250000  0.875000  0.625000 1
  0.250000  0.875000  0.750000 1
  0.250000  0.875000  0.875000 1
  0.375000  0.000000  0.000000 1
  0.375000  0.000000  0.125000 1
  0.375000  0.000000  0.250000 1
  0.375000  0.000000  0.375000 1
  0.375000  0.000000  0.500000 1
  0.375000  0.000000  0.625000 1
  0.375000  0.000000  0.750000 1
  0.375000  0.000000  0.875000 1
  0.375000  0.125000  0.000000 1
  0.375000  0.125000  0.125000 1
  0.375000  0.125000  0.250000 1
  0.375000  0.125000  0.375000 1
  0.375000  0.125000  0.500000 1
  0.375000  0.125000  0.625000 1
  0.375000  0.125000  0.750000 1
  0.375000  0.125000  0.875000 1
  0.375000  0.250000  0.000000 1
  0.375000  0.250000  0.125000 1
  0.375000  0.250000  0.250000 1
  0.375000  0.250000  0.375000 1
  0.375000  0.250000  0.500000 1
  0.375000  0.250000  0.625000 1
  0.375000  0.250000  0.750000 1
  0.375000  0.250000  0.875000 1
  0.375000  0.375000  0.000000 1
  0.375000  0.375000  0.125000 1
  0.375000  0.375000  0.250000 1
  0.375000  0.375000  0.375000 1
  0.375000  0.375000  0.500000 1
  0.375000  0.375000  0.625000 1
  0.375000  0.375000  0.750000 1
  0.375000  0.375000  0.875000 1
  0.375000  0.500000  0.000000 1
  0.375000  0.500000  0.125000 1
  0.375000  0.500000  0.250000 1
  0.375000  0.500000  0.375000 1
  0.375000  0.500000  0.500000 1
  0.375000  0.500000  0.625000 1
  0.375000  0.500000  0.750000 1
  0.375000  0.500000  0.875000 1
  0.375000  0.625000  0.000000 1
  0.375000  0.625000  0.125000 1
  0.375000  0.625000  0.250000 1
  0.375000  0.625000  0.375000 1
  0.375000  0.625000  0.500000 1
  0.375000  0.625000  0.625000 1
  0.375000  0.625000  0.750000 1
  0.375000  0.625000  0.875000 1
  0.375000  0.750000  0.000000 1
  0.375000  0.750000  0.125000 1
  0.375000  0.750000  0.250000 1
  0.375000  0.750000  0.375000 1
  0.375000  0.750000  0.500000 1
  0.375000  0.750000  0.625000 1
  0.375000  0.750000  0.750000 1
  0.375000  0.750000  0.875000 1
  0.375000  0.875000  0.000000 1
  0.375000  0.875000  0.125000 1
  0.375000  0.875000  0.250000 1
  0.375000  0.875000  0.375000 1
  0.375000  0.875000  0.500000 1
  0.375000  0.875000  0.625000 1
  0.375000  0.875000  0.750000 1
  0.375000  0.875000  0.875000 1
  0.500000  0.000000  0.000000 1
  0.500000  0.000000  0.125000 1
  0.500000  0.000000  0.250000 1
  0.500000  0.000000  0.375000 1
  0.500000  0.000000  0.500000 1
  0.500000  0.125000  0.000000 1
  0.500000  0.125000  0.125000 1
  0.500000  0.125000  0.250000 1
  0.500000  0.125000  0.375000 1
  0.500000  0.125000  0.500000 1
  0.500000  0.125000  0.625000 1
  0.500000  0.125000  0.750000 1
  0.500000  0.125000  0.875000 1
  0.500000  0.250000  0.000000 1
  0.500000  0.250000  0.125000 1
  0.500000  0.250000  0.250000 1
  0.500000  0.250000  0.375000 1
  0.500000  0.250000  0.500000 1
  0.500000  0.250000  0.625000 1
  0.500000  0.250000  0.750000 1
  0.500000  0.250000  0.875000 1
  0.500000  0.375000  0.000000 1
  0.500000  0.375000  0.125000 1
  0.500000  0.375000  0.250000 1
  0.500000  0.375000  0.375000 1
  0.500000  0.375000  0.500000 1
  0.500000  0.375000  0.625000 1
  0.500000  0.375000  0.750000 1
  0.500000  0.375000  0.875000 1
  0.500000  0.500000  0.000000 1
  0.500000  0.500000  0.125000 1
  0.500000  0.500000  0.250000 1
  0.500000  0.500000  0.375000 1
  0.500000  0.500000  0.500000 1
