&input
    asr='simple', amass(1)=28.0855,
    flfrc='si.10_10_10.fc', q_in_cryst_coord = .true., q_in_band_form = .true.
    ZG_conf = .true., dimx = 4, dimy=4, dimz = 4, atm_zg(1) = 'Si', synch =.true.,
    error_thresh = 0.02, T = 0.00, incl_qA = .false.
/
36
   0.0000000000000000        0.0000000000000000        0.0000000000000000                1
   0.0000000000000000        0.0000000000000000       0.25000000000000000                1
   0.0000000000000000        0.0000000000000000       0.50000000000000000                1
   0.0000000000000000       0.25000000000000000        0.0000000000000000                1
   0.0000000000000000       0.25000000000000000       0.25000000000000000                1
   0.0000000000000000       0.25000000000000000       0.50000000000000000                1
   0.0000000000000000       0.25000000000000000       0.75000000000000000                1
   0.0000000000000000       0.50000000000000000        0.0000000000000000                1
   0.0000000000000000       0.50000000000000000       0.25000000000000000                1
   0.0000000000000000       0.50000000000000000       0.50000000000000000                1
  0.25000000000000000        0.0000000000000000        0.0000000000000000                1
  0.25000000000000000        0.0000000000000000       0.25000000000000000                1
  0.25000000000000000        0.0000000000000000       0.50000000000000000                1
  0.25000000000000000        0.0000000000000000       0.75000000000000000                1
  0.25000000000000000       0.25000000000000000        0.0000000000000000                1
  0.25000000000000000       0.25000000000000000       0.25000000000000000                1
  0.25000000000000000       0.25000000000000000       0.50000000000000000                1
  0.25000000000000000       0.25000000000000000       0.75000000000000000                1
  0.25000000000000000       0.50000000000000000        0.0000000000000000                1
  0.25000000000000000       0.50000000000000000       0.25000000000000000                1
  0.25000000000000000       0.50000000000000000       0.50000000000000000                1
  0.25000000000000000       0.50000000000000000       0.75000000000000000                1
  0.25000000000000000       0.75000000000000000        0.0000000000000000                1
  0.25000000000000000       0.75000000000000000       0.25000000000000000                1
  0.25000000000000000       0.75000000000000000       0.50000000000000000                1
  0.25000000000000000       0.75000000000000000       0.75000000000000000                1
  0.50000000000000000        0.0000000000000000        0.0000000000000000                1
  0.50000000000000000        0.0000000000000000       0.25000000000000000                1
  0.50000000000000000        0.0000000000000000       0.50000000000000000                1
  0.50000000000000000       0.25000000000000000        0.0000000000000000                1
  0.50000000000000000       0.25000000000000000       0.25000000000000000                1
  0.50000000000000000       0.25000000000000000       0.50000000000000000                1
  0.50000000000000000       0.25000000000000000       0.75000000000000000                1
  0.50000000000000000       0.50000000000000000        0.0000000000000000                1
  0.50000000000000000       0.50000000000000000       0.25000000000000000                1
  0.50000000000000000       0.50000000000000000       0.50000000000000000                1
