 &plot nbnd=   8, nks=    72 /
            0.500000  0.500000  0.500000
   -3.418   -0.822    5.029    5.029    7.814    9.597    9.597   13.838
            0.475000  0.475000  0.475000
   -3.455   -0.769    5.034    5.034    7.819    9.602    9.602   13.846
            0.450000  0.450000  0.450000
   -3.559   -0.618    5.047    5.047    7.840    9.618    9.618   13.871
            0.425000  0.425000  0.425000
   -3.712   -0.390    5.070    5.070    7.865    9.643    9.643   13.910
            0.400000  0.400000  0.400000
   -3.891   -0.102    5.102    5.102    7.900    9.679    9.679   13.959
            0.375000  0.375000  0.375000
   -4.085    0.230    5.143    5.143    7.945    9.715    9.715   14.010
            0.350000  0.350000  0.350000
   -4.280    0.597    5.193    5.193    8.002    9.752    9.752   14.042
            0.325000  0.325000  0.325000
   -4.473    0.989    5.252    5.252    8.066    9.784    9.784   14.007
            0.300000  0.300000  0.300000
   -4.659    1.404    5.319    5.319    8.138    9.803    9.803   13.845
            0.275000  0.275000  0.275000
   -4.835    1.837    5.394    5.394    8.219    9.803    9.803   13.549
            0.250000  0.250000  0.250000
   -4.998    2.288    5.476    5.476    8.306    9.776    9.776   13.173
            0.225000  0.225000  0.225000
   -5.149    2.751    5.565    5.565    8.404    9.722    9.722   12.762
            0.200000  0.200000  0.200000
   -5.285    3.222    5.660    5.660    8.504    9.636    9.636   12.333
            0.175000  0.175000  0.175000
   -5.407    3.697    5.758    5.758    8.599    9.523    9.523   11.895
            0.150000  0.150000  0.150000
   -5.513    4.175    5.858    5.858    8.692    9.393    9.393   11.456
            0.125000  0.125000  0.125000
   -5.604    4.647    5.957    5.957    8.778    9.255    9.255   11.024
            0.100000  0.100000  0.100000
   -5.678    5.104    6.050    6.050    8.848    9.120    9.120   10.612
            0.075000  0.075000  0.075000
   -5.736    5.529    6.132    6.132    8.888    9.000    9.000   10.243
            0.050000  0.050000  0.050000
   -5.777    5.896    6.198    6.198    8.886    8.905    8.905    9.953
            0.025000  0.025000  0.025000
   -5.802    6.157    6.240    6.240    8.843    8.843    8.847    9.778
            0.000000  0.000000  0.000000
   -5.810    6.255    6.255    6.255    8.822    8.822    8.822    9.723
            0.000000  0.050000  0.000000
   -5.799    6.183    6.206    6.206    8.793    8.884    8.884    9.793
            0.000000  0.100000  0.000000
   -5.767    5.981    6.072    6.072    8.710    9.057    9.057    9.984
            0.000000  0.150000  0.000000
   -5.711    5.688    5.882    5.882    8.583    9.314    9.314   10.247
            0.000000  0.200000  0.000000
   -5.634    5.334    5.660    5.660    8.424    9.630    9.630   10.519
            0.000000  0.250000  0.000000
   -5.534    4.942    5.424    5.424    8.244    9.986    9.986   10.708
            0.000000  0.300000  0.000000
   -5.413    4.527    5.186    5.186    8.052   10.370   10.370   10.706
            0.000000  0.350000  0.000000
   -5.270    4.096    4.952    4.952    7.860   10.484   10.774   10.774
            0.000000  0.400000  0.000000
   -5.106    3.653    4.727    4.727    7.672   10.136   11.187   11.187
            0.000000  0.450000  0.000000
   -4.920    3.207    4.514    4.514    7.495    9.749   11.620   11.620
            0.000000  0.500000  0.000000
   -4.713    2.756    4.316    4.316    7.332    9.355   12.060   12.060
            0.000000  0.550000  0.000000
   -4.485    2.304    4.134    4.134    7.184    8.974   12.507   12.507
            0.000000  0.600000  0.000000
   -4.236    1.852    3.969    3.969    7.056    8.617   12.962   12.962
            0.000000  0.650000  0.000000
   -3.969    1.398    3.822    3.822    6.949    8.288   13.417   13.417
            0.000000  0.700000  0.000000
   -3.680    0.950    3.694    3.694    6.865    7.992   13.886   13.886
            0.000000  0.750000  0.000000
   -3.375    0.507    3.585    3.585    6.806    7.727   14.358   14.358
            0.000000  0.800000  0.000000
   -3.053    0.068    3.495    3.495    6.766    7.494   14.829   14.829
            0.000000  0.850000  0.000000
   -2.713   -0.363    3.425    3.425    6.756    7.295   15.302   15.302
            0.000000  0.900000  0.000000
   -2.356   -0.787    3.374    3.374    6.769    7.129   15.763   15.763
            0.000000  0.950000  0.000000
   -1.984   -1.198    3.344    3.344    6.814    6.993   16.185   16.185
            0.000000  1.000000  0.000000
   -1.598   -1.598    3.333    3.333    6.889    6.889   16.407   16.407
            1.000000  1.000000  0.000000
   -1.598   -1.598    3.333    3.333    6.889    6.889   16.407   16.407
            0.966667  0.966667  0.000000
   -1.601   -1.587    3.265    3.341    6.898    6.989   16.303   16.348
            0.933333  0.933333  0.000000
   -1.613   -1.556    3.081    3.365    6.926    7.270   16.034   16.183
            0.900000  0.900000  0.000000
   -1.635   -1.503    2.830    3.405    6.971    7.684   15.670   15.943
            0.866667  0.866667  0.000000
   -1.672   -1.429    2.558    3.461    7.035    8.189   15.263   15.655
            0.833333  0.833333  0.000000
   -1.730   -1.336    2.297    3.531    7.115    8.760   14.838   15.339
            0.800000  0.800000  0.000000
   -1.812   -1.218    2.070    3.616    7.217    9.381   14.415   14.969
            0.766667  0.766667  0.000000
   -1.929   -1.082    1.892    3.716    7.332   10.034   13.987   14.520
            0.733333  0.733333  0.000000
   -2.080   -0.924    1.771    3.829    7.464   10.710   13.572   14.093
            0.700000  0.700000  0.000000
   -2.264   -0.746    1.712    3.954    7.610   11.392   13.167   13.697
            0.666667  0.666667  0.000000
   -2.476   -0.546    1.712    4.092    7.772   12.045   12.779   13.374
            0.633333  0.633333  0.000000
   -2.710   -0.327    1.766    4.240    7.944   12.404   12.438   13.338
            0.600000  0.600000  0.000000
   -2.958   -0.084    1.868    4.396    8.126   12.047   12.305   13.120
            0.566667  0.566667  0.000000
   -3.214    0.175    2.012    4.559    8.314   11.706   12.009   12.859
            0.533333  0.533333  0.000000
   -3.474    0.454    2.190    4.726    8.505   11.381   11.696   12.619
            0.500000  0.500000  0.000000
   -3.728    0.754    2.399    4.896    8.693   11.075   11.392   12.408
            0.466667  0.466667  0.000000
   -3.975    1.072    2.634    5.066    8.872   10.788   11.100   12.231
            0.433333  0.433333  0.000000
   -4.213    1.409    2.893    5.232    9.033   10.519   10.826   12.093
            0.400000  0.400000  0.000000
   -4.438    1.766    3.171    5.392    9.168   10.271   10.571   11.997
            0.366667  0.366667  0.000000
   -4.649    2.138    3.465    5.539    9.267   10.040   10.329   11.942
            0.333333  0.333333  0.000000
   -4.846    2.527    3.773    5.677    9.330    9.829   10.103   11.923
            0.300000  0.300000  0.000000
   -5.024    2.933    4.092    5.802    9.356    9.642    9.897   11.917
            0.266667  0.266667  0.000000
   -5.188    3.352    4.416    5.909    9.350    9.470    9.703   11.878
            0.233333  0.233333  0.000000
   -5.332    3.784    4.740    6.000    9.318    9.324    9.527   11.753
            0.200000  0.200000  0.000000
   -5.458    4.224    5.058    6.075    9.187    9.279    9.369   11.499
            0.166667  0.166667  0.000000
   -5.565    4.666    5.364    6.135    9.076    9.224    9.225   11.135
            0.133333  0.133333  0.000000
   -5.653    5.103    5.645    6.181    8.985    9.096    9.160   10.719
            0.100000  0.100000  0.000000
   -5.722    5.518    5.891    6.215    8.913    8.986    9.081   10.317
            0.066667  0.066667  0.000000
   -5.771    5.884    6.085    6.237    8.863    8.899    8.980    9.990
            0.033333  0.033333  0.000000
   -5.800    6.153    6.211    6.251    8.832    8.842    8.873    9.788
            0.000000  0.000000  0.000000
   -5.810    6.255    6.255    6.255    8.822    8.822    8.822    9.723
