  0.00000000E+00 -0.64792398E+01
  0.11116747E-01 -0.64792653E+01
  0.22233494E-01 -0.64793420E+01
  0.33350240E-01 -0.64794697E+01
  0.44466987E-01 -0.64796483E+01
  0.55583734E-01 -0.64798776E+01
  0.66700481E-01 -0.64801574E+01
  0.77817228E-01 -0.64804874E+01
  0.88933975E-01 -0.64808673E+01
  0.10005072E+00 -0.64812966E+01
  0.11116747E+00 -0.64817750E+01
  0.12228422E+00 -0.64823019E+01
  0.13340096E+00 -0.64828769E+01
  0.14451771E+00 -0.64834993E+01
  0.15563446E+00 -0.64841685E+01
  0.16675120E+00 -0.64848839E+01
  0.17786795E+00 -0.64856446E+01
  0.18898470E+00 -0.64864500E+01
  0.20010144E+00 -0.64872993E+01
  0.21121819E+00 -0.64881915E+01
  0.22233494E+00 -0.64891257E+01
  0.23345168E+00 -0.64901011E+01
  0.24456843E+00 -0.64911167E+01
  0.25568518E+00 -0.64921713E+01
  0.26680192E+00 -0.64932640E+01
  0.27791867E+00 -0.64943936E+01
  0.28903542E+00 -0.64955591E+01
  0.30015216E+00 -0.64967592E+01
  0.31126891E+00 -0.64979927E+01
  0.32238566E+00 -0.64992584E+01
  0.33350240E+00 -0.65005551E+01
  0.34461915E+00 -0.65018813E+01
  0.35573590E+00 -0.65032359E+01
  0.36685265E+00 -0.65046173E+01
  0.37796939E+00 -0.65060244E+01
  0.38908614E+00 -0.65074555E+01
  0.40020289E+00 -0.65089094E+01
  0.41131963E+00 -0.65103845E+01
  0.42243638E+00 -0.65118794E+01
  0.43355313E+00 -0.65133926E+01
  0.44466987E+00 -0.65149226E+01
  0.45578662E+00 -0.65164678E+01
  0.46690337E+00 -0.65180267E+01
  0.47802011E+00 -0.65195978E+01
  0.48913686E+00 -0.65211796E+01
  0.50025361E+00 -0.65227703E+01
  0.51137035E+00 -0.65243686E+01
  0.52248710E+00 -0.65259727E+01
  0.53360385E+00 -0.65275811E+01
  0.54472059E+00 -0.65291921E+01
  0.55583734E+00 -0.65308043E+01
  0.56695409E+00 -0.65324160E+01
  0.57807084E+00 -0.65340257E+01
  0.58918758E+00 -0.65356317E+01
  0.60030433E+00 -0.65372324E+01
  0.61142108E+00 -0.65388263E+01
  0.62253782E+00 -0.65404118E+01
  0.63365457E+00 -0.65419874E+01
  0.64477132E+00 -0.65435515E+01
  0.65588806E+00 -0.65451026E+01
  0.66700481E+00 -0.65466391E+01
  0.67812156E+00 -0.65481596E+01
  0.68923830E+00 -0.65496626E+01
  0.70035505E+00 -0.65511465E+01
  0.71147180E+00 -0.65526101E+01
  0.72258854E+00 -0.65540517E+01
  0.73370529E+00 -0.65554701E+01
  0.74482204E+00 -0.65568638E+01
  0.75593878E+00 -0.65582315E+01
  0.76705553E+00 -0.65595718E+01
  0.77817228E+00 -0.65608836E+01
  0.78928902E+00 -0.65621653E+01
  0.80040577E+00 -0.65634160E+01
  0.81152252E+00 -0.65646342E+01
  0.82263927E+00 -0.65658189E+01
  0.83375601E+00 -0.65669689E+01
  0.84487276E+00 -0.65680831E+01
  0.85598951E+00 -0.65691604E+01
  0.86710625E+00 -0.65701998E+01
  0.87822300E+00 -0.65712002E+01
  0.88933975E+00 -0.65721608E+01
  0.90045649E+00 -0.65730805E+01
  0.91157324E+00 -0.65739585E+01
  0.92268999E+00 -0.65747940E+01
  0.93380673E+00 -0.65755861E+01
  0.94492348E+00 -0.65763341E+01
  0.95604023E+00 -0.65770372E+01
  0.96715697E+00 -0.65776948E+01
  0.97827372E+00 -0.65783063E+01
  0.98939047E+00 -0.65788710E+01
  0.10005072E+01 -0.65793885E+01
  0.10116240E+01 -0.65798582E+01
  0.10227407E+01 -0.65802797E+01
  0.10338575E+01 -0.65806525E+01
  0.10449742E+01 -0.65809764E+01
  0.10560909E+01 -0.65812509E+01
  0.10672077E+01 -0.65814759E+01
  0.10783244E+01 -0.65816511E+01
  0.10894412E+01 -0.65817764E+01
  0.11005579E+01 -0.65818516E+01
  0.11116747E+01 -0.65818767E+01
  0.11229043E+01 -0.65818382E+01
  0.11341339E+01 -0.65817225E+01
  0.11453635E+01 -0.65815301E+01
  0.11565931E+01 -0.65812611E+01
  0.11678227E+01 -0.65809160E+01
  0.11790523E+01 -0.65804953E+01
  0.11902820E+01 -0.65799998E+01
  0.12015116E+01 -0.65794303E+01
  0.12127412E+01 -0.65787876E+01
  0.12239708E+01 -0.65780729E+01
  0.12352004E+01 -0.65772873E+01
  0.12464300E+01 -0.65764321E+01
  0.12576596E+01 -0.65755086E+01
  0.12688892E+01 -0.65745184E+01
  0.12801188E+01 -0.65734631E+01
  0.12913484E+01 -0.65723443E+01
  0.13025781E+01 -0.65711639E+01
  0.13138077E+01 -0.65699238E+01
  0.13250373E+01 -0.65686259E+01
  0.13362669E+01 -0.65672724E+01
  0.13474965E+01 -0.65658653E+01
  0.13587261E+01 -0.65644070E+01
  0.13699557E+01 -0.65628996E+01
  0.13811853E+01 -0.65613457E+01
  0.13924149E+01 -0.65597476E+01
  0.14036445E+01 -0.65581077E+01
  0.14148742E+01 -0.65564288E+01
  0.14261038E+01 -0.65547133E+01
  0.14373334E+01 -0.65529638E+01
  0.14485630E+01 -0.65511831E+01
  0.14597926E+01 -0.65493738E+01
  0.14710222E+01 -0.65475387E+01
  0.14822518E+01 -0.65456804E+01
  0.14934814E+01 -0.65438017E+01
  0.15047110E+01 -0.65419054E+01
  0.15047110E+01 -0.65419054E+01
  0.15158347E+01 -0.65400123E+01
  0.15269584E+01 -0.65381072E+01
  0.15380820E+01 -0.65361928E+01
  0.15492057E+01 -0.65342717E+01
  0.15603294E+01 -0.65323465E+01
  0.15714531E+01 -0.65304198E+01
  0.15825767E+01 -0.65284941E+01
  0.15937004E+01 -0.65265718E+01
  0.16048241E+01 -0.65246555E+01
  0.16159477E+01 -0.65227476E+01
  0.16270714E+01 -0.65208502E+01
  0.16381951E+01 -0.65189658E+01
  0.16493188E+01 -0.65170966E+01
  0.16604424E+01 -0.65152446E+01
  0.16715661E+01 -0.65134119E+01
  0.16826898E+01 -0.65116005E+01
  0.16938134E+01 -0.65098123E+01
  0.17049371E+01 -0.65080491E+01
  0.17160608E+01 -0.65063127E+01
  0.17271844E+01 -0.65046046E+01
  0.17383081E+01 -0.65029266E+01
  0.17494318E+01 -0.65012799E+01
  0.17605555E+01 -0.65014796E+01
  0.17716791E+01 -0.65026943E+01
  0.17828028E+01 -0.65038608E+01
  0.17939265E+01 -0.65049777E+01
  0.18050501E+01 -0.65060436E+01
  0.18161738E+01 -0.65070572E+01
  0.18272975E+01 -0.65080174E+01
  0.18384211E+01 -0.65089231E+01
  0.18495448E+01 -0.65097733E+01
  0.18606685E+01 -0.65105672E+01
  0.18717922E+01 -0.65113041E+01
  0.18829158E+01 -0.65119833E+01
  0.18940395E+01 -0.65126045E+01
  0.19051632E+01 -0.65131671E+01
  0.19162868E+01 -0.65136710E+01
  0.19274105E+01 -0.65141160E+01
  0.19385342E+01 -0.65145020E+01
  0.19496579E+01 -0.65148292E+01
  0.19607815E+01 -0.65150977E+01
  0.19719052E+01 -0.65153078E+01
  0.19830289E+01 -0.65154601E+01
  0.19941525E+01 -0.65155549E+01
  0.20052762E+01 -0.65155930E+01
  0.20163999E+01 -0.65155751E+01
  0.20275235E+01 -0.65155021E+01
  0.20386472E+01 -0.65153750E+01
  0.20497709E+01 -0.65151947E+01
  0.20608946E+01 -0.65149625E+01
  0.20720182E+01 -0.65146797E+01
  0.20831419E+01 -0.65143476E+01
  0.20942656E+01 -0.65139676E+01
  0.21053892E+01 -0.65135414E+01
  0.21165129E+01 -0.65130704E+01
  0.21276366E+01 -0.65125565E+01
  0.21387602E+01 -0.65120013E+01
  0.21498839E+01 -0.65114068E+01
  0.21610076E+01 -0.65107749E+01
  0.21721313E+01 -0.65101076E+01
  0.21832549E+01 -0.65094068E+01
  0.21943786E+01 -0.65086748E+01
  0.22055023E+01 -0.65079137E+01
  0.22166259E+01 -0.65071256E+01
  0.22277496E+01 -0.65063128E+01
  0.22388733E+01 -0.65054776E+01
  0.22499970E+01 -0.65046224E+01
  0.22611206E+01 -0.65037494E+01
  0.22722443E+01 -0.65028610E+01
  0.22833680E+01 -0.65019596E+01
  0.22944916E+01 -0.65010476E+01
  0.23056153E+01 -0.65001274E+01
  0.23167390E+01 -0.64992015E+01
  0.23278626E+01 -0.64982721E+01
  0.23389863E+01 -0.64973418E+01
  0.23501100E+01 -0.64964129E+01
  0.23612337E+01 -0.64954877E+01
  0.23723573E+01 -0.64945686E+01
  0.23834810E+01 -0.64936580E+01
  0.23946047E+01 -0.64927581E+01
  0.24057283E+01 -0.64918712E+01
  0.24168520E+01 -0.64909994E+01
  0.24279757E+01 -0.64901450E+01
  0.24390993E+01 -0.64893100E+01
  0.24502230E+01 -0.64884965E+01
  0.24613467E+01 -0.64877065E+01
  0.24724704E+01 -0.64869420E+01
  0.24835940E+01 -0.64862048E+01
  0.24947177E+01 -0.64854966E+01
  0.25058414E+01 -0.64848193E+01
  0.25169650E+01 -0.64841745E+01
  0.25280887E+01 -0.64835636E+01
  0.25392124E+01 -0.64829883E+01
  0.25503361E+01 -0.64824499E+01
  0.25614597E+01 -0.64819496E+01
  0.25725834E+01 -0.64814888E+01
  0.25837071E+01 -0.64810684E+01
  0.25948307E+01 -0.64806895E+01
  0.26059544E+01 -0.64803531E+01
  0.26170781E+01 -0.64800598E+01
  0.26282017E+01 -0.64798105E+01
  0.26393254E+01 -0.64796057E+01
  0.26504491E+01 -0.64794459E+01
  0.26615728E+01 -0.64793315E+01
  0.26726964E+01 -0.64792627E+01
  0.26838201E+01 -0.64792398E+01
  0.26948861E+01 -0.64792616E+01
  0.27059520E+01 -0.64793270E+01
  0.27170180E+01 -0.64794360E+01
  0.27280839E+01 -0.64795884E+01
  0.27391499E+01 -0.64797840E+01
  0.27502159E+01 -0.64800226E+01
  0.27612818E+01 -0.64803037E+01
  0.27723478E+01 -0.64806272E+01
  0.27834137E+01 -0.64809925E+01
  0.27944797E+01 -0.64813991E+01
  0.28055457E+01 -0.64818466E+01
  0.28166116E+01 -0.64823344E+01
  0.28276776E+01 -0.64828617E+01
  0.28387435E+01 -0.64834280E+01
  0.28498095E+01 -0.64840325E+01
  0.28608755E+01 -0.64846744E+01
  0.28719414E+01 -0.64853529E+01
  0.28830074E+01 -0.64860670E+01
  0.28940733E+01 -0.64868159E+01
  0.29051393E+01 -0.64875986E+01
  0.29162053E+01 -0.64884141E+01
  0.29272712E+01 -0.64892612E+01
  0.29383372E+01 -0.64901389E+01
  0.29494031E+01 -0.64910461E+01
  0.29604691E+01 -0.64919815E+01
  0.29715351E+01 -0.64929440E+01
  0.29826010E+01 -0.64939322E+01
  0.29936670E+01 -0.64949450E+01
  0.30047329E+01 -0.64959809E+01
  0.30157989E+01 -0.64970387E+01
  0.30268649E+01 -0.64981169E+01
  0.30379308E+01 -0.64992141E+01
  0.30489968E+01 -0.65003290E+01
  0.30600627E+01 -0.65014600E+01
  0.30711287E+01 -0.65026057E+01
  0.30821947E+01 -0.65037646E+01
  0.30932606E+01 -0.65049352E+01
  0.31043266E+01 -0.65061159E+01
  0.31153925E+01 -0.65073052E+01
  0.31264585E+01 -0.65085016E+01
  0.31375245E+01 -0.65097035E+01
  0.31485904E+01 -0.65109094E+01
  0.31596564E+01 -0.65121176E+01
  0.31707223E+01 -0.65133265E+01
  0.31817883E+01 -0.65145347E+01
  0.31928543E+01 -0.65157406E+01
  0.32039202E+01 -0.65169425E+01
  0.32149862E+01 -0.65181389E+01
  0.32260521E+01 -0.65193282E+01
  0.32371181E+01 -0.65205089E+01
  0.32481841E+01 -0.65216795E+01
  0.32592500E+01 -0.65228384E+01
  0.32703160E+01 -0.65239841E+01
  0.32813819E+01 -0.65251151E+01
  0.32924479E+01 -0.65262300E+01
  0.33035139E+01 -0.65273272E+01
  0.33145798E+01 -0.65284054E+01
  0.33256458E+01 -0.65294632E+01
  0.33367117E+01 -0.65304991E+01
  0.33477777E+01 -0.65315119E+01
  0.33588437E+01 -0.65325001E+01
  0.33699096E+01 -0.65334626E+01
  0.33809756E+01 -0.65343980E+01
  0.33920415E+01 -0.65353052E+01
  0.34031075E+01 -0.65361829E+01
  0.34141735E+01 -0.65370300E+01
  0.34252394E+01 -0.65378455E+01
  0.34363054E+01 -0.65386281E+01
  0.34473713E+01 -0.65393771E+01
  0.34584373E+01 -0.65400912E+01
  0.34695033E+01 -0.65407697E+01
  0.34805692E+01 -0.65414116E+01
  0.34916352E+01 -0.65420161E+01
  0.35027011E+01 -0.65425824E+01
  0.35137671E+01 -0.65431097E+01
  0.35248331E+01 -0.65435975E+01
  0.35358990E+01 -0.65440450E+01
  0.35469650E+01 -0.65444516E+01
  0.35580309E+01 -0.65448169E+01
  0.35690969E+01 -0.65451404E+01
  0.35801629E+01 -0.65454215E+01
  0.35912288E+01 -0.65456601E+01
  0.36022948E+01 -0.65458557E+01
  0.36133607E+01 -0.65460080E+01
  0.36244267E+01 -0.65461170E+01
  0.36354927E+01 -0.65461825E+01
  0.36465586E+01 -0.65462043E+01
  0.36576301E+01 -0.65461824E+01
  0.36687015E+01 -0.65461168E+01
  0.36797730E+01 -0.65460076E+01
  0.36908444E+01 -0.65458551E+01
  0.37019158E+01 -0.65456596E+01
  0.37129873E+01 -0.65454217E+01
  0.37240587E+01 -0.65451419E+01
  0.37351302E+01 -0.65448208E+01
  0.37462016E+01 -0.65444592E+01
  0.37572731E+01 -0.65440581E+01
  0.37683445E+01 -0.65436183E+01
  0.37794160E+01 -0.65431408E+01
  0.37904874E+01 -0.65426269E+01
  0.38015589E+01 -0.65420778E+01
  0.38126303E+01 -0.65414946E+01
  0.38237018E+01 -0.65408789E+01
  0.38347732E+01 -0.65402319E+01
  0.38458447E+01 -0.65395553E+01
  0.38569161E+01 -0.65388506E+01
  0.38679875E+01 -0.65381193E+01
  0.38790590E+01 -0.65373633E+01
  0.38901304E+01 -0.65365841E+01
  0.39012019E+01 -0.65357836E+01
  0.39122733E+01 -0.65349635E+01
  0.39233448E+01 -0.65341256E+01
  0.39344162E+01 -0.65332719E+01
  0.39454877E+01 -0.65324041E+01
  0.39565591E+01 -0.65315242E+01
  0.39676306E+01 -0.65306340E+01
  0.39787020E+01 -0.65297354E+01
  0.39897735E+01 -0.65288303E+01
  0.40008449E+01 -0.65279206E+01
  0.40119163E+01 -0.65270081E+01
  0.40229878E+01 -0.65260947E+01
  0.40340592E+01 -0.65251822E+01
  0.40451307E+01 -0.65242725E+01
  0.40562021E+01 -0.65233672E+01
  0.40672736E+01 -0.65224682E+01
  0.40783450E+01 -0.65215772E+01
  0.40894165E+01 -0.65206957E+01
  0.41004879E+01 -0.65198255E+01
  0.41115594E+01 -0.65189682E+01
  0.41226308E+01 -0.65181252E+01
  0.41337023E+01 -0.65172981E+01
  0.41447737E+01 -0.65164883E+01
  0.41558452E+01 -0.65156972E+01
  0.41669166E+01 -0.65149262E+01
  0.41779880E+01 -0.65141766E+01
  0.41890595E+01 -0.65134496E+01
  0.42001309E+01 -0.65127464E+01
  0.42112024E+01 -0.65120682E+01
  0.42222738E+01 -0.65114161E+01
  0.42333453E+01 -0.65107910E+01
  0.42444167E+01 -0.65101940E+01
  0.42554882E+01 -0.65096261E+01
  0.42665596E+01 -0.65090881E+01
  0.42776311E+01 -0.65085809E+01
  0.42887025E+01 -0.65081052E+01
  0.42997740E+01 -0.65076618E+01
  0.43108454E+01 -0.65072513E+01
  0.43219169E+01 -0.65068745E+01
  0.43329883E+01 -0.65065317E+01
  0.43440597E+01 -0.65062237E+01
  0.43551312E+01 -0.65059508E+01
  0.43662026E+01 -0.65057134E+01
  0.43772741E+01 -0.65055119E+01
  0.43883455E+01 -0.65053467E+01
  0.43994170E+01 -0.65052179E+01
  0.44104884E+01 -0.65051258E+01
  0.44215599E+01 -0.65050704E+01
  0.44326313E+01 -0.65050520E+01
  0.44437481E+01 -0.65074726E+01
  0.44548648E+01 -0.65098903E+01
  0.44659816E+01 -0.65123028E+01
  0.44770983E+01 -0.65147077E+01
  0.44882151E+01 -0.65171025E+01
  0.44993318E+01 -0.65194850E+01
  0.45104485E+01 -0.65218528E+01
  0.45215653E+01 -0.65242035E+01
  0.45326820E+01 -0.65265349E+01
  0.45437988E+01 -0.65288447E+01
  0.45549155E+01 -0.65311306E+01
  0.45660323E+01 -0.65333903E+01
  0.45771490E+01 -0.65356217E+01
  0.45882658E+01 -0.65378225E+01
  0.45993825E+01 -0.65399907E+01
  0.46104993E+01 -0.65421240E+01
  0.46216160E+01 -0.65442205E+01
  0.46327328E+01 -0.65462779E+01
  0.46438495E+01 -0.65482945E+01
  0.46549663E+01 -0.65502681E+01
  0.46660830E+01 -0.65521968E+01
  0.46771997E+01 -0.65540788E+01
  0.46883165E+01 -0.65559122E+01
  0.46994332E+01 -0.65576953E+01
  0.47105500E+01 -0.65594262E+01
  0.47216667E+01 -0.65611034E+01
  0.47327835E+01 -0.65627252E+01
  0.47439002E+01 -0.65642900E+01
  0.47550170E+01 -0.65657962E+01
  0.47661337E+01 -0.65672425E+01
  0.47772505E+01 -0.65686274E+01
  0.47883672E+01 -0.65699496E+01
  0.47994840E+01 -0.65712078E+01
  0.48106007E+01 -0.65724007E+01
  0.48217175E+01 -0.65735272E+01
  0.48328342E+01 -0.65745863E+01
  0.48439510E+01 -0.65755768E+01
  0.48550677E+01 -0.65764979E+01
  0.48661844E+01 -0.65773486E+01
  0.48773012E+01 -0.65781281E+01
  0.48884179E+01 -0.65788357E+01
  0.48995347E+01 -0.65794706E+01
  0.49106514E+01 -0.65800323E+01
  0.49217682E+01 -0.65805202E+01
  0.49328849E+01 -0.65809339E+01
  0.49440017E+01 -0.65812728E+01
  0.49551184E+01 -0.65815368E+01
  0.49662352E+01 -0.65817256E+01
  0.49773519E+01 -0.65818389E+01
  0.49884687E+01 -0.65818767E+01
  
  0.00000000E+00 -0.64792398E+01
  0.11116747E-01 -0.64792273E+01
  0.22233494E-01 -0.64791899E+01
  0.33350240E-01 -0.64791277E+01
  0.44466987E-01 -0.64790406E+01
  0.55583734E-01 -0.64789287E+01
  0.66700481E-01 -0.64787923E+01
  0.77817228E-01 -0.64786313E+01
  0.88933975E-01 -0.64784459E+01
  0.10005072E+00 -0.64782364E+01
  0.11116747E+00 -0.64780029E+01
  0.12228422E+00 -0.64777455E+01
  0.13340096E+00 -0.64774647E+01
  0.14451771E+00 -0.64771606E+01
  0.15563446E+00 -0.64768335E+01
  0.16675120E+00 -0.64764837E+01
  0.17786795E+00 -0.64761115E+01
  0.18898470E+00 -0.64757173E+01
  0.20010144E+00 -0.64753015E+01
  0.21121819E+00 -0.64748644E+01
  0.22233494E+00 -0.64744065E+01
  0.23345168E+00 -0.64739282E+01
  0.24456843E+00 -0.64734299E+01
  0.25568518E+00 -0.64729122E+01
  0.26680192E+00 -0.64723754E+01
  0.27791867E+00 -0.64718201E+01
  0.28903542E+00 -0.64712469E+01
  0.30015216E+00 -0.64706562E+01
  0.31126891E+00 -0.64700487E+01
  0.32238566E+00 -0.64694249E+01
  0.33350240E+00 -0.64687853E+01
  0.34461915E+00 -0.64681307E+01
  0.35573590E+00 -0.64674617E+01
  0.36685265E+00 -0.64667788E+01
  0.37796939E+00 -0.64660827E+01
  0.38908614E+00 -0.64653741E+01
  0.40020289E+00 -0.64646537E+01
  0.41131963E+00 -0.64639222E+01
  0.42243638E+00 -0.64631802E+01
  0.43355313E+00 -0.64624286E+01
  0.44466987E+00 -0.64616679E+01
  0.45578662E+00 -0.64608990E+01
  0.46690337E+00 -0.64601226E+01
  0.47802011E+00 -0.64593395E+01
  0.48913686E+00 -0.64585504E+01
  0.50025361E+00 -0.64577561E+01
  0.51137035E+00 -0.64569573E+01
  0.52248710E+00 -0.64561548E+01
  0.53360385E+00 -0.64553496E+01
  0.54472059E+00 -0.64545422E+01
  0.55583734E+00 -0.64537335E+01
  0.56695409E+00 -0.64529244E+01
  0.57807084E+00 -0.64521155E+01
  0.58918758E+00 -0.64513078E+01
  0.60030433E+00 -0.64505020E+01
  0.61142108E+00 -0.64496989E+01
  0.62253782E+00 -0.64488994E+01
  0.63365457E+00 -0.64481041E+01
  0.64477132E+00 -0.64473139E+01
  0.65588806E+00 -0.64465297E+01
  0.66700481E+00 -0.64457521E+01
  0.67812156E+00 -0.64449820E+01
  0.68923830E+00 -0.64442201E+01
  0.70035505E+00 -0.64434672E+01
  0.71147180E+00 -0.64427241E+01
  0.72258854E+00 -0.64419915E+01
  0.73370529E+00 -0.64412701E+01
  0.74482204E+00 -0.64405607E+01
  0.75593878E+00 -0.64398641E+01
  0.76705553E+00 -0.64391808E+01
  0.77817228E+00 -0.64385116E+01
  0.78928902E+00 -0.64378573E+01
  0.80040577E+00 -0.64372184E+01
  0.81152252E+00 -0.64365956E+01
  0.82263927E+00 -0.64359895E+01
  0.83375601E+00 -0.64354008E+01
  0.84487276E+00 -0.64348301E+01
  0.85598951E+00 -0.64342779E+01
  0.86710625E+00 -0.64337449E+01
  0.87822300E+00 -0.64332315E+01
  0.88933975E+00 -0.64327384E+01
  0.90045649E+00 -0.64322659E+01
  0.91157324E+00 -0.64318146E+01
  0.92268999E+00 -0.64313851E+01
  0.93380673E+00 -0.64309776E+01
  0.94492348E+00 -0.64305926E+01
  0.95604023E+00 -0.64302306E+01
  0.96715697E+00 -0.64298919E+01
  0.97827372E+00 -0.64295768E+01
  0.98939047E+00 -0.64292858E+01
  0.10005072E+01 -0.64290190E+01
  0.10116240E+01 -0.64287768E+01
  0.10227407E+01 -0.64285593E+01
  0.10338575E+01 -0.64283670E+01
  0.10449742E+01 -0.64281999E+01
  0.10560909E+01 -0.64280581E+01
  0.10672077E+01 -0.64279420E+01
  0.10783244E+01 -0.64278515E+01
  0.10894412E+01 -0.64277869E+01
  0.11005579E+01 -0.64277480E+01
  0.11116747E+01 -0.64277351E+01
  0.11229043E+01 -0.64277714E+01
  0.11341339E+01 -0.64278804E+01
  0.11453635E+01 -0.64280618E+01
  0.11565931E+01 -0.64283153E+01
  0.11678227E+01 -0.64286405E+01
  0.11790523E+01 -0.64290368E+01
  0.11902820E+01 -0.64295036E+01
  0.12015116E+01 -0.64300399E+01
  0.12127412E+01 -0.64306449E+01
  0.12239708E+01 -0.64313176E+01
  0.12352004E+01 -0.64320566E+01
  0.12464300E+01 -0.64328609E+01
  0.12576596E+01 -0.64337289E+01
  0.12688892E+01 -0.64346592E+01
  0.12801188E+01 -0.64356501E+01
  0.12913484E+01 -0.64367000E+01
  0.13025781E+01 -0.64378069E+01
  0.13138077E+01 -0.64389691E+01
  0.13250373E+01 -0.64401845E+01
  0.13362669E+01 -0.64414510E+01
  0.13474965E+01 -0.64427664E+01
  0.13587261E+01 -0.64441284E+01
  0.13699557E+01 -0.64455348E+01
  0.13811853E+01 -0.64469831E+01
  0.13924149E+01 -0.64484708E+01
  0.14036445E+01 -0.64499954E+01
  0.14148742E+01 -0.64515543E+01
  0.14261038E+01 -0.64531448E+01
  0.14373334E+01 -0.64547643E+01
  0.14485630E+01 -0.64564100E+01
  0.14597926E+01 -0.64580791E+01
  0.14710222E+01 -0.64597689E+01
  0.14822518E+01 -0.64614764E+01
  0.14934814E+01 -0.64631988E+01
  0.15047110E+01 -0.64649333E+01
  0.15047110E+01 -0.64649333E+01
  0.15158347E+01 -0.64666605E+01
  0.15269584E+01 -0.64683939E+01
  0.15380820E+01 -0.64701306E+01
  0.15492057E+01 -0.64718680E+01
  0.15603294E+01 -0.64736031E+01
  0.15714531E+01 -0.64753333E+01
  0.15825767E+01 -0.64770557E+01
  0.15937004E+01 -0.64787677E+01
  0.16048241E+01 -0.64804665E+01
  0.16159477E+01 -0.64821496E+01
  0.16270714E+01 -0.64838142E+01
  0.16381951E+01 -0.64854579E+01
  0.16493188E+01 -0.64870781E+01
  0.16604424E+01 -0.64886723E+01
  0.16715661E+01 -0.64902381E+01
  0.16826898E+01 -0.64917733E+01
  0.16938134E+01 -0.64932755E+01
  0.17049371E+01 -0.64947426E+01
  0.17160608E+01 -0.64961724E+01
  0.17271844E+01 -0.64975629E+01
  0.17383081E+01 -0.64989122E+01
  0.17494318E+01 -0.65002183E+01
  0.17605555E+01 -0.64996661E+01
  0.17716791E+01 -0.64980863E+01
  0.17828028E+01 -0.64965419E+01
  0.17939265E+01 -0.64950339E+01
  0.18050501E+01 -0.64935633E+01
  0.18161738E+01 -0.64921311E+01
  0.18272975E+01 -0.64907381E+01
  0.18384211E+01 -0.64893852E+01
  0.18495448E+01 -0.64880730E+01
  0.18606685E+01 -0.64868021E+01
  0.18717922E+01 -0.64855731E+01
  0.18829158E+01 -0.64843866E+01
  0.18940395E+01 -0.64832428E+01
  0.19051632E+01 -0.64821422E+01
  0.19162868E+01 -0.64810850E+01
  0.19274105E+01 -0.64800715E+01
  0.19385342E+01 -0.64791018E+01
  0.19496579E+01 -0.64781762E+01
  0.19607815E+01 -0.64772946E+01
  0.19719052E+01 -0.64764571E+01
  0.19830289E+01 -0.64756636E+01
  0.19941525E+01 -0.64749142E+01
  0.20052762E+01 -0.64742086E+01
  0.20163999E+01 -0.64735468E+01
  0.20275235E+01 -0.64729286E+01
  0.20386472E+01 -0.64723537E+01
  0.20497709E+01 -0.64718218E+01
  0.20608946E+01 -0.64713327E+01
  0.20720182E+01 -0.64708859E+01
  0.20831419E+01 -0.64704810E+01
  0.20942656E+01 -0.64701177E+01
  0.21053892E+01 -0.64697953E+01
  0.21165129E+01 -0.64695133E+01
  0.21276366E+01 -0.64692710E+01
  0.21387602E+01 -0.64690679E+01
  0.21498839E+01 -0.64689032E+01
  0.21610076E+01 -0.64687760E+01
  0.21721313E+01 -0.64686856E+01
  0.21832549E+01 -0.64686310E+01
  0.21943786E+01 -0.64686111E+01
  0.22055023E+01 -0.64686251E+01
  0.22166259E+01 -0.64686716E+01
  0.22277496E+01 -0.64687496E+01
  0.22388733E+01 -0.64688577E+01
  0.22499970E+01 -0.64689947E+01
  0.22611206E+01 -0.64691592E+01
  0.22722443E+01 -0.64693496E+01
  0.22833680E+01 -0.64695645E+01
  0.22944916E+01 -0.64698023E+01
  0.23056153E+01 -0.64700614E+01
  0.23167390E+01 -0.64703401E+01
  0.23278626E+01 -0.64706366E+01
  0.23389863E+01 -0.64709493E+01
  0.23501100E+01 -0.64712762E+01
  0.23612337E+01 -0.64716157E+01
  0.23723573E+01 -0.64720290E+01
  0.23834810E+01 -0.64725039E+01
  0.23946047E+01 -0.64729659E+01
  0.24057283E+01 -0.64734144E+01
  0.24168520E+01 -0.64738490E+01
  0.24279757E+01 -0.64742693E+01
  0.24390993E+01 -0.64746749E+01
  0.24502230E+01 -0.64750654E+01
  0.24613467E+01 -0.64754404E+01
  0.24724704E+01 -0.64757995E+01
  0.24835940E+01 -0.64761425E+01
  0.24947177E+01 -0.64764689E+01
  0.25058414E+01 -0.64767785E+01
  0.25169650E+01 -0.64770708E+01
  0.25280887E+01 -0.64773458E+01
  0.25392124E+01 -0.64776029E+01
  0.25503361E+01 -0.64778421E+01
  0.25614597E+01 -0.64780631E+01
  0.25725834E+01 -0.64782656E+01
  0.25837071E+01 -0.64784494E+01
  0.25948307E+01 -0.64786144E+01
  0.26059544E+01 -0.64787603E+01
  0.26170781E+01 -0.64788872E+01
  0.26282017E+01 -0.64789947E+01
  0.26393254E+01 -0.64790828E+01
  0.26504491E+01 -0.64791514E+01
  0.26615728E+01 -0.64792005E+01
  0.26726964E+01 -0.64792299E+01
  0.26838201E+01 -0.64792398E+01
  0.26948861E+01 -0.64792292E+01
  0.27059520E+01 -0.64791974E+01
  0.27170180E+01 -0.64791445E+01
  0.27280839E+01 -0.64790706E+01
  0.27391499E+01 -0.64789758E+01
  0.27502159E+01 -0.64788604E+01
  0.27612818E+01 -0.64787244E+01
  0.27723478E+01 -0.64785682E+01
  0.27834137E+01 -0.64783921E+01
  0.27944797E+01 -0.64781965E+01
  0.28055457E+01 -0.64779816E+01
  0.28166116E+01 -0.64777479E+01
  0.28276776E+01 -0.64774958E+01
  0.28387435E+01 -0.64772258E+01
  0.28498095E+01 -0.64769385E+01
  0.28608755E+01 -0.64766344E+01
  0.28719414E+01 -0.64763140E+01
  0.28830074E+01 -0.64759780E+01
  0.28940733E+01 -0.64756270E+01
  0.29051393E+01 -0.64752616E+01
  0.29162053E+01 -0.64748827E+01
  0.29272712E+01 -0.64744909E+01
  0.29383372E+01 -0.64740869E+01
  0.29494031E+01 -0.64736715E+01
  0.29604691E+01 -0.64732456E+01
  0.29715351E+01 -0.64728098E+01
  0.29826010E+01 -0.64723652E+01
  0.29936670E+01 -0.64719124E+01
  0.30047329E+01 -0.64714524E+01
  0.30157989E+01 -0.64709860E+01
  0.30268649E+01 -0.64705141E+01
  0.30379308E+01 -0.64700375E+01
  0.30489968E+01 -0.64695573E+01
  0.30600627E+01 -0.64690741E+01
  0.30711287E+01 -0.64685890E+01
  0.30821947E+01 -0.64681028E+01
  0.30932606E+01 -0.64676163E+01
  0.31043266E+01 -0.64671305E+01
  0.31153925E+01 -0.64666461E+01
  0.31264585E+01 -0.64661641E+01
  0.31375245E+01 -0.64656851E+01
  0.31485904E+01 -0.64652100E+01
  0.31596564E+01 -0.64647396E+01
  0.31707223E+01 -0.64642746E+01
  0.31817883E+01 -0.64638157E+01
  0.31928543E+01 -0.64633636E+01
  0.32039202E+01 -0.64629188E+01
  0.32149862E+01 -0.64624821E+01
  0.32260521E+01 -0.64620540E+01
  0.32371181E+01 -0.64616350E+01
  0.32481841E+01 -0.64612256E+01
  0.32592500E+01 -0.64608262E+01
  0.32703160E+01 -0.64604374E+01
  0.32813819E+01 -0.64600593E+01
  0.32924479E+01 -0.64596924E+01
  0.33035139E+01 -0.64593369E+01
  0.33145798E+01 -0.64589931E+01
  0.33256458E+01 -0.64586611E+01
  0.33367117E+01 -0.64583412E+01
  0.33477777E+01 -0.64580334E+01
  0.33588437E+01 -0.64577379E+01
  0.33699096E+01 -0.64574547E+01
  0.33809756E+01 -0.64571838E+01
  0.33920415E+01 -0.64569252E+01
  0.34031075E+01 -0.64566789E+01
  0.34141735E+01 -0.64564448E+01
  0.34252394E+01 -0.64562229E+01
  0.34363054E+01 -0.64560131E+01
  0.34473713E+01 -0.64558152E+01
  0.34584373E+01 -0.64556292E+01
  0.34695033E+01 -0.64554549E+01
  0.34805692E+01 -0.64552921E+01
  0.34916352E+01 -0.64551407E+01
  0.35027011E+01 -0.64550006E+01
  0.35137671E+01 -0.64548715E+01
  0.35248331E+01 -0.64547535E+01
  0.35358990E+01 -0.64546463E+01
  0.35469650E+01 -0.64545497E+01
  0.35580309E+01 -0.64544637E+01
  0.35690969E+01 -0.64543881E+01
  0.35801629E+01 -0.64543228E+01
  0.35912288E+01 -0.64542678E+01
  0.36022948E+01 -0.64542228E+01
  0.36133607E+01 -0.64541880E+01
  0.36244267E+01 -0.64541631E+01
  0.36354927E+01 -0.64541482E+01
  0.36465586E+01 -0.64541432E+01
  0.36576301E+01 -0.64541658E+01
  0.36687015E+01 -0.64542336E+01
  0.36797730E+01 -0.64543466E+01
  0.36908444E+01 -0.64545045E+01
  0.37019158E+01 -0.64547073E+01
  0.37129873E+01 -0.64549546E+01
  0.37240587E+01 -0.64552463E+01
  0.37351302E+01 -0.64555819E+01
  0.37462016E+01 -0.64559611E+01
  0.37572731E+01 -0.64563834E+01
  0.37683445E+01 -0.64568482E+01
  0.37794160E+01 -0.64573551E+01
  0.37904874E+01 -0.64579033E+01
  0.38015589E+01 -0.64584920E+01
  0.38126303E+01 -0.64591205E+01
  0.38237018E+01 -0.64597880E+01
  0.38347732E+01 -0.64604933E+01
  0.38458447E+01 -0.64612356E+01
  0.38569161E+01 -0.64620135E+01
  0.38679875E+01 -0.64628260E+01
  0.38790590E+01 -0.64636718E+01
  0.38901304E+01 -0.64645494E+01
  0.39012019E+01 -0.64654574E+01
  0.39122733E+01 -0.64663942E+01
  0.39233448E+01 -0.64673582E+01
  0.39344162E+01 -0.64683477E+01
  0.39454877E+01 -0.64693608E+01
  0.39565591E+01 -0.64703959E+01
  0.39676306E+01 -0.64714508E+01
  0.39787020E+01 -0.64725236E+01
  0.39897735E+01 -0.64736122E+01
  0.40008449E+01 -0.64747145E+01
  0.40119163E+01 -0.64758284E+01
  0.40229878E+01 -0.64769515E+01
  0.40340592E+01 -0.64780818E+01
  0.40451307E+01 -0.64792167E+01
  0.40562021E+01 -0.64803542E+01
  0.40672736E+01 -0.64814916E+01
  0.40783450E+01 -0.64826269E+01
  0.40894165E+01 -0.64837574E+01
  0.41004879E+01 -0.64848810E+01
  0.41115594E+01 -0.64859951E+01
  0.41226308E+01 -0.64870975E+01
  0.41337023E+01 -0.64881858E+01
  0.41447737E+01 -0.64892577E+01
  0.41558452E+01 -0.64903109E+01
  0.41669166E+01 -0.64913431E+01
  0.41779880E+01 -0.64923521E+01
  0.41890595E+01 -0.64933358E+01
  0.42001309E+01 -0.64942919E+01
  0.42112024E+01 -0.64952186E+01
  0.42222738E+01 -0.64961136E+01
  0.42333453E+01 -0.64969752E+01
  0.42444167E+01 -0.64978014E+01
  0.42554882E+01 -0.64985905E+01
  0.42665596E+01 -0.64993408E+01
  0.42776311E+01 -0.65000505E+01
  0.42887025E+01 -0.65007182E+01
  0.42997740E+01 -0.65013425E+01
  0.43108454E+01 -0.65019219E+01
  0.43219169E+01 -0.65024553E+01
  0.43329883E+01 -0.65029414E+01
  0.43440597E+01 -0.65033792E+01
  0.43551312E+01 -0.65037678E+01
  0.43662026E+01 -0.65041063E+01
  0.43772741E+01 -0.65043939E+01
  0.43883455E+01 -0.65046301E+01
  0.43994170E+01 -0.65048144E+01
  0.44104884E+01 -0.65049463E+01
  0.44215599E+01 -0.65050256E+01
  0.44326313E+01 -0.65050520E+01
  0.44437481E+01 -0.65026309E+01
  0.44548648E+01 -0.65002117E+01
  0.44659816E+01 -0.64977968E+01
  0.44770983E+01 -0.64953886E+01
  0.44882151E+01 -0.64929894E+01
  0.44993318E+01 -0.64906017E+01
  0.45104485E+01 -0.64882278E+01
  0.45215653E+01 -0.64858700E+01
  0.45326820E+01 -0.64835308E+01
  0.45437988E+01 -0.64812123E+01
  0.45549155E+01 -0.64789169E+01
  0.45660323E+01 -0.64766470E+01
  0.45771490E+01 -0.64744047E+01
  0.45882658E+01 -0.64721922E+01
  0.45993825E+01 -0.64700118E+01
  0.46104993E+01 -0.64678657E+01
  0.46216160E+01 -0.64657560E+01
  0.46327328E+01 -0.64636847E+01
  0.46438495E+01 -0.64616540E+01
  0.46549663E+01 -0.64596659E+01
  0.46660830E+01 -0.64577223E+01
  0.46771997E+01 -0.64558252E+01
  0.46883165E+01 -0.64539765E+01
  0.46994332E+01 -0.64521781E+01
  0.47105500E+01 -0.64504316E+01
  0.47216667E+01 -0.64487390E+01
  0.47327835E+01 -0.64471018E+01
  0.47439002E+01 -0.64455218E+01
  0.47550170E+01 -0.64440004E+01
  0.47661337E+01 -0.64425393E+01
  0.47772505E+01 -0.64411399E+01
  0.47883672E+01 -0.64398035E+01
  0.47994840E+01 -0.64385316E+01
  0.48106007E+01 -0.64373253E+01
  0.48217175E+01 -0.64361860E+01
  0.48328342E+01 -0.64351147E+01
  0.48439510E+01 -0.64341126E+01
  0.48550677E+01 -0.64331806E+01
  0.48661844E+01 -0.64323197E+01
  0.48773012E+01 -0.64315307E+01
  0.48884179E+01 -0.64308144E+01
  0.48995347E+01 -0.64301716E+01
  0.49106514E+01 -0.64296029E+01
  0.49217682E+01 -0.64291088E+01
  0.49328849E+01 -0.64286900E+01
  0.49440017E+01 -0.64283467E+01
  0.49551184E+01 -0.64280793E+01
  0.49662352E+01 -0.64278881E+01
  0.49773519E+01 -0.64277733E+01
  0.49884687E+01 -0.64277351E+01
  
  0.00000000E+00 -0.64792398E+01
  0.11116747E-01 -0.64792273E+01
  0.22233494E-01 -0.64791899E+01
  0.33350240E-01 -0.64791277E+01
  0.44466987E-01 -0.64790406E+01
  0.55583734E-01 -0.64789287E+01
  0.66700481E-01 -0.64787923E+01
  0.77817228E-01 -0.64786313E+01
  0.88933975E-01 -0.64784459E+01
  0.10005072E+00 -0.64782364E+01
  0.11116747E+00 -0.64780029E+01
  0.12228422E+00 -0.64777455E+01
  0.13340096E+00 -0.64774647E+01
  0.14451771E+00 -0.64771606E+01
  0.15563446E+00 -0.64768335E+01
  0.16675120E+00 -0.64764837E+01
  0.17786795E+00 -0.64761115E+01
  0.18898470E+00 -0.64757173E+01
  0.20010144E+00 -0.64753015E+01
  0.21121819E+00 -0.64748644E+01
  0.22233494E+00 -0.64744065E+01
  0.23345168E+00 -0.64739282E+01
  0.24456843E+00 -0.64734299E+01
  0.25568518E+00 -0.64729122E+01
  0.26680192E+00 -0.64723754E+01
  0.27791867E+00 -0.64718201E+01
  0.28903542E+00 -0.64712469E+01
  0.30015216E+00 -0.64706562E+01
  0.31126891E+00 -0.64700487E+01
  0.32238566E+00 -0.64694249E+01
  0.33350240E+00 -0.64687853E+01
  0.34461915E+00 -0.64681307E+01
  0.35573590E+00 -0.64674617E+01
  0.36685265E+00 -0.64667788E+01
  0.37796939E+00 -0.64660827E+01
  0.38908614E+00 -0.64653741E+01
  0.40020289E+00 -0.64646537E+01
  0.41131963E+00 -0.64639222E+01
  0.42243638E+00 -0.64631802E+01
  0.43355313E+00 -0.64624286E+01
  0.44466987E+00 -0.64616679E+01
  0.45578662E+00 -0.64608990E+01
  0.46690337E+00 -0.64601226E+01
  0.47802011E+00 -0.64593395E+01
  0.48913686E+00 -0.64585504E+01
  0.50025361E+00 -0.64577561E+01
  0.51137035E+00 -0.64569573E+01
  0.52248710E+00 -0.64561548E+01
  0.53360385E+00 -0.64553496E+01
  0.54472059E+00 -0.64545422E+01
  0.55583734E+00 -0.64537335E+01
  0.56695409E+00 -0.64529244E+01
  0.57807084E+00 -0.64521155E+01
  0.58918758E+00 -0.64513078E+01
  0.60030433E+00 -0.64505020E+01
  0.61142108E+00 -0.64496989E+01
  0.62253782E+00 -0.64488994E+01
  0.63365457E+00 -0.64481041E+01
  0.64477132E+00 -0.64473139E+01
  0.65588806E+00 -0.64465297E+01
  0.66700481E+00 -0.64457521E+01
  0.67812156E+00 -0.64449820E+01
  0.68923830E+00 -0.64442201E+01
  0.70035505E+00 -0.64434672E+01
  0.71147180E+00 -0.64427241E+01
  0.72258854E+00 -0.64419915E+01
  0.73370529E+00 -0.64412701E+01
  0.74482204E+00 -0.64405607E+01
  0.75593878E+00 -0.64398641E+01
  0.76705553E+00 -0.64391808E+01
  0.77817228E+00 -0.64385116E+01
  0.78928902E+00 -0.64378573E+01
  0.80040577E+00 -0.64372184E+01
  0.81152252E+00 -0.64365956E+01
  0.82263927E+00 -0.64359895E+01
  0.83375601E+00 -0.64354008E+01
  0.84487276E+00 -0.64348301E+01
  0.85598951E+00 -0.64342779E+01
  0.86710625E+00 -0.64337449E+01
  0.87822300E+00 -0.64332315E+01
  0.88933975E+00 -0.64327384E+01
  0.90045649E+00 -0.64322659E+01
  0.91157324E+00 -0.64318146E+01
  0.92268999E+00 -0.64313851E+01
  0.93380673E+00 -0.64309776E+01
  0.94492348E+00 -0.64305926E+01
  0.95604023E+00 -0.64302306E+01
  0.96715697E+00 -0.64298919E+01
  0.97827372E+00 -0.64295768E+01
  0.98939047E+00 -0.64292858E+01
  0.10005072E+01 -0.64290190E+01
  0.10116240E+01 -0.64287768E+01
  0.10227407E+01 -0.64285593E+01
  0.10338575E+01 -0.64283670E+01
  0.10449742E+01 -0.64281999E+01
  0.10560909E+01 -0.64280581E+01
  0.10672077E+01 -0.64279420E+01
  0.10783244E+01 -0.64278515E+01
  0.10894412E+01 -0.64277869E+01
  0.11005579E+01 -0.64277480E+01
  0.11116747E+01 -0.64277351E+01
  0.11229043E+01 -0.64277380E+01
  0.11341339E+01 -0.64277469E+01
  0.11453635E+01 -0.64277617E+01
  0.11565931E+01 -0.64277824E+01
  0.11678227E+01 -0.64278091E+01
  0.11790523E+01 -0.64278419E+01
  0.11902820E+01 -0.64278806E+01
  0.12015116E+01 -0.64279255E+01
  0.12127412E+01 -0.64279765E+01
  0.12239708E+01 -0.64280337E+01
  0.12352004E+01 -0.64280972E+01
  0.12464300E+01 -0.64281671E+01
  0.12576596E+01 -0.64282434E+01
  0.12688892E+01 -0.64283262E+01
  0.12801188E+01 -0.64284157E+01
  0.12913484E+01 -0.64285119E+01
  0.13025781E+01 -0.64286149E+01
  0.13138077E+01 -0.64287249E+01
  0.13250373E+01 -0.64288419E+01
  0.13362669E+01 -0.64289660E+01
  0.13474965E+01 -0.64290975E+01
  0.13587261E+01 -0.64292363E+01
  0.13699557E+01 -0.64293827E+01
  0.13811853E+01 -0.64295367E+01
  0.13924149E+01 -0.64296985E+01
  0.14036445E+01 -0.64298683E+01
  0.14148742E+01 -0.64300461E+01
  0.14261038E+01 -0.64302320E+01
  0.14373334E+01 -0.64304263E+01
  0.14485630E+01 -0.64306290E+01
  0.14597926E+01 -0.64308403E+01
  0.14710222E+01 -0.64310603E+01
  0.14822518E+01 -0.64312891E+01
  0.14934814E+01 -0.64315268E+01
  0.15047110E+01 -0.64317736E+01
  0.15047110E+01 -0.64317736E+01
  0.15158347E+01 -0.64320271E+01
  0.15269584E+01 -0.64322897E+01
  0.15380820E+01 -0.64325616E+01
  0.15492057E+01 -0.64328427E+01
  0.15603294E+01 -0.64331332E+01
  0.15714531E+01 -0.64334331E+01
  0.15825767E+01 -0.64337426E+01
  0.15937004E+01 -0.64340618E+01
  0.16048241E+01 -0.64343906E+01
  0.16159477E+01 -0.64347291E+01
  0.16270714E+01 -0.64350774E+01
  0.16381951E+01 -0.64354355E+01
  0.16493188E+01 -0.64358034E+01
  0.16604424E+01 -0.64361812E+01
  0.16715661E+01 -0.64365688E+01
  0.16826898E+01 -0.64369663E+01
  0.16938134E+01 -0.64373735E+01
  0.17049371E+01 -0.64377906E+01
  0.17160608E+01 -0.64382174E+01
  0.17271844E+01 -0.64386540E+01
  0.17383081E+01 -0.64391001E+01
  0.17494318E+01 -0.64395558E+01
  0.17605555E+01 -0.64400210E+01
  0.17716791E+01 -0.64404955E+01
  0.17828028E+01 -0.64409792E+01
  0.17939265E+01 -0.64414721E+01
  0.18050501E+01 -0.64419739E+01
  0.18161738E+01 -0.64424845E+01
  0.18272975E+01 -0.64430037E+01
  0.18384211E+01 -0.64435314E+01
  0.18495448E+01 -0.64440673E+01
  0.18606685E+01 -0.64446112E+01
  0.18717922E+01 -0.64451629E+01
  0.18829158E+01 -0.64457222E+01
  0.18940395E+01 -0.64462887E+01
  0.19051632E+01 -0.64468623E+01
  0.19162868E+01 -0.64474426E+01
  0.19274105E+01 -0.64480294E+01
  0.19385342E+01 -0.64486222E+01
  0.19496579E+01 -0.64492209E+01
  0.19607815E+01 -0.64498250E+01
  0.19719052E+01 -0.64504342E+01
  0.19830289E+01 -0.64510482E+01
  0.19941525E+01 -0.64516665E+01
  0.20052762E+01 -0.64522888E+01
  0.20163999E+01 -0.64529147E+01
  0.20275235E+01 -0.64535438E+01
  0.20386472E+01 -0.64541756E+01
  0.20497709E+01 -0.64548097E+01
  0.20608946E+01 -0.64554457E+01
  0.20720182E+01 -0.64560832E+01
  0.20831419E+01 -0.64567216E+01
  0.20942656E+01 -0.64573605E+01
  0.21053892E+01 -0.64579994E+01
  0.21165129E+01 -0.64586379E+01
  0.21276366E+01 -0.64592755E+01
  0.21387602E+01 -0.64599116E+01
  0.21498839E+01 -0.64605457E+01
  0.21610076E+01 -0.64611775E+01
  0.21721313E+01 -0.64618062E+01
  0.21832549E+01 -0.64624315E+01
  0.21943786E+01 -0.64630528E+01
  0.22055023E+01 -0.64636696E+01
  0.22166259E+01 -0.64642814E+01
  0.22277496E+01 -0.64648876E+01
  0.22388733E+01 -0.64654878E+01
  0.22499970E+01 -0.64660813E+01
  0.22611206E+01 -0.64666678E+01
  0.22722443E+01 -0.64672466E+01
  0.22833680E+01 -0.64678173E+01
  0.22944916E+01 -0.64683793E+01
  0.23056153E+01 -0.64689322E+01
  0.23167390E+01 -0.64694753E+01
  0.23278626E+01 -0.64700084E+01
  0.23389863E+01 -0.64705307E+01
  0.23501100E+01 -0.64710419E+01
  0.23612337E+01 -0.64715415E+01
  0.23723573E+01 -0.64719658E+01
  0.23834810E+01 -0.64723247E+01
  0.23946047E+01 -0.64726906E+01
  0.24057283E+01 -0.64730614E+01
  0.24168520E+01 -0.64734355E+01
  0.24279757E+01 -0.64738110E+01
  0.24390993E+01 -0.64741859E+01
  0.24502230E+01 -0.64745586E+01
  0.24613467E+01 -0.64749272E+01
  0.24724704E+01 -0.64752900E+01
  0.24835940E+01 -0.64756453E+01
  0.24947177E+01 -0.64759916E+01
  0.25058414E+01 -0.64763271E+01
  0.25169650E+01 -0.64766504E+01
  0.25280887E+01 -0.64769600E+01
  0.25392124E+01 -0.64772546E+01
  0.25503361E+01 -0.64775329E+01
  0.25614597E+01 -0.64777935E+01
  0.25725834E+01 -0.64780354E+01
  0.25837071E+01 -0.64782576E+01
  0.25948307E+01 -0.64784590E+01
  0.26059544E+01 -0.64786388E+01
  0.26170781E+01 -0.64787962E+01
  0.26282017E+01 -0.64789305E+01
  0.26393254E+01 -0.64790412E+01
  0.26504491E+01 -0.64791278E+01
  0.26615728E+01 -0.64791899E+01
  0.26726964E+01 -0.64792273E+01
  0.26838201E+01 -0.64792398E+01
  0.26948861E+01 -0.64792292E+01
  0.27059520E+01 -0.64791974E+01
  0.27170180E+01 -0.64791445E+01
  0.27280839E+01 -0.64790706E+01
  0.27391499E+01 -0.64789758E+01
  0.27502159E+01 -0.64788604E+01
  0.27612818E+01 -0.64787244E+01
  0.27723478E+01 -0.64785682E+01
  0.27834137E+01 -0.64783921E+01
  0.27944797E+01 -0.64781965E+01
  0.28055457E+01 -0.64779816E+01
  0.28166116E+01 -0.64777479E+01
  0.28276776E+01 -0.64774958E+01
  0.28387435E+01 -0.64772258E+01
  0.28498095E+01 -0.64769385E+01
  0.28608755E+01 -0.64766344E+01
  0.28719414E+01 -0.64763140E+01
  0.28830074E+01 -0.64759780E+01
  0.28940733E+01 -0.64756270E+01
  0.29051393E+01 -0.64752616E+01
  0.29162053E+01 -0.64748827E+01
  0.29272712E+01 -0.64744909E+01
  0.29383372E+01 -0.64740869E+01
  0.29494031E+01 -0.64736715E+01
  0.29604691E+01 -0.64732456E+01
  0.29715351E+01 -0.64728098E+01
  0.29826010E+01 -0.64723652E+01
  0.29936670E+01 -0.64719124E+01
  0.30047329E+01 -0.64714524E+01
  0.30157989E+01 -0.64709860E+01
  0.30268649E+01 -0.64705141E+01
  0.30379308E+01 -0.64700375E+01
  0.30489968E+01 -0.64695573E+01
  0.30600627E+01 -0.64690741E+01
  0.30711287E+01 -0.64685890E+01
  0.30821947E+01 -0.64681028E+01
  0.30932606E+01 -0.64676163E+01
  0.31043266E+01 -0.64671305E+01
  0.31153925E+01 -0.64666461E+01
  0.31264585E+01 -0.64661641E+01
  0.31375245E+01 -0.64656851E+01
  0.31485904E+01 -0.64652100E+01
  0.31596564E+01 -0.64647396E+01
  0.31707223E+01 -0.64642746E+01
  0.31817883E+01 -0.64638157E+01
  0.31928543E+01 -0.64633636E+01
  0.32039202E+01 -0.64629188E+01
  0.32149862E+01 -0.64624821E+01
  0.32260521E+01 -0.64620540E+01
  0.32371181E+01 -0.64616350E+01
  0.32481841E+01 -0.64612256E+01
  0.32592500E+01 -0.64608262E+01
  0.32703160E+01 -0.64604374E+01
  0.32813819E+01 -0.64600593E+01
  0.32924479E+01 -0.64596924E+01
  0.33035139E+01 -0.64593369E+01
  0.33145798E+01 -0.64589931E+01
  0.33256458E+01 -0.64586611E+01
  0.33367117E+01 -0.64583412E+01
  0.33477777E+01 -0.64580334E+01
  0.33588437E+01 -0.64577379E+01
  0.33699096E+01 -0.64574547E+01
  0.33809756E+01 -0.64571838E+01
  0.33920415E+01 -0.64569252E+01
  0.34031075E+01 -0.64566789E+01
  0.34141735E+01 -0.64564448E+01
  0.34252394E+01 -0.64562229E+01
  0.34363054E+01 -0.64560131E+01
  0.34473713E+01 -0.64558152E+01
  0.34584373E+01 -0.64556292E+01
  0.34695033E+01 -0.64554549E+01
  0.34805692E+01 -0.64552921E+01
  0.34916352E+01 -0.64551407E+01
  0.35027011E+01 -0.64550006E+01
  0.35137671E+01 -0.64548715E+01
  0.35248331E+01 -0.64547535E+01
  0.35358990E+01 -0.64546463E+01
  0.35469650E+01 -0.64545497E+01
  0.35580309E+01 -0.64544637E+01
  0.35690969E+01 -0.64543881E+01
  0.35801629E+01 -0.64543228E+01
  0.35912288E+01 -0.64542678E+01
  0.36022948E+01 -0.64542228E+01
  0.36133607E+01 -0.64541880E+01
  0.36244267E+01 -0.64541631E+01
  0.36354927E+01 -0.64541482E+01
  0.36465586E+01 -0.64541432E+01
  0.36576301E+01 -0.64541310E+01
  0.36687015E+01 -0.64540942E+01
  0.36797730E+01 -0.64540330E+01
  0.36908444E+01 -0.64539474E+01
  0.37019158E+01 -0.64538375E+01
  0.37129873E+01 -0.64537035E+01
  0.37240587E+01 -0.64535455E+01
  0.37351302E+01 -0.64533639E+01
  0.37462016E+01 -0.64531587E+01
  0.37572731E+01 -0.64529303E+01
  0.37683445E+01 -0.64526791E+01
  0.37794160E+01 -0.64524053E+01
  0.37904874E+01 -0.64521094E+01
  0.38015589E+01 -0.64517918E+01
  0.38126303E+01 -0.64514529E+01
  0.38237018E+01 -0.64510933E+01
  0.38347732E+01 -0.64507135E+01
  0.38458447E+01 -0.64503141E+01
  0.38569161E+01 -0.64498958E+01
  0.38679875E+01 -0.64494591E+01
  0.38790590E+01 -0.64490050E+01
  0.38901304E+01 -0.64485341E+01
  0.39012019E+01 -0.64480472E+01
  0.39122733E+01 -0.64475452E+01
  0.39233448E+01 -0.64470291E+01
  0.39344162E+01 -0.64464997E+01
  0.39454877E+01 -0.64459581E+01
  0.39565591E+01 -0.64454054E+01
  0.39676306E+01 -0.64448427E+01
  0.39787020E+01 -0.64442711E+01
  0.39897735E+01 -0.64436917E+01
  0.40008449E+01 -0.64431059E+01
  0.40119163E+01 -0.64425149E+01
  0.40229878E+01 -0.64419199E+01
  0.40340592E+01 -0.64413224E+01
  0.40451307E+01 -0.64407238E+01
  0.40562021E+01 -0.64401253E+01
  0.40672736E+01 -0.64395283E+01
  0.40783450E+01 -0.64389344E+01
  0.40894165E+01 -0.64383449E+01
  0.41004879E+01 -0.64377612E+01
  0.41115594E+01 -0.64371848E+01
  0.41226308E+01 -0.64366169E+01
  0.41337023E+01 -0.64360590E+01
  0.41447737E+01 -0.64355124E+01
  0.41558452E+01 -0.64349783E+01
  0.41669166E+01 -0.64344580E+01
  0.41779880E+01 -0.64339526E+01
  0.41890595E+01 -0.64334632E+01
  0.42001309E+01 -0.64329908E+01
  0.42112024E+01 -0.64325364E+01
  0.42222738E+01 -0.64321009E+01
  0.42333453E+01 -0.64316849E+01
  0.42444167E+01 -0.64312893E+01
  0.42554882E+01 -0.64309145E+01
  0.42665596E+01 -0.64305612E+01
  0.42776311E+01 -0.64302297E+01
  0.42887025E+01 -0.64299205E+01
  0.42997740E+01 -0.64296337E+01
  0.43108454E+01 -0.64293696E+01
  0.43219169E+01 -0.64291284E+01
  0.43329883E+01 -0.64289101E+01
  0.43440597E+01 -0.64287149E+01
  0.43551312E+01 -0.64285427E+01
  0.43662026E+01 -0.64283935E+01
  0.43772741E+01 -0.64282674E+01
  0.43883455E+01 -0.64281643E+01
  0.43994170E+01 -0.64280842E+01
  0.44104884E+01 -0.64280269E+01
  0.44215599E+01 -0.64279926E+01
  0.44326313E+01 -0.64279812E+01
  0.44437481E+01 -0.64279809E+01
  0.44548648E+01 -0.64279802E+01
  0.44659816E+01 -0.64279790E+01
  0.44770983E+01 -0.64279773E+01
  0.44882151E+01 -0.64279751E+01
  0.44993318E+01 -0.64279725E+01
  0.45104485E+01 -0.64279695E+01
  0.45215653E+01 -0.64279659E+01
  0.45326820E+01 -0.64279620E+01
  0.45437988E+01 -0.64279577E+01
  0.45549155E+01 -0.64279529E+01
  0.45660323E+01 -0.64279478E+01
  0.45771490E+01 -0.64279424E+01
  0.45882658E+01 -0.64279366E+01
  0.45993825E+01 -0.64279304E+01
  0.46104993E+01 -0.64279241E+01
  0.46216160E+01 -0.64279174E+01
  0.46327328E+01 -0.64279105E+01
  0.46438495E+01 -0.64279034E+01
  0.46549663E+01 -0.64278961E+01
  0.46660830E+01 -0.64278887E+01
  0.46771997E+01 -0.64278812E+01
  0.46883165E+01 -0.64278735E+01
  0.46994332E+01 -0.64278658E+01
  0.47105500E+01 -0.64278581E+01
  0.47216667E+01 -0.64278504E+01
  0.47327835E+01 -0.64278427E+01
  0.47439002E+01 -0.64278351E+01
  0.47550170E+01 -0.64278275E+01
  0.47661337E+01 -0.64278201E+01
  0.47772505E+01 -0.64278128E+01
  0.47883672E+01 -0.64278057E+01
  0.47994840E+01 -0.64277988E+01
  0.48106007E+01 -0.64277922E+01
  0.48217175E+01 -0.64277858E+01
  0.48328342E+01 -0.64277797E+01
  0.48439510E+01 -0.64277739E+01
  0.48550677E+01 -0.64277684E+01
  0.48661844E+01 -0.64277633E+01
  0.48773012E+01 -0.64277586E+01
  0.48884179E+01 -0.64277542E+01
  0.48995347E+01 -0.64277503E+01
  0.49106514E+01 -0.64277468E+01
  0.49217682E+01 -0.64277437E+01
  0.49328849E+01 -0.64277411E+01
  0.49440017E+01 -0.64277389E+01
  0.49551184E+01 -0.64277372E+01
  0.49662352E+01 -0.64277360E+01
  0.49773519E+01 -0.64277353E+01
  0.49884687E+01 -0.64277351E+01
  
  0.00000000E+00 -0.63987683E+01
  0.11116747E-01 -0.63987740E+01
  0.22233494E-01 -0.63987910E+01
  0.33350240E-01 -0.63988193E+01
  0.44466987E-01 -0.63988589E+01
  0.55583734E-01 -0.63989099E+01
  0.66700481E-01 -0.63989720E+01
  0.77817228E-01 -0.63990454E+01
  0.88933975E-01 -0.63991299E+01
  0.10005072E+00 -0.63992255E+01
  0.11116747E+00 -0.63993322E+01
  0.12228422E+00 -0.63994498E+01
  0.13340096E+00 -0.63995782E+01
  0.14451771E+00 -0.63997175E+01
  0.15563446E+00 -0.63998674E+01
  0.16675120E+00 -0.64000279E+01
  0.17786795E+00 -0.64001989E+01
  0.18898470E+00 -0.64003802E+01
  0.20010144E+00 -0.64005718E+01
  0.21121819E+00 -0.64007734E+01
  0.22233494E+00 -0.64009849E+01
  0.23345168E+00 -0.64012062E+01
  0.24456843E+00 -0.64014371E+01
  0.25568518E+00 -0.64016774E+01
  0.26680192E+00 -0.64019270E+01
  0.27791867E+00 -0.64021856E+01
  0.28903542E+00 -0.64024531E+01
  0.30015216E+00 -0.64027292E+01
  0.31126891E+00 -0.64030138E+01
  0.32238566E+00 -0.64033066E+01
  0.33350240E+00 -0.64036073E+01
  0.34461915E+00 -0.64039158E+01
  0.35573590E+00 -0.64042317E+01
  0.36685265E+00 -0.64045549E+01
  0.37796939E+00 -0.64048850E+01
  0.38908614E+00 -0.64052218E+01
  0.40020289E+00 -0.64055649E+01
  0.41131963E+00 -0.64059142E+01
  0.42243638E+00 -0.64062692E+01
  0.43355313E+00 -0.64066297E+01
  0.44466987E+00 -0.64069953E+01
  0.45578662E+00 -0.64073658E+01
  0.46690337E+00 -0.64077408E+01
  0.47802011E+00 -0.64081199E+01
  0.48913686E+00 -0.64085029E+01
  0.50025361E+00 -0.64088893E+01
  0.51137035E+00 -0.64092787E+01
  0.52248710E+00 -0.64096709E+01
  0.53360385E+00 -0.64100654E+01
  0.54472059E+00 -0.64104619E+01
  0.55583734E+00 -0.64108600E+01
  0.56695409E+00 -0.64112592E+01
  0.57807084E+00 -0.64116593E+01
  0.58918758E+00 -0.64120597E+01
  0.60030433E+00 -0.64124601E+01
  0.61142108E+00 -0.64128601E+01
  0.62253782E+00 -0.64132592E+01
  0.63365457E+00 -0.64136571E+01
  0.64477132E+00 -0.64140534E+01
  0.65588806E+00 -0.64144475E+01
  0.66700481E+00 -0.64148392E+01
  0.67812156E+00 -0.64152279E+01
  0.68923830E+00 -0.64156134E+01
  0.70035505E+00 -0.64159950E+01
  0.71147180E+00 -0.64163726E+01
  0.72258854E+00 -0.64167455E+01
  0.73370529E+00 -0.64171134E+01
  0.74482204E+00 -0.64174760E+01
  0.75593878E+00 -0.64178327E+01
  0.76705553E+00 -0.64181832E+01
  0.77817228E+00 -0.64185272E+01
  0.78928902E+00 -0.64188641E+01
  0.80040577E+00 -0.64191936E+01
  0.81152252E+00 -0.64195154E+01
  0.82263927E+00 -0.64198291E+01
  0.83375601E+00 -0.64201342E+01
  0.84487276E+00 -0.64204305E+01
  0.85598951E+00 -0.64207176E+01
  0.86710625E+00 -0.64209952E+01
  0.87822300E+00 -0.64212628E+01
  0.88933975E+00 -0.64215203E+01
  0.90045649E+00 -0.64217673E+01
  0.91157324E+00 -0.64220035E+01
  0.92268999E+00 -0.64222286E+01
  0.93380673E+00 -0.64224424E+01
  0.94492348E+00 -0.64226445E+01
  0.95604023E+00 -0.64228348E+01
  0.96715697E+00 -0.64230130E+01
  0.97827372E+00 -0.64231789E+01
  0.98939047E+00 -0.64233323E+01
  0.10005072E+01 -0.64234730E+01
  0.10116240E+01 -0.64236008E+01
  0.10227407E+01 -0.64237156E+01
  0.10338575E+01 -0.64238173E+01
  0.10449742E+01 -0.64239056E+01
  0.10560909E+01 -0.64239805E+01
  0.10672077E+01 -0.64240420E+01
  0.10783244E+01 -0.64240898E+01
  0.10894412E+01 -0.64241241E+01
  0.11005579E+01 -0.64241446E+01
  0.11116747E+01 -0.64241515E+01
  0.11229043E+01 -0.64241433E+01
  0.11341339E+01 -0.64241190E+01
  0.11453635E+01 -0.64240784E+01
  0.11565931E+01 -0.64240216E+01
  0.11678227E+01 -0.64239487E+01
  0.11790523E+01 -0.64238597E+01
  0.11902820E+01 -0.64237546E+01
  0.12015116E+01 -0.64236337E+01
  0.12127412E+01 -0.64234969E+01
  0.12239708E+01 -0.64233444E+01
  0.12352004E+01 -0.64231763E+01
  0.12464300E+01 -0.64229927E+01
  0.12576596E+01 -0.64227938E+01
  0.12688892E+01 -0.64225797E+01
  0.12801188E+01 -0.64223507E+01
  0.12913484E+01 -0.64221069E+01
  0.13025781E+01 -0.64218485E+01
  0.13138077E+01 -0.64215758E+01
  0.13250373E+01 -0.64212889E+01
  0.13362669E+01 -0.64209881E+01
  0.13474965E+01 -0.64206736E+01
  0.13587261E+01 -0.64203459E+01
  0.13699557E+01 -0.64200050E+01
  0.13811853E+01 -0.64196514E+01
  0.13924149E+01 -0.64192853E+01
  0.14036445E+01 -0.64189071E+01
  0.14148742E+01 -0.64185171E+01
  0.14261038E+01 -0.64181157E+01
  0.14373334E+01 -0.64177032E+01
  0.14485630E+01 -0.64172801E+01
  0.14597926E+01 -0.64168468E+01
  0.14710222E+01 -0.64164037E+01
  0.14822518E+01 -0.64159513E+01
  0.14934814E+01 -0.64154899E+01
  0.15047110E+01 -0.64150202E+01
  0.15047110E+01 -0.64150202E+01
  0.15158347E+01 -0.64145471E+01
  0.15269584E+01 -0.64140668E+01
  0.15380820E+01 -0.64135798E+01
  0.15492057E+01 -0.64130866E+01
  0.15603294E+01 -0.64125879E+01
  0.15714531E+01 -0.64120841E+01
  0.15825767E+01 -0.64115760E+01
  0.15937004E+01 -0.64110642E+01
  0.16048241E+01 -0.64105492E+01
  0.16159477E+01 -0.64100318E+01
  0.16270714E+01 -0.64095126E+01
  0.16381951E+01 -0.64089925E+01
  0.16493188E+01 -0.64084720E+01
  0.16604424E+01 -0.64079519E+01
  0.16715661E+01 -0.64074331E+01
  0.16826898E+01 -0.64069163E+01
  0.16938134E+01 -0.64064022E+01
  0.17049371E+01 -0.64058918E+01
  0.17160608E+01 -0.64053857E+01
  0.17271844E+01 -0.64048849E+01
  0.17383081E+01 -0.64043901E+01
  0.17494318E+01 -0.64039022E+01
  0.17605555E+01 -0.64034220E+01
  0.17716791E+01 -0.64029503E+01
  0.17828028E+01 -0.64024879E+01
  0.17939265E+01 -0.64020358E+01
  0.18050501E+01 -0.64015945E+01
  0.18161738E+01 -0.64011650E+01
  0.18272975E+01 -0.64007479E+01
  0.18384211E+01 -0.64006745E+01
  0.18495448E+01 -0.64008821E+01
  0.18606685E+01 -0.64010802E+01
  0.18717922E+01 -0.64012687E+01
  0.18829158E+01 -0.64014474E+01
  0.18940395E+01 -0.64016163E+01
  0.19051632E+01 -0.64017752E+01
  0.19162868E+01 -0.64019240E+01
  0.19274105E+01 -0.64020627E+01
  0.19385342E+01 -0.64021913E+01
  0.19496579E+01 -0.64023097E+01
  0.19607815E+01 -0.64024179E+01
  0.19719052E+01 -0.64025160E+01
  0.19830289E+01 -0.64026040E+01
  0.19941525E+01 -0.64026820E+01
  0.20052762E+01 -0.64027500E+01
  0.20163999E+01 -0.64028082E+01
  0.20275235E+01 -0.64028567E+01
  0.20386472E+01 -0.64028955E+01
  0.20497709E+01 -0.64029249E+01
  0.20608946E+01 -0.64029450E+01
  0.20720182E+01 -0.64029560E+01
  0.20831419E+01 -0.64029581E+01
  0.20942656E+01 -0.64029516E+01
  0.21053892E+01 -0.64029366E+01
  0.21165129E+01 -0.64029134E+01
  0.21276366E+01 -0.64028823E+01
  0.21387602E+01 -0.64028435E+01
  0.21498839E+01 -0.64027974E+01
  0.21610076E+01 -0.64027442E+01
  0.21721313E+01 -0.64026843E+01
  0.21832549E+01 -0.64026179E+01
  0.21943786E+01 -0.64025454E+01
  0.22055023E+01 -0.64024672E+01
  0.22166259E+01 -0.64023836E+01
  0.22277496E+01 -0.64022949E+01
  0.22388733E+01 -0.64022016E+01
  0.22499970E+01 -0.64021039E+01
  0.22611206E+01 -0.64020024E+01
  0.22722443E+01 -0.64018972E+01
  0.22833680E+01 -0.64017889E+01
  0.22944916E+01 -0.64016778E+01
  0.23056153E+01 -0.64015643E+01
  0.23167390E+01 -0.64014489E+01
  0.23278626E+01 -0.64013318E+01
  0.23389863E+01 -0.64012134E+01
  0.23501100E+01 -0.64010943E+01
  0.23612337E+01 -0.64009746E+01
  0.23723573E+01 -0.64008550E+01
  0.23834810E+01 -0.64007356E+01
  0.23946047E+01 -0.64006169E+01
  0.24057283E+01 -0.64004992E+01
  0.24168520E+01 -0.64003829E+01
  0.24279757E+01 -0.64002684E+01
  0.24390993E+01 -0.64001560E+01
  0.24502230E+01 -0.64000460E+01
  0.24613467E+01 -0.63999388E+01
  0.24724704E+01 -0.63998347E+01
  0.24835940E+01 -0.63997340E+01
  0.24947177E+01 -0.63996369E+01
  0.25058414E+01 -0.63995438E+01
  0.25169650E+01 -0.63994550E+01
  0.25280887E+01 -0.63993706E+01
  0.25392124E+01 -0.63992910E+01
  0.25503361E+01 -0.63992163E+01
  0.25614597E+01 -0.63991468E+01
  0.25725834E+01 -0.63990827E+01
  0.25837071E+01 -0.63990241E+01
  0.25948307E+01 -0.63989712E+01
  0.26059544E+01 -0.63989242E+01
  0.26170781E+01 -0.63988832E+01
  0.26282017E+01 -0.63988483E+01
  0.26393254E+01 -0.63988196E+01
  0.26504491E+01 -0.63987972E+01
  0.26615728E+01 -0.63987811E+01
  0.26726964E+01 -0.63987715E+01
  0.26838201E+01 -0.63987683E+01
  0.26948861E+01 -0.63987690E+01
  0.27059520E+01 -0.63987713E+01
  0.27170180E+01 -0.63987750E+01
  0.27280839E+01 -0.63987801E+01
  0.27391499E+01 -0.63987867E+01
  0.27502159E+01 -0.63987945E+01
  0.27612818E+01 -0.63988036E+01
  0.27723478E+01 -0.63988139E+01
  0.27834137E+01 -0.63988252E+01
  0.27944797E+01 -0.63988374E+01
  0.28055457E+01 -0.63988504E+01
  0.28166116E+01 -0.63988640E+01
  0.28276776E+01 -0.63988782E+01
  0.28387435E+01 -0.63988926E+01
  0.28498095E+01 -0.63989072E+01
  0.28608755E+01 -0.63989217E+01
  0.28719414E+01 -0.63989360E+01
  0.28830074E+01 -0.63989498E+01
  0.28940733E+01 -0.63989630E+01
  0.29051393E+01 -0.63989752E+01
  0.29162053E+01 -0.63989862E+01
  0.29272712E+01 -0.63989958E+01
  0.29383372E+01 -0.63990038E+01
  0.29494031E+01 -0.63990099E+01
  0.29604691E+01 -0.63990138E+01
  0.29715351E+01 -0.63990153E+01
  0.29826010E+01 -0.63990141E+01
  0.29936670E+01 -0.63990100E+01
  0.30047329E+01 -0.63990026E+01
  0.30157989E+01 -0.63989918E+01
  0.30268649E+01 -0.63989772E+01
  0.30379308E+01 -0.63989587E+01
  0.30489968E+01 -0.63989360E+01
  0.30600627E+01 -0.63989089E+01
  0.30711287E+01 -0.63988771E+01
  0.30821947E+01 -0.63988404E+01
  0.30932606E+01 -0.63987988E+01
  0.31043266E+01 -0.63987519E+01
  0.31153925E+01 -0.63986997E+01
  0.31264585E+01 -0.63986420E+01
  0.31375245E+01 -0.63985787E+01
  0.31485904E+01 -0.63985097E+01
  0.31596564E+01 -0.63984350E+01
  0.31707223E+01 -0.63983546E+01
  0.31817883E+01 -0.63982684E+01
  0.31928543E+01 -0.63981765E+01
  0.32039202E+01 -0.63980789E+01
  0.32149862E+01 -0.63979759E+01
  0.32260521E+01 -0.63978674E+01
  0.32371181E+01 -0.63977537E+01
  0.32481841E+01 -0.63976350E+01
  0.32592500E+01 -0.63975115E+01
  0.32703160E+01 -0.63973834E+01
  0.32813819E+01 -0.63972512E+01
  0.32924479E+01 -0.63971152E+01
  0.33035139E+01 -0.63969756E+01
  0.33145798E+01 -0.63968330E+01
  0.33256458E+01 -0.63966877E+01
  0.33367117E+01 -0.63965402E+01
  0.33477777E+01 -0.63963911E+01
  0.33588437E+01 -0.63962408E+01
  0.33699096E+01 -0.63960897E+01
  0.33809756E+01 -0.63959386E+01
  0.33920415E+01 -0.63957879E+01
  0.34031075E+01 -0.63956382E+01
  0.34141735E+01 -0.63954900E+01
  0.34252394E+01 -0.63953440E+01
  0.34363054E+01 -0.63952007E+01
  0.34473713E+01 -0.63950607E+01
  0.34584373E+01 -0.63949246E+01
  0.34695033E+01 -0.63947928E+01
  0.34805692E+01 -0.63946660E+01
  0.34916352E+01 -0.63945447E+01
  0.35027011E+01 -0.63944293E+01
  0.35137671E+01 -0.63943204E+01
  0.35248331E+01 -0.63942184E+01
  0.35358990E+01 -0.63941237E+01
  0.35469650E+01 -0.63940368E+01
  0.35580309E+01 -0.63939580E+01
  0.35690969E+01 -0.63938877E+01
  0.35801629E+01 -0.63938261E+01
  0.35912288E+01 -0.63937735E+01
  0.36022948E+01 -0.63937302E+01
  0.36133607E+01 -0.63936963E+01
  0.36244267E+01 -0.63936720E+01
  0.36354927E+01 -0.63936574E+01
  0.36465586E+01 -0.63936525E+01
  0.36576301E+01 -0.63936646E+01
  0.36687015E+01 -0.63937007E+01
  0.36797730E+01 -0.63937608E+01
  0.36908444E+01 -0.63938446E+01
  0.37019158E+01 -0.63939519E+01
  0.37129873E+01 -0.63940822E+01
  0.37240587E+01 -0.63942352E+01
  0.37351302E+01 -0.63944102E+01
  0.37462016E+01 -0.63946067E+01
  0.37572731E+01 -0.63948241E+01
  0.37683445E+01 -0.63950615E+01
  0.37794160E+01 -0.63953182E+01
  0.37904874E+01 -0.63955934E+01
  0.38015589E+01 -0.63958862E+01
  0.38126303E+01 -0.63961957E+01
  0.38237018E+01 -0.63965209E+01
  0.38347732E+01 -0.63968609E+01
  0.38458447E+01 -0.63972147E+01
  0.38569161E+01 -0.63975811E+01
  0.38679875E+01 -0.63979593E+01
  0.38790590E+01 -0.63983482E+01
  0.38901304E+01 -0.63987468E+01
  0.39012019E+01 -0.63991539E+01
  0.39122733E+01 -0.63995687E+01
  0.39233448E+01 -0.63999900E+01
  0.39344162E+01 -0.64004170E+01
  0.39454877E+01 -0.64008485E+01
  0.39565591E+01 -0.64012837E+01
  0.39676306E+01 -0.64017215E+01
  0.39787020E+01 -0.64021612E+01
  0.39897735E+01 -0.64026017E+01
  0.40008449E+01 -0.64030423E+01
  0.40119163E+01 -0.64034820E+01
  0.40229878E+01 -0.64039201E+01
  0.40340592E+01 -0.64043557E+01
  0.40451307E+01 -0.64047881E+01
  0.40562021E+01 -0.64052165E+01
  0.40672736E+01 -0.64056402E+01
  0.40783450E+01 -0.64060586E+01
  0.40894165E+01 -0.64064709E+01
  0.41004879E+01 -0.64068765E+01
  0.41115594E+01 -0.64072748E+01
  0.41226308E+01 -0.64076652E+01
  0.41337023E+01 -0.64080471E+01
  0.41447737E+01 -0.64084199E+01
  0.41558452E+01 -0.64087832E+01
  0.41669166E+01 -0.64091363E+01
  0.41779880E+01 -0.64094789E+01
  0.41890595E+01 -0.64098104E+01
  0.42001309E+01 -0.64101303E+01
  0.42112024E+01 -0.64104383E+01
  0.42222738E+01 -0.64107340E+01
  0.42333453E+01 -0.64110169E+01
  0.42444167E+01 -0.64112866E+01
  0.42554882E+01 -0.64115428E+01
  0.42665596E+01 -0.64117853E+01
  0.42776311E+01 -0.64120135E+01
  0.42887025E+01 -0.64122274E+01
  0.42997740E+01 -0.64124265E+01
  0.43108454E+01 -0.64126107E+01
  0.43219169E+01 -0.64127796E+01
  0.43329883E+01 -0.64129331E+01
  0.43440597E+01 -0.64130710E+01
  0.43551312E+01 -0.64131930E+01
  0.43662026E+01 -0.64132992E+01
  0.43772741E+01 -0.64133892E+01
  0.43883455E+01 -0.64134630E+01
  0.43994170E+01 -0.64135205E+01
  0.44104884E+01 -0.64135616E+01
  0.44215599E+01 -0.64135863E+01
  0.44326313E+01 -0.64135946E+01
  0.44437481E+01 -0.64136099E+01
  0.44548648E+01 -0.64136556E+01
  0.44659816E+01 -0.64137313E+01
  0.44770983E+01 -0.64138359E+01
  0.44882151E+01 -0.64139683E+01
  0.44993318E+01 -0.64141269E+01
  0.45104485E+01 -0.64143101E+01
  0.45215653E+01 -0.64145161E+01
  0.45326820E+01 -0.64147428E+01
  0.45437988E+01 -0.64149884E+01
  0.45549155E+01 -0.64152506E+01
  0.45660323E+01 -0.64155277E+01
  0.45771490E+01 -0.64158175E+01
  0.45882658E+01 -0.64161181E+01
  0.45993825E+01 -0.64164278E+01
  0.46104993E+01 -0.64167448E+01
  0.46216160E+01 -0.64170675E+01
  0.46327328E+01 -0.64173942E+01
  0.46438495E+01 -0.64177235E+01
  0.46549663E+01 -0.64180540E+01
  0.46660830E+01 -0.64183843E+01
  0.46771997E+01 -0.64187133E+01
  0.46883165E+01 -0.64190398E+01
  0.46994332E+01 -0.64193627E+01
  0.47105500E+01 -0.64196809E+01
  0.47216667E+01 -0.64199936E+01
  0.47327835E+01 -0.64202997E+01
  0.47439002E+01 -0.64205986E+01
  0.47550170E+01 -0.64208893E+01
  0.47661337E+01 -0.64211711E+01
  0.47772505E+01 -0.64214433E+01
  0.47883672E+01 -0.64217053E+01
  0.47994840E+01 -0.64219565E+01
  0.48106007E+01 -0.64221963E+01
  0.48217175E+01 -0.64224241E+01
  0.48328342E+01 -0.64226395E+01
  0.48439510E+01 -0.64228419E+01
  0.48550677E+01 -0.64230311E+01
  0.48661844E+01 -0.64232065E+01
  0.48773012E+01 -0.64233678E+01
  0.48884179E+01 -0.64235148E+01
  0.48995347E+01 -0.64236470E+01
  0.49106514E+01 -0.64237643E+01
  0.49217682E+01 -0.64238665E+01
  0.49328849E+01 -0.64239532E+01
  0.49440017E+01 -0.64240244E+01
  0.49551184E+01 -0.64240799E+01
  0.49662352E+01 -0.64241196E+01
  0.49773519E+01 -0.64241435E+01
  0.49884687E+01 -0.64241515E+01
  
  0.00000000E+00 -0.63987683E+01
  0.11116747E-01 -0.63987641E+01
  0.22233494E-01 -0.63987517E+01
  0.33350240E-01 -0.63987309E+01
  0.44466987E-01 -0.63987019E+01
  0.55583734E-01 -0.63986647E+01
  0.66700481E-01 -0.63986193E+01
  0.77817228E-01 -0.63985658E+01
  0.88933975E-01 -0.63985043E+01
  0.10005072E+00 -0.63984348E+01
  0.11116747E+00 -0.63983575E+01
  0.12228422E+00 -0.63982725E+01
  0.13340096E+00 -0.63981798E+01
  0.14451771E+00 -0.63980797E+01
  0.15563446E+00 -0.63979722E+01
  0.16675120E+00 -0.63978574E+01
  0.17786795E+00 -0.63977357E+01
  0.18898470E+00 -0.63976071E+01
  0.20010144E+00 -0.63974717E+01
  0.21121819E+00 -0.63973299E+01
  0.22233494E+00 -0.63971817E+01
  0.23345168E+00 -0.63970273E+01
  0.24456843E+00 -0.63968671E+01
  0.25568518E+00 -0.63967011E+01
  0.26680192E+00 -0.63965297E+01
  0.27791867E+00 -0.63963529E+01
  0.28903542E+00 -0.63961712E+01
  0.30015216E+00 -0.63959846E+01
  0.31126891E+00 -0.63957935E+01
  0.32238566E+00 -0.63955980E+01
  0.33350240E+00 -0.63953985E+01
  0.34461915E+00 -0.63951951E+01
  0.35573590E+00 -0.63949882E+01
  0.36685265E+00 -0.63947779E+01
  0.37796939E+00 -0.63945646E+01
  0.38908614E+00 -0.63943485E+01
  0.40020289E+00 -0.63941299E+01
  0.41131963E+00 -0.63939090E+01
  0.42243638E+00 -0.63936860E+01
  0.43355313E+00 -0.63934613E+01
  0.44466987E+00 -0.63932351E+01
  0.45578662E+00 -0.63930077E+01
  0.46690337E+00 -0.63927792E+01
  0.47802011E+00 -0.63925500E+01
  0.48913686E+00 -0.63923204E+01
  0.50025361E+00 -0.63920905E+01
  0.51137035E+00 -0.63918606E+01
  0.52248710E+00 -0.63916310E+01
  0.53360385E+00 -0.63914018E+01
  0.54472059E+00 -0.63911734E+01
  0.55583734E+00 -0.63909460E+01
  0.56695409E+00 -0.63907197E+01
  0.57807084E+00 -0.63904948E+01
  0.58918758E+00 -0.63902716E+01
  0.60030433E+00 -0.63900502E+01
  0.61142108E+00 -0.63898308E+01
  0.62253782E+00 -0.63896137E+01
  0.63365457E+00 -0.63893990E+01
  0.64477132E+00 -0.63891869E+01
  0.65588806E+00 -0.63889777E+01
  0.66700481E+00 -0.63887714E+01
  0.67812156E+00 -0.63885683E+01
  0.68923830E+00 -0.63883685E+01
  0.70035505E+00 -0.63881722E+01
  0.71147180E+00 -0.63879796E+01
  0.72258854E+00 -0.63877907E+01
  0.73370529E+00 -0.63876058E+01
  0.74482204E+00 -0.63874249E+01
  0.75593878E+00 -0.63872482E+01
  0.76705553E+00 -0.63870759E+01
  0.77817228E+00 -0.63869080E+01
  0.78928902E+00 -0.63867447E+01
  0.80040577E+00 -0.63865860E+01
  0.81152252E+00 -0.63864321E+01
  0.82263927E+00 -0.63862830E+01
  0.83375601E+00 -0.63861389E+01
  0.84487276E+00 -0.63859998E+01
  0.85598951E+00 -0.63858659E+01
  0.86710625E+00 -0.63857372E+01
  0.87822300E+00 -0.63856137E+01
  0.88933975E+00 -0.63854955E+01
  0.90045649E+00 -0.63853828E+01
  0.91157324E+00 -0.63852755E+01
  0.92268999E+00 -0.63851738E+01
  0.93380673E+00 -0.63850776E+01
  0.94492348E+00 -0.63849870E+01
  0.95604023E+00 -0.63849021E+01
  0.96715697E+00 -0.63848228E+01
  0.97827372E+00 -0.63847493E+01
  0.98939047E+00 -0.63846816E+01
  0.10005072E+01 -0.63846197E+01
  0.10116240E+01 -0.63845635E+01
  0.10227407E+01 -0.63845133E+01
  0.10338575E+01 -0.63844688E+01
  0.10449742E+01 -0.63844303E+01
  0.10560909E+01 -0.63843977E+01
  0.10672077E+01 -0.63843710E+01
  0.10783244E+01 -0.63843502E+01
  0.10894412E+01 -0.63843353E+01
  0.11005579E+01 -0.63843264E+01
  0.11116747E+01 -0.63843235E+01
  0.11229043E+01 -0.63843304E+01
  0.11341339E+01 -0.63843511E+01
  0.11453635E+01 -0.63843856E+01
  0.11565931E+01 -0.63844339E+01
  0.11678227E+01 -0.63844958E+01
  0.11790523E+01 -0.63845712E+01
  0.11902820E+01 -0.63846601E+01
  0.12015116E+01 -0.63847623E+01
  0.12127412E+01 -0.63848776E+01
  0.12239708E+01 -0.63850059E+01
  0.12352004E+01 -0.63851468E+01
  0.12464300E+01 -0.63853003E+01
  0.12576596E+01 -0.63854660E+01
  0.12688892E+01 -0.63856437E+01
  0.12801188E+01 -0.63858332E+01
  0.12913484E+01 -0.63860340E+01
  0.13025781E+01 -0.63862459E+01
  0.13138077E+01 -0.63864686E+01
  0.13250373E+01 -0.63867016E+01
  0.13362669E+01 -0.63869447E+01
  0.13474965E+01 -0.63871974E+01
  0.13587261E+01 -0.63874593E+01
  0.13699557E+01 -0.63877301E+01
  0.13811853E+01 -0.63880092E+01
  0.13924149E+01 -0.63882963E+01
  0.14036445E+01 -0.63885909E+01
  0.14148742E+01 -0.63888925E+01
  0.14261038E+01 -0.63892007E+01
  0.14373334E+01 -0.63895150E+01
  0.14485630E+01 -0.63898349E+01
  0.14597926E+01 -0.63901600E+01
  0.14710222E+01 -0.63904896E+01
  0.14822518E+01 -0.63908233E+01
  0.14934814E+01 -0.63911607E+01
  0.15047110E+01 -0.63915011E+01
  0.15047110E+01 -0.63915011E+01
  0.15158347E+01 -0.63918408E+01
  0.15269584E+01 -0.63921826E+01
  0.15380820E+01 -0.63925259E+01
  0.15492057E+01 -0.63928702E+01
  0.15603294E+01 -0.63932150E+01
  0.15714531E+01 -0.63935599E+01
  0.15825767E+01 -0.63939043E+01
  0.15937004E+01 -0.63942477E+01
  0.16048241E+01 -0.63945897E+01
  0.16159477E+01 -0.63949297E+01
  0.16270714E+01 -0.63952674E+01
  0.16381951E+01 -0.63956022E+01
  0.16493188E+01 -0.63959336E+01
  0.16604424E+01 -0.63962613E+01
  0.16715661E+01 -0.63965848E+01
  0.16826898E+01 -0.63969037E+01
  0.16938134E+01 -0.63972175E+01
  0.17049371E+01 -0.63975259E+01
  0.17160608E+01 -0.63978285E+01
  0.17271844E+01 -0.63981248E+01
  0.17383081E+01 -0.63984146E+01
  0.17494318E+01 -0.63986974E+01
  0.17605555E+01 -0.63989730E+01
  0.17716791E+01 -0.63992410E+01
  0.17828028E+01 -0.63995012E+01
  0.17939265E+01 -0.63997531E+01
  0.18050501E+01 -0.63999967E+01
  0.18161738E+01 -0.64002316E+01
  0.18272975E+01 -0.64004576E+01
  0.18384211E+01 -0.64003439E+01
  0.18495448E+01 -0.63999538E+01
  0.18606685E+01 -0.63995782E+01
  0.18717922E+01 -0.63992177E+01
  0.18829158E+01 -0.63988728E+01
  0.18940395E+01 -0.63985440E+01
  0.19051632E+01 -0.63982319E+01
  0.19162868E+01 -0.63979367E+01
  0.19274105E+01 -0.63976588E+01
  0.19385342E+01 -0.63973985E+01
  0.19496579E+01 -0.63971560E+01
  0.19607815E+01 -0.63969314E+01
  0.19719052E+01 -0.63967247E+01
  0.19830289E+01 -0.63965361E+01
  0.19941525E+01 -0.63963653E+01
  0.20052762E+01 -0.63962122E+01
  0.20163999E+01 -0.63960767E+01
  0.20275235E+01 -0.63959584E+01
  0.20386472E+01 -0.63958570E+01
  0.20497709E+01 -0.63957721E+01
  0.20608946E+01 -0.63957031E+01
  0.20720182E+01 -0.63956496E+01
  0.20831419E+01 -0.63956110E+01
  0.20942656E+01 -0.63955866E+01
  0.21053892E+01 -0.63955757E+01
  0.21165129E+01 -0.63955777E+01
  0.21276366E+01 -0.63955917E+01
  0.21387602E+01 -0.63956171E+01
  0.21498839E+01 -0.63956530E+01
  0.21610076E+01 -0.63956986E+01
  0.21721313E+01 -0.63957531E+01
  0.21832549E+01 -0.63958157E+01
  0.21943786E+01 -0.63958855E+01
  0.22055023E+01 -0.63959618E+01
  0.22166259E+01 -0.63960437E+01
  0.22277496E+01 -0.63961306E+01
  0.22388733E+01 -0.63962216E+01
  0.22499970E+01 -0.63963161E+01
  0.22611206E+01 -0.63964133E+01
  0.22722443E+01 -0.63965126E+01
  0.22833680E+01 -0.63966134E+01
  0.22944916E+01 -0.63967151E+01
  0.23056153E+01 -0.63968172E+01
  0.23167390E+01 -0.63969191E+01
  0.23278626E+01 -0.63970204E+01
  0.23389863E+01 -0.63971208E+01
  0.23501100E+01 -0.63972197E+01
  0.23612337E+01 -0.63973170E+01
  0.23723573E+01 -0.63974121E+01
  0.23834810E+01 -0.63975050E+01
  0.23946047E+01 -0.63975953E+01
  0.24057283E+01 -0.63976829E+01
  0.24168520E+01 -0.63977676E+01
  0.24279757E+01 -0.63978492E+01
  0.24390993E+01 -0.63979275E+01
  0.24502230E+01 -0.63980026E+01
  0.24613467E+01 -0.63980743E+01
  0.24724704E+01 -0.63981425E+01
  0.24835940E+01 -0.63982073E+01
  0.24947177E+01 -0.63982685E+01
  0.25058414E+01 -0.63983261E+01
  0.25169650E+01 -0.63983802E+01
  0.25280887E+01 -0.63984307E+01
  0.25392124E+01 -0.63984776E+01
  0.25503361E+01 -0.63985209E+01
  0.25614597E+01 -0.63985607E+01
  0.25725834E+01 -0.63985970E+01
  0.25837071E+01 -0.63986297E+01
  0.25948307E+01 -0.63986589E+01
  0.26059544E+01 -0.63986846E+01
  0.26170781E+01 -0.63987069E+01
  0.26282017E+01 -0.63987257E+01
  0.26393254E+01 -0.63987410E+01
  0.26504491E+01 -0.63987530E+01
  0.26615728E+01 -0.63987615E+01
  0.26726964E+01 -0.63987666E+01
  0.26838201E+01 -0.63987683E+01
  0.26948861E+01 -0.63987690E+01
  0.27059520E+01 -0.63987713E+01
  0.27170180E+01 -0.63987750E+01
  0.27280839E+01 -0.63987801E+01
  0.27391499E+01 -0.63987867E+01
  0.27502159E+01 -0.63987945E+01
  0.27612818E+01 -0.63988036E+01
  0.27723478E+01 -0.63988139E+01
  0.27834137E+01 -0.63988252E+01
  0.27944797E+01 -0.63988374E+01
  0.28055457E+01 -0.63988504E+01
  0.28166116E+01 -0.63988640E+01
  0.28276776E+01 -0.63988782E+01
  0.28387435E+01 -0.63988926E+01
  0.28498095E+01 -0.63989072E+01
  0.28608755E+01 -0.63989217E+01
  0.28719414E+01 -0.63989360E+01
  0.28830074E+01 -0.63989498E+01
  0.28940733E+01 -0.63989630E+01
  0.29051393E+01 -0.63989752E+01
  0.29162053E+01 -0.63989862E+01
  0.29272712E+01 -0.63989958E+01
  0.29383372E+01 -0.63990038E+01
  0.29494031E+01 -0.63990099E+01
  0.29604691E+01 -0.63990138E+01
  0.29715351E+01 -0.63990153E+01
  0.29826010E+01 -0.63990141E+01
  0.29936670E+01 -0.63990100E+01
  0.30047329E+01 -0.63990026E+01
  0.30157989E+01 -0.63989918E+01
  0.30268649E+01 -0.63989772E+01
  0.30379308E+01 -0.63989587E+01
  0.30489968E+01 -0.63989360E+01
  0.30600627E+01 -0.63989089E+01
  0.30711287E+01 -0.63988771E+01
  0.30821947E+01 -0.63988404E+01
  0.30932606E+01 -0.63987988E+01
  0.31043266E+01 -0.63987519E+01
  0.31153925E+01 -0.63986997E+01
  0.31264585E+01 -0.63986420E+01
  0.31375245E+01 -0.63985787E+01
  0.31485904E+01 -0.63985097E+01
  0.31596564E+01 -0.63984350E+01
  0.31707223E+01 -0.63983546E+01
  0.31817883E+01 -0.63982684E+01
  0.31928543E+01 -0.63981765E+01
  0.32039202E+01 -0.63980789E+01
  0.32149862E+01 -0.63979759E+01
  0.32260521E+01 -0.63978674E+01
  0.32371181E+01 -0.63977537E+01
  0.32481841E+01 -0.63976350E+01
  0.32592500E+01 -0.63975115E+01
  0.32703160E+01 -0.63973834E+01
  0.32813819E+01 -0.63972512E+01
  0.32924479E+01 -0.63971152E+01
  0.33035139E+01 -0.63969756E+01
  0.33145798E+01 -0.63968330E+01
  0.33256458E+01 -0.63966877E+01
  0.33367117E+01 -0.63965402E+01
  0.33477777E+01 -0.63963911E+01
  0.33588437E+01 -0.63962408E+01
  0.33699096E+01 -0.63960897E+01
  0.33809756E+01 -0.63959386E+01
  0.33920415E+01 -0.63957879E+01
  0.34031075E+01 -0.63956382E+01
  0.34141735E+01 -0.63954900E+01
  0.34252394E+01 -0.63953440E+01
  0.34363054E+01 -0.63952007E+01
  0.34473713E+01 -0.63950607E+01
  0.34584373E+01 -0.63949246E+01
  0.34695033E+01 -0.63947928E+01
  0.34805692E+01 -0.63946660E+01
  0.34916352E+01 -0.63945447E+01
  0.35027011E+01 -0.63944293E+01
  0.35137671E+01 -0.63943204E+01
  0.35248331E+01 -0.63942184E+01
  0.35358990E+01 -0.63941237E+01
  0.35469650E+01 -0.63940368E+01
  0.35580309E+01 -0.63939580E+01
  0.35690969E+01 -0.63938877E+01
  0.35801629E+01 -0.63938261E+01
  0.35912288E+01 -0.63937735E+01
  0.36022948E+01 -0.63937302E+01
  0.36133607E+01 -0.63936963E+01
  0.36244267E+01 -0.63936720E+01
  0.36354927E+01 -0.63936574E+01
  0.36465586E+01 -0.63936525E+01
  0.36576301E+01 -0.63936537E+01
  0.36687015E+01 -0.63936574E+01
  0.36797730E+01 -0.63936635E+01
  0.36908444E+01 -0.63936720E+01
  0.37019158E+01 -0.63936829E+01
  0.37129873E+01 -0.63936962E+01
  0.37240587E+01 -0.63937117E+01
  0.37351302E+01 -0.63937295E+01
  0.37462016E+01 -0.63937495E+01
  0.37572731E+01 -0.63937716E+01
  0.37683445E+01 -0.63937957E+01
  0.37794160E+01 -0.63938217E+01
  0.37904874E+01 -0.63938496E+01
  0.38015589E+01 -0.63938792E+01
  0.38126303E+01 -0.63939104E+01
  0.38237018E+01 -0.63939430E+01
  0.38347732E+01 -0.63939770E+01
  0.38458447E+01 -0.63940122E+01
  0.38569161E+01 -0.63940484E+01
  0.38679875E+01 -0.63940854E+01
  0.38790590E+01 -0.63941231E+01
  0.38901304E+01 -0.63941613E+01
  0.39012019E+01 -0.63941997E+01
  0.39122733E+01 -0.63942382E+01
  0.39233448E+01 -0.63942766E+01
  0.39344162E+01 -0.63943145E+01
  0.39454877E+01 -0.63943518E+01
  0.39565591E+01 -0.63943882E+01
  0.39676306E+01 -0.63944235E+01
  0.39787020E+01 -0.63944574E+01
  0.39897735E+01 -0.63944896E+01
  0.40008449E+01 -0.63945199E+01
  0.40119163E+01 -0.63945479E+01
  0.40229878E+01 -0.63945736E+01
  0.40340592E+01 -0.63945965E+01
  0.40451307E+01 -0.63946164E+01
  0.40562021E+01 -0.63946331E+01
  0.40672736E+01 -0.63946463E+01
  0.40783450E+01 -0.63946559E+01
  0.40894165E+01 -0.63946616E+01
  0.41004879E+01 -0.63946632E+01
  0.41115594E+01 -0.63946606E+01
  0.41226308E+01 -0.63946538E+01
  0.41337023E+01 -0.63946426E+01
  0.41447737E+01 -0.63946270E+01
  0.41558452E+01 -0.63946070E+01
  0.41669166E+01 -0.63945826E+01
  0.41779880E+01 -0.63945541E+01
  0.41890595E+01 -0.63945215E+01
  0.42001309E+01 -0.63944851E+01
  0.42112024E+01 -0.63944452E+01
  0.42222738E+01 -0.63944021E+01
  0.42333453E+01 -0.63943562E+01
  0.42444167E+01 -0.63943080E+01
  0.42554882E+01 -0.63942579E+01
  0.42665596E+01 -0.63942065E+01
  0.42776311E+01 -0.63941544E+01
  0.42887025E+01 -0.63941022E+01
  0.42997740E+01 -0.63940504E+01
  0.43108454E+01 -0.63939998E+01
  0.43219169E+01 -0.63939509E+01
  0.43329883E+01 -0.63939045E+01
  0.43440597E+01 -0.63938610E+01
  0.43551312E+01 -0.63938212E+01
  0.43662026E+01 -0.63937855E+01
  0.43772741E+01 -0.63937544E+01
  0.43883455E+01 -0.63937283E+01
  0.43994170E+01 -0.63937076E+01
  0.44104884E+01 -0.63936927E+01
  0.44215599E+01 -0.63936836E+01
  0.44326313E+01 -0.63936806E+01
  0.44437481E+01 -0.63936664E+01
  0.44548648E+01 -0.63936242E+01
  0.44659816E+01 -0.63935545E+01
  0.44770983E+01 -0.63934581E+01
  0.44882151E+01 -0.63933362E+01
  0.44993318E+01 -0.63931903E+01
  0.45104485E+01 -0.63930221E+01
  0.45215653E+01 -0.63928332E+01
  0.45326820E+01 -0.63926257E+01
  0.45437988E+01 -0.63924013E+01
  0.45549155E+01 -0.63921621E+01
  0.45660323E+01 -0.63919101E+01
  0.45771490E+01 -0.63916469E+01
  0.45882658E+01 -0.63913745E+01
  0.45993825E+01 -0.63910946E+01
  0.46104993E+01 -0.63908087E+01
  0.46216160E+01 -0.63905185E+01
  0.46327328E+01 -0.63902254E+01
  0.46438495E+01 -0.63899307E+01
  0.46549663E+01 -0.63896357E+01
  0.46660830E+01 -0.63893415E+01
  0.46771997E+01 -0.63890493E+01
  0.46883165E+01 -0.63887600E+01
  0.46994332E+01 -0.63884747E+01
  0.47105500E+01 -0.63881941E+01
  0.47216667E+01 -0.63879191E+01
  0.47327835E+01 -0.63876505E+01
  0.47439002E+01 -0.63873889E+01
  0.47550170E+01 -0.63871350E+01
  0.47661337E+01 -0.63868893E+01
  0.47772505E+01 -0.63866525E+01
  0.47883672E+01 -0.63864251E+01
  0.47994840E+01 -0.63862075E+01
  0.48106007E+01 -0.63860002E+01
  0.48217175E+01 -0.63858035E+01
  0.48328342E+01 -0.63856179E+01
  0.48439510E+01 -0.63854438E+01
  0.48550677E+01 -0.63852813E+01
  0.48661844E+01 -0.63851308E+01
  0.48773012E+01 -0.63849925E+01
  0.48884179E+01 -0.63848668E+01
  0.48995347E+01 -0.63847537E+01
  0.49106514E+01 -0.63846535E+01
  0.49217682E+01 -0.63845663E+01
  0.49328849E+01 -0.63844924E+01
  0.49440017E+01 -0.63844317E+01
  0.49551184E+01 -0.63843844E+01
  0.49662352E+01 -0.63843505E+01
  0.49773519E+01 -0.63843302E+01
  0.49884687E+01 -0.63843235E+01
  
