#                \hbar \omega(eV)     Re(chi) (e^2*a_0^2/eV) Im(chi) (e^2*a_0^2/eV)
     chi_1_1=  0.000000000000000E+00  -.153190887666865E-01  0.144983790712217E-11
     chi_1_1=  0.100000000000000E+00  -.153207960967993E-01  -.191388626929370E-04
     chi_1_1=  0.200000000000000E+00  -.153259298844956E-01  -.386096092478015E-04
     chi_1_1=  0.300000000000000E+00  -.153345243420719E-01  -.587653030290100E-04
     chi_1_1=  0.400000000000000E+00  -.153466320079591E-01  -.800035065123093E-04
     chi_1_1=  0.500000000000000E+00  -.153623148979807E-01  -.102793961666497E-03
     chi_1_1=  0.600000000000000E+00  -.153816270585961E-01  -.127712888220503E-03
     chi_1_1=  0.700000000000000E+00  -.154045813773608E-01  -.155485498147926E-03
     chi_1_1=  0.800000000000000E+00  -.154310881584338E-01  -.187035467434169E-03
     chi_1_1=  0.900000000000000E+00  -.154608456413051E-01  -.223531418512542E-03
     chi_1_1=  0.100000000000000E+01  -.154931575745206E-01  -.266399109691072E-03
     chi_1_1=  0.110000000000000E+01  -.155266673166722E-01  -.317227472137745E-03
     chi_1_1=  0.120000000000000E+01  -.155590699690392E-01  -.377454211730669E-03
     chi_1_1=  0.130000000000000E+01  -.155870122501044E-01  -.447763641486422E-03
     chi_1_1=  0.140000000000000E+01  -.156064628211241E-01  -.527383805643393E-03
     chi_1_1=  0.150000000000000E+01  -.156135423161989E-01  -.613732384617834E-03
     chi_1_1=  0.160000000000000E+01  -.156053727196956E-01  -.702621561691574E-03
     chi_1_1=  0.170000000000000E+01  -.155806441353518E-01  -.788747965089809E-03
     chi_1_1=  0.180000000000000E+01  -.155400189504201E-01  -.866263824976733E-03
     chi_1_1=  0.190000000000000E+01  -.154864267761049E-01  -.929561247723167E-03
     chi_1_1=  0.200000000000000E+01  -.154249827808017E-01  -.974328850001554E-03
     chi_1_1=  0.210000000000000E+01  -.153622564519727E-01  -.998570441759304E-03
     chi_1_1=  0.220000000000000E+01  -.153049887678128E-01  -.100308115712229E-02
     chi_1_1=  0.230000000000000E+01  -.152587530756483E-01  -.991099376149614E-03
     chi_1_1=  0.240000000000000E+01  -.152271064614934E-01  -.967316198548108E-03
     chi_1_1=  0.250000000000000E+01  -.152114566180674E-01  -.936728959871718E-03
     chi_1_1=  0.260000000000000E+01  -.152114834565344E-01  -.903771518331605E-03
     chi_1_1=  0.270000000000000E+01  -.152257834459252E-01  -.871886935007035E-03
     chi_1_1=  0.280000000000000E+01  -.152524640207501E-01  -.843474329858893E-03
     chi_1_1=  0.290000000000000E+01  -.152895623864837E-01  -.820050680479391E-03
     chi_1_1=  0.300000000000000E+01  -.153352796541805E-01  -.802486853820879E-03
     chi_1_1=  0.310000000000000E+01  -.153880747095123E-01  -.791233535309132E-03
     chi_1_1=  0.320000000000000E+01  -.154466702125875E-01  -.786501876852178E-03
     chi_1_1=  0.330000000000000E+01  -.155100113378612E-01  -.788392760052162E-03
     chi_1_1=  0.340000000000000E+01  -.155772026528733E-01  -.796980896395485E-03
     chi_1_1=  0.350000000000000E+01  -.156474365808776E-01  -.812362393235853E-03
     chi_1_1=  0.360000000000000E+01  -.157199195627163E-01  -.834672137723058E-03
     chi_1_1=  0.370000000000000E+01  -.157937988556838E-01  -.864073369379553E-03
     chi_1_1=  0.380000000000000E+01  -.158680933035312E-01  -.900717691034317E-03
     chi_1_1=  0.390000000000000E+01  -.159416352253042E-01  -.944670714630936E-03
     chi_1_1=  0.400000000000000E+01  -.160130378143187E-01  -.995798338370771E-03
     chi_1_1=  0.410000000000000E+01  -.160807122760843E-01  -.105361430510650E-02
     chi_1_1=  0.420000000000000E+01  -.161429677511205E-01  -.111710512238450E-02
     chi_1_1=  0.430000000000000E+01  -.161982261851382E-01  -.118457586410563E-02
     chi_1_1=  0.440000000000000E+01  -.162453600873444E-01  -.125359409296633E-02
     chi_1_1=  0.450000000000000E+01  -.162841030165043E-01  -.132112775586096E-02
     chi_1_1=  0.460000000000000E+01  -.163154023073904E-01  -.138394110620349E-02
     chi_1_1=  0.470000000000000E+01  -.163415317252483E-01  -.143920801724625E-02
     chi_1_1=  0.480000000000000E+01  -.163658282873316E-01  -.148516002322259E-02
     chi_1_1=  0.490000000000000E+01  -.163920796137717E-01  -.152150946026843E-02
     chi_1_1=  0.500000000000000E+01  -.164237738230143E-01  -.154946484736315E-02
     chi_1_1=  0.510000000000000E+01  -.164634917118735E-01  -.157135312326785E-02
     chi_1_1=  0.520000000000000E+01  -.165126212719849E-01  -.159003797777211E-02
     chi_1_1=  0.530000000000000E+01  -.165713989449155E-01  -.160836172013763E-02
     chi_1_1=  0.540000000000000E+01  -.166391585070639E-01  -.162875333170061E-02
     chi_1_1=  0.550000000000000E+01  -.167146469995545E-01  -.165303006869723E-02
     chi_1_1=  0.560000000000000E+01  -.167963136969206E-01  -.168234640714340E-02
     chi_1_1=  0.570000000000000E+01  -.168825375969672E-01  -.171722601983279E-02
     chi_1_1=  0.580000000000000E+01  -.169717992463423E-01  -.175762873374990E-02
     chi_1_1=  0.590000000000000E+01  -.170628181069188E-01  -.180303083001458E-02
     chi_1_1=  0.600000000000000E+01  -.171546735882170E-01  -.185251927602616E-02
     chi_1_1=  0.610000000000000E+01  -.172469145019615E-01  -.190491263165377E-02
     chi_1_1=  0.619999999999999E+01  -.173396450743097E-01  -.195892153291847E-02
     chi_1_1=  0.629999999999999E+01  -.174335626230232E-01  -.201335012521301E-02
     chi_1_1=  0.639999999999999E+01  -.175299194874342E-01  -.206732029233591E-02
     chi_1_1=  0.649999999999999E+01  -.176303941445431E-01  -.212048139828090E-02
     chi_1_1=  0.659999999999999E+01  -.177368811992797E-01  -.217316050748860E-02
     chi_1_1=  0.669999999999999E+01  -.178512363604155E-01  -.222641894047888E-02
     chi_1_1=  0.679999999999999E+01  -.179750265333885E-01  -.228200779430011E-02
     chi_1_1=  0.689999999999999E+01  -.181093285651427E-01  -.234224499539848E-02
     chi_1_1=  0.699999999999999E+01  -.182545964478387E-01  -.240985478494343E-02
     chi_1_1=  0.709999999999999E+01  -.184105882275464E-01  -.248780980588683E-02
     chi_1_1=  0.719999999999999E+01  -.185763229388202E-01  -.257919903595593E-02
     chi_1_1=  0.729999999999999E+01  -.187500306087421E-01  -.268712032455716E-02
     chi_1_1=  0.739999999999999E+01  -.189290641315721E-01  -.281457190620354E-02
     chi_1_1=  0.749999999999999E+01  -.191097578407967E-01  -.296429630872424E-02
     chi_1_1=  0.759999999999999E+01  -.192872437512920E-01  -.313851301910511E-02
     chi_1_1=  0.769999999999999E+01  -.194552772928902E-01  -.333846559058666E-02
     chi_1_1=  0.779999999999999E+01  -.196061870541655E-01  -.356371576533684E-02
     chi_1_1=  0.789999999999999E+01  -.197311481087883E-01  -.381116823219403E-02
     chi_1_1=  0.799999999999999E+01  -.198210590808870E-01  -.407394662240648E-02
     chi_1_1=  0.810000000000000E+01  -.198682948661310E-01  -.434049564081717E-02
     chi_1_1=  0.820000000000000E+01  -.198693603697093E-01  -.459460088290732E-02
     chi_1_1=  0.830000000000000E+01  -.198278691692276E-01  -.481714945441746E-02
     chi_1_1=  0.840000000000000E+01  -.197564941115093E-01  -.498998734393332E-02
     chi_1_1=  0.849999999999999E+01  -.196762680453654E-01  -.510099426639831E-02
     chi_1_1=  0.859999999999999E+01  -.196126124663546E-01  -.514818577230058E-02
     chi_1_1=  0.869999999999999E+01  -.195894605387249E-01  -.514062440599086E-02
     chi_1_1=  0.879999999999999E+01  -.196241805657687E-01  -.509566970307315E-02
     chi_1_1=  0.889999999999999E+01  -.197253748642851E-01  -.503423385022908E-02
     chi_1_1=  0.899999999999999E+01  -.198936940804255E-01  -.497641388726251E-02
     chi_1_1=  0.909999999999999E+01  -.201243328655765E-01  -.493894055063408E-02
     chi_1_1=  0.919999999999999E+01  -.204096929646877E-01  -.493453414690596E-02
     chi_1_1=  0.929999999999999E+01  -.207413326988705E-01  -.497249661506791E-02
     chi_1_1=  0.939999999999999E+01  -.211109945786511E-01  -.505979582532171E-02
     chi_1_1=  0.949999999999999E+01  -.215108646030800E-01  -.520214596520112E-02
     chi_1_1=  0.959999999999999E+01  -.219333007564167E-01  -.540484456538532E-02
     chi_1_1=  0.969999999999999E+01  -.223702207703907E-01  -.567327538220677E-02
     chi_1_1=  0.979999999999999E+01  -.228122713702429E-01  -.601302973461519E-02
     chi_1_1=  0.989999999999999E+01  -.232478696810250E-01  -.642957489816360E-02
     chi_1_1=  0.999999999999999E+01  -.236622406232056E-01  -.692734644478383E-02
     chi_1_1=  0.101000000000000E+02  -.240366919237635E-01  -.750810815263590E-02
     chi_1_1=  0.102000000000000E+02  -.243485769755754E-01  -.816848206804427E-02
     chi_1_1=  0.103000000000000E+02  -.245726449289255E-01  -.889681702918454E-02
     chi_1_1=  0.104000000000000E+02  -.246845803187836E-01  -.967014939241853E-02
     chi_1_1=  0.105000000000000E+02  -.246671162229586E-01  -.104528559941699E-01
     chi_1_1=  0.106000000000000E+02  -.245177800894079E-01  -.111991884495419E-01
     chi_1_1=  0.107000000000000E+02  -.242553190365950E-01  -.118611751471327E-01
     chi_1_1=  0.108000000000000E+02  -.239206346530643E-01  -.124006746345351E-01
     chi_1_1=  0.109000000000000E+02  -.235696940592529E-01  -.128008762411251E-01
     chi_1_1=  0.110000000000000E+02  -.232603947413521E-01  -.130714824723055E-01
     chi_1_1=  0.111000000000000E+02  -.230392900292872E-01  -.132450869087614E-01
     chi_1_1=  0.112000000000000E+02  -.229337650768669E-01  -.133674208669704E-01
     chi_1_1=  0.113000000000000E+02  -.229512565466556E-01  -.134867531899034E-01
     chi_1_1=  0.114000000000000E+02  -.230832806997935E-01  -.136464157515277E-01
     chi_1_1=  0.115000000000000E+02  -.233108913820766E-01  -.138814674394556E-01
     chi_1_1=  0.116000000000000E+02  -.236092083920155E-01  -.142184195180286E-01
     chi_1_1=  0.117000000000000E+02  -.239501674626608E-01  -.146763827363691E-01
     chi_1_1=  0.118000000000000E+02  -.243036559892913E-01  -.152683440433433E-01
     chi_1_1=  0.119000000000000E+02  -.246376129883529E-01  -.160018316641234E-01
     chi_1_1=  0.120000000000000E+02  -.249177487502092E-01  -.168786568935509E-01
     chi_1_1=  0.121000000000000E+02  -.251075141570770E-01  -.178937073226740E-01
     chi_1_1=  0.122000000000000E+02  -.251689180146397E-01  -.190330049464489E-01
     chi_1_1=  0.123000000000000E+02  -.250647247012788E-01  -.202715265625486E-01
     chi_1_1=  0.124000000000000E+02  -.247623520848334E-01  -.215716327308121E-01
     chi_1_1=  0.125000000000000E+02  -.242393005856145E-01  -.228832552914164E-01
     chi_1_1=  0.126000000000000E+02  -.234891515761938E-01  -.241469918466445E-01
     chi_1_1=  0.127000000000000E+02  -.225263133136657E-01  -.253006400499190E-01
     chi_1_1=  0.128000000000000E+02  -.213873129893369E-01  -.262884001830910E-01
     chi_1_1=  0.129000000000000E+02  -.201271146770560E-01  -.270704512892523E-01
     chi_1_1=  0.130000000000000E+02  -.188107226679538E-01  -.276298160644871E-01
     chi_1_1=  0.131000000000000E+02  -.175023579776247E-01  -.279741348670505E-01
     chi_1_1=  0.132000000000000E+02  -.162555119483270E-01  -.281319539449525E-01
     chi_1_1=  0.133000000000000E+02  -.151065565230764E-01  -.281452177236059E-01
     chi_1_1=  0.134000000000000E+02  -.140728614047941E-01  -.280606539889442E-01
     chi_1_1=  0.135000000000000E+02  -.131546807953495E-01  -.279223716081295E-01
     chi_1_1=  0.136000000000000E+02  -.123392278937360E-01  -.277668565099770E-01
     chi_1_1=  0.137000000000000E+02  -.116054059639262E-01  -.276204520510237E-01
     chi_1_1=  0.138000000000000E+02  -.109281935125506E-01  -.274987832289982E-01
     chi_1_1=  0.139000000000000E+02  -.102822510712888E-01  -.274074419961549E-01
     chi_1_1=  0.140000000000000E+02  -.964469724377376E-02  -.273433940495681E-01
     chi_1_1=  0.141000000000000E+02  -.899715620227663E-02  -.272967900832049E-01
     chi_1_1=  0.142000000000000E+02  -.832717171536863E-02  -.272530378328864E-01
     chi_1_1=  0.143000000000000E+02  -.762900299008491E-02  -.271950638599700E-01
     chi_1_1=  0.144000000000000E+02  -.690374450881392E-02  -.271056683944578E-01
     chi_1_1=  0.145000000000000E+02  -.615870204150658E-02  -.269697910673033E-01
     chi_1_1=  0.146000000000000E+02  -.540603306043150E-02  -.267764205030546E-01
     chi_1_1=  0.147000000000000E+02  -.466080237321025E-02  -.265198592213064E-01
     chi_1_1=  0.148000000000000E+02  -.393875475783554E-02  -.262001339976782E-01
     chi_1_1=  0.149000000000000E+02  -.325419412718128E-02  -.258225091092405E-01
     chi_1_1=  0.150000000000000E+02  -.261833637302331E-02  -.253962569925066E-01
     chi_1_1=  0.151000000000000E+02  -.203837525985624E-02  -.249329923457794E-01
     chi_1_1=  0.152000000000000E+02  -.151731967802626E-02  -.244449303073226E-01
     chi_1_1=  0.153000000000000E+02  -.105449393583706E-02  -.239433832057836E-01
     chi_1_1=  0.154000000000000E+02  -.646488415966331E-03  -.234376999636398E-01
     chi_1_1=  0.155000000000000E+02  -.288317376235922E-03  -.229347272031126E-01
     chi_1_1=  0.156000000000000E+02  0.254338620606989E-04  -.224387687019045E-01
     chi_1_1=  0.157000000000000E+02  0.299637048373468E-03  -.219519544356183E-01
     chi_1_1=  0.158000000000000E+02  0.537931423775520E-03  -.214748979485538E-01
     chi_1_1=  0.159000000000000E+02  0.742371711687279E-03  -.210075097264450E-01
     chi_1_1=  0.160000000000000E+02  0.913424143624658E-03  -.205498352413953E-01
     chi_1_1=  0.161000000000000E+02  0.105028019743527E-02  -.201027962911912E-01
     chi_1_1=  0.162000000000000E+02  0.115142045133690E-02  -.196687349472577E-01
     chi_1_1=  0.163000000000000E+02  0.121533155049844E-02  -.192516929143351E-01
     chi_1_1=  0.164000000000000E+02  0.124126520632536E-02  -.188574030587425E-01
     chi_1_1=  0.165000000000000E+02  0.122993523278731E-02  -.184930158424546E-01
     chi_1_1=  0.166000000000000E+02  0.118407641055232E-02  -.181666193314912E-01
     chi_1_1=  0.167000000000000E+02  0.110882919607332E-02  -.178866268902445E-01
     chi_1_1=  0.168000000000000E+02  0.101195351905850E-02  -.176610976976521E-01
     chi_1_1=  0.169000000000000E+02  0.903899533379157E-03  -.174970261217529E-01
     chi_1_1=  0.170000000000000E+02  0.797763783601950E-03  -.173995975073425E-01
     chi_1_1=  0.171000000000000E+02  0.709132324271513E-03  -.173713740282933E-01
     chi_1_1=  0.172000000000000E+02  0.655759981410981E-03  -.174113600449598E-01
     chi_1_1=  0.173000000000000E+02  0.656965088504396E-03  -.175139182468975E-01
     chi_1_1=  0.174000000000000E+02  0.732549092932909E-03  -.176675837000793E-01
     chi_1_1=  0.175000000000000E+02  0.901015413135838E-03  -.178539677115513E-01
     chi_1_1=  0.176000000000000E+02  0.117692192772175E-02  -.180471523094652E-01
     chi_1_1=  0.177000000000000E+02  0.156743343802400E-02  -.182141915702396E-01
     chi_1_1=  0.178000000000000E+02  0.206858929539432E-02  -.183174134297300E-01
     chi_1_1=  0.179000000000000E+02  0.266237936608754E-02  -.183189387921799E-01
     chi_1_1=  0.180000000000000E+02  0.331611384402017E-02  -.181870543630500E-01
     chi_1_1=  0.181000000000000E+02  0.398531009526623E-02  -.179029631802195E-01
     chi_1_1=  0.182000000000000E+02  0.462014985287433E-02  -.174656246249784E-01
     chi_1_1=  0.183000000000000E+02  0.517390209557860E-02  -.168926531125982E-01
     chi_1_1=  0.184000000000000E+02  0.561060355855988E-02  -.162167405054010E-01
     chi_1_1=  0.185000000000000E+02  0.590958951808351E-02  -.154789732350541E-01
     chi_1_1=  0.186000000000000E+02  0.606599112414822E-02  -.147215069960526E-01
     chi_1_1=  0.187000000000000E+02  0.608799956434732E-02  -.139817886576906E-01
     chi_1_1=  0.188000000000000E+02  0.599257722531945E-02  -.132893505611239E-01
     chi_1_1=  0.189000000000000E+02  0.580119321587161E-02  -.126650270040552E-01
     chi_1_1=  0.190000000000000E+02  0.553651894479047E-02  -.121218013681024E-01
     chi_1_1=  0.191000000000000E+02  0.522035648656636E-02  -.116664067702859E-01
     chi_1_1=  0.192000000000000E+02  0.487265139547927E-02  -.113010237037499E-01
     chi_1_1=  0.193000000000000E+02  0.451127673878343E-02  -.110247018401594E-01
     chi_1_1=  0.194000000000000E+02  0.415227121960203E-02  -.108343536147264E-01
     chi_1_1=  0.195000000000000E+02  0.381027414319017E-02  -.107252977998908E-01
     chi_1_1=  0.196000000000000E+02  0.349896356979425E-02  -.106913940824714E-01
     chi_1_1=  0.197000000000000E+02  0.323134697794824E-02  -.107248386547937E-01
     chi_1_1=  0.198000000000000E+02  0.301977562202577E-02  -.108157156208816E-01
     chi_1_1=  0.199000000000000E+02  0.287556905043770E-02  -.109514397319396E-01
     chi_1_1=  0.200000000000000E+02  0.280817029349200E-02  -.111162895059894E-01
     chi_1_1=  0.201000000000000E+02  0.282383599730079E-02  -.112913025217689E-01
     chi_1_1=  0.202000000000000E+02  0.292402164509859E-02  -.114548438689279E-01
     chi_1_1=  0.203000000000000E+02  0.310383586560657E-02  -.115840950924457E-01
     chi_1_1=  0.204000000000000E+02  0.335112878730356E-02  -.116574814666612E-01
     chi_1_1=  0.205000000000000E+02  0.364680363526657E-02  -.116576715488273E-01
     chi_1_1=  0.206000000000000E+02  0.396667074544517E-02  -.115743918336567E-01
     chi_1_1=  0.207000000000000E+02  0.428462297511475E-02  -.114061498422057E-01
     chi_1_1=  0.208000000000000E+02  0.457634556093295E-02  -.111602311752664E-01
     chi_1_1=  0.209000000000000E+02  0.482251976920578E-02  -.108509519649420E-01
     chi_1_1=  0.210000000000000E+02  0.501070594259522E-02  -.104967762143696E-01
     chi_1_1=  0.211000000000000E+02  0.513564840715540E-02  -.101172062979374E-01
     chi_1_1=  0.212000000000000E+02  0.519829603895894E-02  -.973022713422354E-02
     chi_1_1=  0.213000000000000E+02  0.520412069264337E-02  -.935069959954002E-02
     chi_1_1=  0.214000000000000E+02  0.516130382820402E-02  -.898970920686325E-02
     chi_1_1=  0.215000000000000E+02  0.507917322337721E-02  -.865463920750780E-02
     chi_1_1=  0.216000000000000E+02  0.496705461694591E-02  -.834967186208859E-02
     chi_1_1=  0.217000000000000E+02  0.483354468756974E-02  -.807646641938649E-02
     chi_1_1=  0.218000000000000E+02  0.468613096447983E-02  -.783484637233663E-02
     chi_1_1=  0.219000000000000E+02  0.453106229792974E-02  -.762340628089887E-02
     chi_1_1=  0.220000000000000E+02  0.437338308912808E-02  -.744000244480632E-02
     chi_1_1=  0.221000000000000E+02  0.421706459103813E-02  -.728212209752031E-02
     chi_1_1=  0.222000000000000E+02  0.406518571044759E-02  -.714713962570363E-02
     chi_1_1=  0.223000000000000E+02  0.392012971902304E-02  -.703247319980930E-02
     chi_1_1=  0.224000000000000E+02  0.378377221191502E-02  -.693565665496537E-02
     chi_1_1=  0.225000000000000E+02  0.365764134843269E-02  -.685434247245169E-02
     chi_1_1=  0.226000000000000E+02  0.354303581310677E-02  -.678625326061101E-02
     chi_1_1=  0.227000000000000E+02  0.344109037668846E-02  -.672910103907396E-02
     chi_1_1=  0.228000000000000E+02  0.335278402147173E-02  -.668049530661155E-02
     chi_1_1=  0.229000000000000E+02  0.327889146006929E-02  -.663786176731739E-02
     chi_1_1=  0.230000000000000E+02  0.321988549314652E-02  -.659839323761862E-02
     chi_1_1=  0.231000000000001E+02  0.317580492080445E-02  -.655905209612827E-02
     chi_1_1=  0.232000000000001E+02  0.314611025505566E-02  -.651663885359084E-02
     chi_1_1=  0.233000000000001E+02  0.312955618625604E-02  -.646793309661642E-02
     chi_1_1=  0.234000000000001E+02  0.312411356975633E-02  -.640990079114073E-02
     chi_1_1=  0.235000000000001E+02  0.312697186706199E-02  -.633994672711839E-02
     chi_1_1=  0.236000000000001E+02  0.313464315591872E-02  -.625617584575704E-02
     chi_1_1=  0.237000000000001E+02  0.314317076644296E-02  -.615761723763378E-02
     chi_1_1=  0.238000000000001E+02  0.314842252350184E-02  -.604436479923995E-02
     chi_1_1=  0.239000000000001E+02  0.314642702050693E-02  -.591760142927811E-02
     chi_1_1=  0.240000000000001E+02  0.313369890093050E-02  -.577949707190381E-02
     chi_1_1=  0.241000000000001E+02  0.310750082349850E-02  -.563299801369059E-02
     chi_1_1=  0.242000000000001E+02  0.306600535617633E-02  -.548154679578852E-02
     chi_1_1=  0.243000000000001E+02  0.300834382954118E-02  -.532878219186081E-02
     chi_1_1=  0.244000000000001E+02  0.293455296047135E-02  -.517826520704733E-02
     chi_1_1=  0.245000000000001E+02  0.284544688311387E-02  -.503326335142793E-02
     chi_1_1=  0.246000000000001E+02  0.274244899013418E-02  -.489660763642718E-02
     chi_1_1=  0.247000000000001E+02  0.262741563938897E-02  -.477062061661673E-02
     chi_1_1=  0.248000000000001E+02  0.250247572156482E-02  -.465710281131693E-02
     chi_1_1=  0.249000000000001E+02  0.236990013439330E-02  -.455735976154437E-02
     chi_1_1=  0.250000000000001E+02  0.223200620707411E-02  -.447225169643103E-02
     chi_1_1=  0.251000000000001E+02  0.209109546701152E-02  -.440225044409755E-02
     chi_1_1=  0.252000000000001E+02  0.194941904423032E-02  -.434749210169700E-02
     chi_1_1=  0.253000000000001E+02  0.180916297821403E-02  -.430781790654258E-02
     chi_1_1=  0.254000000000001E+02  0.167244501183633E-02  -.428279916063630E-02
     chi_1_1=  0.255000000000001E+02  0.154131448994788E-02  -.427174486312969E-02
     chi_1_1=  0.256000000000001E+02  0.141774731635473E-02  -.427369309572995E-02
     chi_1_1=  0.257000000000001E+02  0.130362843077851E-02  -.428738950001135E-02
     chi_1_1=  0.258000000000001E+02  0.120071509294884E-02  -.431125867263806E-02
     chi_1_1=  0.259000000000001E+02  0.111057579493763E-02  -.434337711055726E-02
     chi_1_1=  0.260000000000001E+02  0.103450241712599E-02  -.438145927715394E-02
     chi_1_1=  0.261000000000001E+02  0.973397832784211E-03  -.442287079090213E-02
     chi_1_1=  0.262000000000001E+02  0.927647755115063E-03  -.446468349808277E-02
     chi_1_1=  0.263000000000001E+02  0.896993650485033E-03  -.450378474430587E-02
     chi_1_1=  0.264000000000001E+02  0.880431296088159E-03  -.453704610278341E-02
     chi_1_1=  0.265000000000001E+02  0.876164125852562E-03  -.456154477721045E-02
     chi_1_1=  0.266000000000001E+02  0.881638475069781E-03  -.457481553634342E-02
     chi_1_1=  0.267000000000001E+02  0.893676865630607E-03  -.457509650608464E-02
     chi_1_1=  0.268000000000001E+02  0.908706226625289E-03  -.456152420123087E-02
     chi_1_1=  0.269000000000001E+02  0.923055112507266E-03  -.453423676744153E-02
     chi_1_1=  0.270000000000001E+02  0.933275209115958E-03  -.449436067594995E-02
     chi_1_1=  0.271000000000001E+02  0.936435010834095E-03  -.444388083956655E-02
     chi_1_1=  0.272000000000001E+02  0.930340658708401E-03  -.438541902274192E-02
     chi_1_1=  0.273000000000001E+02  0.913657724826190E-03  -.432196203794656E-02
     chi_1_1=  0.274000000000001E+02  0.885930916744527E-03  -.425658493494621E-02
     chi_1_1=  0.275000000000001E+02  0.847518270124352E-03  -.419220610448447E-02
     chi_1_1=  0.276000000000001E+02  0.799467265557131E-03  -.413139599560066E-02
     chi_1_1=  0.277000000000001E+02  0.743361550087053E-03  -.407624516697640E-02
     chi_1_1=  0.278000000000001E+02  0.681160989261172E-03  -.402828530877907E-02
     chi_1_1=  0.279000000000001E+02  0.615048391099359E-03  -.398845072931619E-02
     chi_1_1=  0.280000000000001E+02  0.547286860704329E-03  -.395706742043870E-02
     chi_1_1=  0.281000000000001E+02  0.480084700155872E-03  -.393386079126356E-02
     chi_1_1=  0.282000000000001E+02  0.415461351729998E-03  -.391797970732218E-02
     chi_1_1=  0.283000000000001E+02  0.355108701736741E-03  -.390804177342476E-02
     chi_1_1=  0.284000000000002E+02  0.300247261563317E-03  -.390221090863461E-02
     chi_1_1=  0.285000000000002E+02  0.251485796961187E-03  -.389832091492677E-02
     chi_1_1=  0.286000000000002E+02  0.208704096521767E-03  -.389405551256415E-02
     chi_1_1=  0.287000000000002E+02  0.170988138046714E-03  -.388718453385357E-02
     chi_1_1=  0.288000000000002E+02  0.136649751807666E-03  -.387583835434384E-02
     chi_1_1=  0.289000000000002E+02  0.103354131503195E-03  -.385878282296797E-02
     chi_1_1=  0.290000000000002E+02  0.683569628405388E-04  -.383564321617537E-02
     chi_1_1=  0.291000000000002E+02  0.288237495449596E-04  -.380702674957454E-02
     chi_1_1=  0.292000000000002E+02  -.178216962691328E-04  -.377451255591978E-02
     chi_1_1=  0.293000000000002E+02  -.735826938882934E-04  -.374051044762586E-02
     chi_1_1=  0.294000000000002E+02  -.139661105346823E-03  -.370802240177953E-02
     chi_1_1=  0.295000000000002E+02  -.216339293714541E-03  -.368036010002730E-02
     chi_1_1=  0.296000000000002E+02  -.302965513106581E-03  -.366087149000217E-02
     chi_1_1=  0.297000000000002E+02  -.398012150268205E-03  -.365271223031986E-02
     chi_1_1=  0.298000000000002E+02  -.499167595392479E-03  -.365867321886673E-02
     chi_1_1=  0.299000000000002E+02  -.603428172102591E-03  -.368105264163968E-02
     chi_1_1=  0.300000000000002E+02  -.707171756052021E-03  -.372154587548578E-02
     chi_1_1=  0.301000000000002E+02  -.806214345658604E-03  -.378112083636896E-02
     chi_1_1=  0.302000000000002E+02  -.895871578555451E-03  -.385984975501834E-02
     chi_1_1=  0.303000000000002E+02  -.971067108562294E-03  -.395668121456930E-02
     chi_1_1=  0.304000000000003E+02  -.102654613163671E-02  -.406916069985655E-02
     chi_1_1=  0.305000000000003E+02  -.105725849249516E-02  -.419314653094448E-02
     chi_1_1=  0.306000000000003E+02  -.105895896150023E-02  -.432261946576644E-02
     chi_1_1=  0.307000000000003E+02  -.102901598999931E-02  -.444973507261968E-02
     chi_1_1=  0.308000000000003E+02  -.967316062200991E-03  -.456528579621489E-02
     chi_1_1=  0.309000000000003E+02  -.877019895911969E-03  -.465967819409846E-02
     chi_1_1=  0.310000000000003E+02  -.764837679009708E-03  -.472436081997376E-02
     chi_1_1=  0.311000000000003E+02  -.640540085992971E-03  -.475339830136008E-02
     chi_1_1=  0.312000000000003E+02  -.515659531541944E-03  -.474470684843805E-02
     chi_1_1=  0.313000000000003E+02  -.401678950481159E-03  -.470049891475837E-02
     chi_1_1=  0.314000000000003E+02  -.308251357121676E-03  -.462676761262644E-02
     chi_1_1=  0.315000000000003E+02  -.241973047558757E-03  -.453202465425187E-02
     chi_1_1=  0.316000000000003E+02  -.205963286421333E-03  -.442575714637561E-02
     chi_1_1=  0.317000000000003E+02  -.200169366603849E-03  -.431706624830599E-02
     chi_1_1=  0.318000000000003E+02  -.222106048871978E-03  -.421375738089757E-02
     chi_1_1=  0.319000000000003E+02  -.267711500803168E-03  -.412192180230531E-02
     chi_1_1=  0.320000000000003E+02  -.332097086417683E-03  -.404589731523251E-02
     chi_1_1=  0.321000000000003E+02  -.410093058767903E-03  -.398844683005097E-02
     chi_1_1=  0.322000000000003E+02  -.496587193272322E-03  -.395101453805940E-02
     chi_1_1=  0.323000000000003E+02  -.586703586913060E-03  -.393396731947022E-02
     chi_1_1=  0.324000000000003E+02  -.675884317674108E-03  -.393677567925364E-02
     chi_1_1=  0.325000000000003E+02  -.759932957507175E-03  -.395812362193044E-02
     chi_1_1=  0.326000000000003E+02  -.835067196322639E-03  -.399596068436597E-02
     chi_1_1=  0.327000000000003E+02  -.898012905617465E-03  -.404752542833132E-02
     chi_1_1=  0.328000000000003E+02  -.946154201235145E-03  -.410938049919403E-02
     chi_1_1=  0.329000000000003E+02  -.977732248755320E-03  -.417750422418294E-02
     chi_1_1=  0.330000000000003E+02  -.992060078983016E-03  -.424747892252161E-02
     chi_1_1=  0.331000000000003E+02  -.989696232763388E-03  -.431479698416611E-02
     chi_1_1=  0.332000000000003E+02  -.972506369550134E-03  -.437527106055232E-02
     chi_1_1=  0.333000000000003E+02  -.943550596840189E-03  -.442549123645038E-02
     chi_1_1=  0.334000000000003E+02  -.906771025750507E-03  -.446323607008705E-02
     chi_1_1=  0.335000000000003E+02  -.866511200227414E-03  -.448773551451542E-02
     chi_1_1=  0.336000000000003E+02  -.826954568044662E-03  -.449971268161826E-02
     chi_1_1=  0.337000000000003E+02  -.791597300124933E-03  -.450119000669178E-02
     chi_1_1=  0.338000000000003E+02  -.762858141988344E-03  -.449510863493692E-02
     chi_1_1=  0.339000000000003E+02  -.741882540285658E-03  -.448485069726371E-02
     chi_1_1=  0.340000000000003E+02  -.728543361618144E-03  -.447375952165250E-02
     chi_1_1=  0.341000000000003E+02  -.721599462311053E-03  -.446472890053009E-02
     chi_1_1=  0.342000000000003E+02  -.718957256829158E-03  -.445989704445328E-02
     chi_1_1=  0.343000000000003E+02  -.717986183267359E-03  -.446045103546936E-02
     chi_1_1=  0.344000000000003E+02  -.715855433410677E-03  -.446653251016885E-02
     chi_1_1=  0.345000000000003E+02  -.709874725785993E-03  -.447723496803735E-02
     chi_1_1=  0.346000000000003E+02  -.697828318089221E-03  -.449069151825468E-02
     chi_1_1=  0.347000000000004E+02  -.678286196046701E-03  -.450426048672712E-02
     chi_1_1=  0.348000000000004E+02  -.650862102999215E-03  -.451481661992054E-02
     chi_1_1=  0.349000000000004E+02  -.616372535616026E-03  -.451914180531373E-02
     chi_1_1=  0.350000000000004E+02  -.576845361979310E-03  -.451438133435109E-02
     chi_1_1=  0.351000000000004E+02  -.535341886499215E-03  -.449849846032174E-02
     chi_1_1=  0.352000000000004E+02  -.495594773829342E-03  -.447063767358584E-02
     chi_1_1=  0.353000000000004E+02  -.461515673781129E-03  -.443131228977593E-02
     chi_1_1=  0.354000000000004E+02  -.436668786291403E-03  -.438237013427354E-02
     chi_1_1=  0.355000000000004E+02  -.423818434496197E-03  -.432674993280673E-02
     chi_1_1=  0.356000000000004E+02  -.424632921314322E-03  -.426809536256939E-02
     chi_1_1=  0.357000000000004E+02  -.439576097922668E-03  -.421032072678956E-02
     chi_1_1=  0.358000000000004E+02  -.467965874976080E-03  -.415721463761927E-02
     chi_1_1=  0.359000000000004E+02  -.508145420375988E-03  -.411213593110378E-02
     chi_1_1=  0.360000000000004E+02  -.557704947539432E-03  -.407781733333603E-02
     chi_1_1=  0.361000000000004E+02  -.613704355997555E-03  -.405626211588840E-02
     chi_1_1=  0.362000000000004E+02  -.672868732364701E-03  -.404870355854568E-02
     chi_1_1=  0.363000000000004E+02  -.731750371671680E-03  -.405559545679585E-02
     chi_1_1=  0.364000000000004E+02  -.786867233979992E-03  -.407660971190290E-02
     chi_1_1=  0.365000000000004E+02  -.834836930873092E-03  -.411062973743258E-02
     chi_1_1=  0.366000000000004E+02  -.872527474043034E-03  -.415574287437320E-02
     chi_1_1=  0.367000000000004E+02  -.897241275774316E-03  -.420924909202905E-02
     chi_1_1=  0.368000000000004E+02  -.906937098874050E-03  -.426771466029903E-02
     chi_1_1=  0.369000000000004E+02  -.900476117455581E-03  -.432710471986171E-02
     chi_1_1=  0.370000000000004E+02  -.877855496426667E-03  -.438302312701124E-02
     chi_1_1=  0.371000000000004E+02  -.840372357276552E-03  -.443106775335706E-02
     chi_1_1=  0.372000000000004E+02  -.790652844290061E-03  -.446727516451556E-02
     chi_1_1=  0.373000000000004E+02  -.732495388154341E-03  -.448858888089791E-02
     chi_1_1=  0.374000000000004E+02  -.670517276970368E-03  -.449325663008301E-02
     chi_1_1=  0.375000000000004E+02  -.609649239094015E-03  -.448106151235401E-02
     chi_1_1=  0.376000000000004E+02  -.554571925988470E-03  -.445332693781531E-02
     chi_1_1=  0.377000000000004E+02  -.509207934939048E-03  -.441269481142513E-02
     chi_1_1=  0.378000000000004E+02  -.476363595685709E-03  -.436273598871641E-02
     chi_1_1=  0.379000000000004E+02  -.457566184316546E-03  -.430748696607145E-02
     chi_1_1=  0.380000000000004E+02  -.453087430728726E-03  -.425100676753229E-02
     chi_1_1=  0.381000000000004E+02  -.462104675045667E-03  -.419702030281574E-02
     chi_1_1=  0.382000000000004E+02  -.482936417958650E-03  -.414867618420567E-02
     chi_1_1=  0.383000000000004E+02  -.513296102806459E-03  -.410841399951455E-02
     chi_1_1=  0.384000000000004E+02  -.550526805476786E-03  -.407791654404090E-02
     chi_1_1=  0.385000000000004E+02  -.591800186481326E-03  -.405811690079191E-02
     chi_1_1=  0.386000000000004E+02  -.634279360238862E-03  -.404923453041536E-02
     chi_1_1=  0.387000000000004E+02  -.675254972256771E-03  -.405082383342355E-02
     chi_1_1=  0.388000000000004E+02  -.712266941764079E-03  -.406182915745088E-02
     chi_1_1=  0.389000000000004E+02  -.743222192252332E-03  -.408064947966075E-02
     chi_1_1=  0.390000000000004E+02  -.766512580320199E-03  -.410522241074691E-02
     chi_1_1=  0.391000000000004E+02  -.781128566979643E-03  -.413313948863343E-02
     chi_1_1=  0.392000000000004E+02  -.786754844613452E-03  -.416180191711911E-02
     chi_1_1=  0.393000000000004E+02  -.783826806093102E-03  -.418861758828469E-02
     chi_1_1=  0.394000000000004E+02  -.773524617647630E-03  -.421122754721636E-02
     chi_1_1=  0.395000000000004E+02  -.757687354485241E-03  -.422773628933369E-02
     chi_1_1=  0.396000000000004E+02  -.738643540996517E-03  -.423691045635947E-02
     chi_1_1=  0.397000000000004E+02  -.718973356672921E-03  -.423830958583703E-02
     chi_1_1=  0.398000000000004E+02  -.701235483002558E-03  -.423232281307087E-02
     chi_1_1=  0.399000000000004E+02  -.687701260699487E-03  -.422010446661142E-02
     chi_1_1=  0.400000000000004E+02  -.680136557425116E-03  -.420342290411357E-02
     chi_1_1=  0.401000000000004E+02  -.679658593282775E-03  -.418445318713605E-02
     chi_1_1=  0.402000000000004E+02  -.686676375022815E-03  -.416555035375009E-02
     chi_1_1=  0.403000000000004E+02  -.700906177906166E-03  -.414903575745630E-02
     chi_1_1=  0.404000000000004E+02  -.721442678973402E-03  -.413701776112875E-02
     chi_1_1=  0.405000000000004E+02  -.746863442645031E-03  -.413125508820893E-02
     chi_1_1=  0.406000000000004E+02  -.775348029826181E-03  -.413306056391698E-02
     chi_1_1=  0.407000000000004E+02  -.804800110641909E-03  -.414323701688864E-02
     chi_1_1=  0.408000000000004E+02  -.832968676224149E-03  -.416203601615860E-02
     chi_1_1=  0.409000000000004E+02  -.857570604539979E-03  -.418913296754402E-02
     chi_1_1=  0.410000000000004E+02  -.876420121067742E-03  -.422361749968816E-02
     chi_1_1=  0.411000000000004E+02  -.887570381830113E-03  -.426400451935165E-02
     chi_1_1=  0.412000000000004E+02  -.889468180845395E-03  -.430827713887464E-02
     chi_1_1=  0.413000000000004E+02  -.881114879780718E-03  -.435397590043313E-02
     chi_1_1=  0.414000000000004E+02  -.862216313759474E-03  -.439834713925717E-02
     chi_1_1=  0.415000000000004E+02  -.833294395118678E-03  -.443855514397420E-02
     chi_1_1=  0.416000000000004E+02  -.795727665734462E-03  -.447194783486994E-02
     chi_1_1=  0.417000000000005E+02  -.751691733187436E-03  -.449634683426672E-02
     chi_1_1=  0.418000000000005E+02  -.703985915083946E-03  -.451031624051571E-02
     chi_1_1=  0.419000000000005E+02  -.655757405810453E-03  -.451335790935192E-02
     chi_1_1=  0.420000000000005E+02  -.610161312634987E-03  -.450599009438180E-02
     chi_1_1=  0.421000000000005E+02  -.570013557173699E-03  -.448969022022190E-02
     chi_1_1=  0.422000000000005E+02  -.537495866223519E-03  -.446671353826377E-02
     chi_1_1=  0.423000000000005E+02  -.513956886991812E-03  -.443982595197644E-02
     chi_1_1=  0.424000000000005E+02  -.499827532898097E-03  -.441200218677353E-02
     chi_1_1=  0.425000000000005E+02  -.494642458168177E-03  -.438613722188322E-02
     chi_1_1=  0.426000000000005E+02  -.497141805807049E-03  -.436480387457189E-02
     chi_1_1=  0.427000000000005E+02  -.505421590862632E-03  -.435007042432768E-02
     chi_1_1=  0.428000000000005E+02  -.517105579975647E-03  -.434337623058759E-02
     chi_1_1=  0.429000000000005E+02  -.529521768769919E-03  -.434545431801536E-02
     chi_1_1=  0.430000000000005E+02  -.539877734883806E-03  -.435628847417266E-02
     chi_1_1=  0.431000000000005E+02  -.545437655973809E-03  -.437509699494287E-02
     chi_1_1=  0.432000000000005E+02  -.543707487128908E-03  -.440034338675964E-02
     chi_1_1=  0.433000000000005E+02  -.532632679510629E-03  -.442978336462023E-02
     chi_1_1=  0.434000000000005E+02  -.510804810593380E-03  -.446056439457521E-02
     chi_1_1=  0.435000000000005E+02  -.477660744416916E-03  -.448939554495717E-02
     chi_1_1=  0.436000000000005E+02  -.433643539721097E-03  -.451279845455718E-02
     chi_1_1=  0.437000000000005E+02  -.380283696967274E-03  -.452743335849632E-02
     chi_1_1=  0.438000000000005E+02  -.320159295063777E-03  -.453046961097488E-02
     chi_1_1=  0.439000000000005E+02  -.256709374610134E-03  -.451994534678055E-02
     chi_1_1=  0.440000000000005E+02  -.193906150647422E-03  -.449504686494563E-02
     chi_1_1=  0.441000000000005E+02  -.135829615546878E-03  -.445624477167903E-02
     chi_1_1=  0.442000000000005E+02  -.862180840427852E-04  -.440525293309452E-02
     chi_1_1=  0.443000000000005E+02  -.480766682002372E-04  -.434481890429711E-02
     chi_1_1=  0.444000000000005E+02  -.234082203458846E-04  -.427839427491597E-02
     chi_1_1=  0.445000000000005E+02  -.130957222547368E-04  -.420975517966356E-02
     chi_1_1=  0.446000000000005E+02  -.169266007066999E-04  -.414264123208784E-02
     chi_1_1=  0.447000000000005E+02  -.337219701359768E-04  -.408046047543266E-02
     chi_1_1=  0.448000000000005E+02  -.615237763822177E-04  -.402607994835392E-02
     chi_1_1=  0.449000000000005E+02  -.977984477382628E-04  -.398169698029136E-02
     chi_1_1=  0.450000000000005E+02  -.139630463702766E-03  -.394877150231907E-02
     chi_1_1=  0.451000000000005E+02  -.183896292942607E-03  -.392799554160896E-02
     chi_1_1=  0.452000000000005E+02  -.227423499143393E-03  -.391928060773724E-02
     chi_1_1=  0.453000000000005E+02  -.267148821144438E-03  -.392175390021599E-02
     chi_1_1=  0.454000000000005E+02  -.300291417803812E-03  -.393376739471371E-02
     chi_1_1=  0.455000000000005E+02  -.324552376863534E-03  -.395293721118417E-02
     chi_1_1=  0.456000000000005E+02  -.338338526756989E-03  -.397624080054615E-02
     chi_1_1=  0.457000000000005E+02  -.340988550119359E-03  -.400020164919655E-02
     chi_1_1=  0.458000000000005E+02  -.332956784205991E-03  -.402118011791907E-02
     chi_1_1=  0.459000000000005E+02  -.315893979772156E-03  -.403576195192865E-02
     chi_1_1=  0.460000000000005E+02  -.292566590194561E-03  -.404119722430956E-02
     chi_1_1=  0.461000000000005E+02  -.266585241577219E-03  -.403580602876547E-02
     chi_1_1=  0.462000000000005E+02  -.241965188255655E-03  -.401925300525805E-02
     chi_1_1=  0.463000000000005E+02  -.222597501718603E-03  -.399261502449358E-02
     chi_1_1=  0.464000000000005E+02  -.211742597538956E-03  -.395822145315404E-02
     chi_1_1=  0.465000000000005E+02  -.211649768089274E-03  -.391931120502684E-02
     chi_1_1=  0.466000000000005E+02  -.223361751330957E-03  -.387959577913201E-02
     chi_1_1=  0.467000000000005E+02  -.246705080192754E-03  -.384282540847282E-02
     chi_1_1=  0.468000000000005E+02  -.280421266085660E-03  -.381242991699506E-02
     chi_1_1=  0.469000000000005E+02  -.322375152007029E-03  -.379126508284152E-02
     chi_1_1=  0.470000000000005E+02  -.369783660731558E-03  -.378145852595741E-02
     chi_1_1=  0.471000000000005E+02  -.419429828101771E-03  -.378432738691318E-02
     chi_1_1=  0.472000000000005E+02  -.467851723231886E-03  -.380033488904899E-02
     chi_1_1=  0.473000000000005E+02  -.511515862016977E-03  -.382906035617644E-02
     chi_1_1=  0.474000000000005E+02  -.546996538669413E-03  -.386917234739351E-02
     chi_1_1=  0.475000000000005E+02  -.571184910673502E-03  -.391841315983323E-02
     chi_1_1=  0.476000000000005E+02  -.581543831854953E-03  -.397362152075447E-02
     chi_1_1=  0.477000000000005E+02  -.576405593174460E-03  -.403083433409356E-02
     chi_1_1=  0.478000000000005E+02  -.555281028576951E-03  -.408551119508215E-02
     chi_1_1=  0.479000000000005E+02  -.519115991651780E-03  -.413290929087484E-02
     chi_1_1=  0.480000000000005E+02  -.470408218541775E-03  -.416859706600583E-02
     chi_1_1=  0.481000000000005E+02  -.413101654624149E-03  -.418903902824862E-02
     chi_1_1=  0.482000000000005E+02  -.352218534326024E-03  -.419213233895423E-02
     chi_1_1=  0.483000000000005E+02  -.293265439157120E-03  -.417755782704068E-02
     chi_1_1=  0.484000000000005E+02  -.241528538587153E-03  -.414684371855443E-02
     chi_1_1=  0.485000000000005E+02  -.201415670576057E-03  -.410312191285705E-02
     chi_1_1=  0.486000000000005E+02  -.175985256220119E-03  -.405064792952067E-02
     chi_1_1=  0.487000000000005E+02  -.166734059708920E-03  -.399421408167589E-02
     chi_1_1=  0.488000000000006E+02  -.173633425770049E-03  -.393858933733249E-02
     chi_1_1=  0.489000000000006E+02  -.195343814364738E-03  -.388807814636709E-02
     chi_1_1=  0.490000000000006E+02  -.229517301418492E-03  -.384623240950171E-02
     chi_1_1=  0.491000000000006E+02  -.273111691286565E-03  -.381570230714110E-02
     chi_1_1=  0.492000000000006E+02  -.322670937948845E-03  -.379818577265285E-02
     chi_1_1=  0.493000000000006E+02  -.374558535613849E-03  -.379443250037334E-02
     chi_1_1=  0.494000000000006E+02  -.425154052633190E-03  -.380426936972778E-02
     chi_1_1=  0.495000000000006E+02  -.471035003381595E-03  -.382663232426579E-02
     chi_1_1=  0.496000000000006E+02  -.509166987543361E-03  -.385960932750392E-02
     chi_1_1=  0.497000000000006E+02  -.537115495966541E-03  -.390051582571251E-02
     chi_1_1=  0.498000000000006E+02  -.553274389925745E-03  -.394603399797210E-02
     chi_1_1=  0.499000000000006E+02  -.557082012732171E-03  -.399244507953041E-02
