#        \hbar \omega(eV)           Re(1/eps)            -Im(1/eps)               Re(eps)                Im(eps)
     0.000000000000000E+00  0.155203648548671E-01  -.931736812523183E-10  0.644314749911570E+02  -.386802615117658E-06
     0.100000000000000E+00  0.154106434639837E-01  0.122995700645130E-02  0.644794838419474E+02  0.514624798822419E+01
     0.200000000000000E+00  0.150807211353707E-01  0.248124249452949E-02  0.645621062229575E+02  0.106224523389008E+02
     0.300000000000000E+00  0.145283992193654E-01  0.377654604437067E-02  0.644741857728368E+02  0.167595705189509E+02
     0.400000000000000E+00  0.137503013392248E-01  0.514141696683998E-02  0.638050355599614E+02  0.238575347772202E+02
     0.500000000000000E+00  0.127424420545365E-01  0.660604318036374E-02  0.618536215153909E+02  0.320666708032688E+02
     0.600000000000000E+00  0.115013480752441E-01  0.820745538547121E-02  0.576094778201249E+02  0.411105912016261E+02
     0.700000000000000E+00  0.100261911839574E-01  0.999225925369053E-02  0.500384461789624E+02  0.498690996110329E+02
     0.800000000000000E+00  0.832273567448993E-02  0.120198147254824E-01  0.389378908235246E+02  0.562346627124513E+02
     0.900000000000000E+00  0.641037415441459E-02  0.143652231991278E-01  0.259054697943796E+02  0.580524391728753E+02
     0.100000000000000E+01  0.433385115051910E-02  0.171201108829649E-01  0.138958725295422E+02  0.548931816665677E+02
     0.110000000000000E+01  0.218035108078973E-02  0.203865902720878E-01  0.518677991652123E+01  0.484971241197139E+02
     0.120000000000000E+01  0.979980201172292E-04  0.242570553841747E-01  0.166545941413824E+00  0.412244463719974E+02
     0.130000000000000E+01  -.169770974600070E-02  0.287754835235646E-01  -.204319165282878E+01  0.346312600725536E+02
     0.140000000000000E+01  -.294769865542532E-02  0.338922650340881E-01  -.254688392695366E+01  0.292837481553613E+02
     0.150000000000000E+01  -.340266166493541E-02  0.394414474181553E-01  -.217116443124913E+01  0.251667301024203E+02
     0.160000000000000E+01  -.287764340129248E-02  0.451539010729842E-01  -.140567887565535E+01  0.220568972733791E+02
     0.170000000000000E+01  -.128846351838741E-02  0.506888053669161E-01  -.501149722719958E+00  0.197154831255362E+02
     0.180000000000000E+01  0.132230973636438E-02  0.556703539839196E-01  0.426422663517403E+00  0.179527534071170E+02
     0.190000000000000E+01  0.476640520575067E-02  0.597381562272586E-01  0.132718450341301E+01  0.166338260774866E+02
     0.200000000000000E+01  0.871509712857099E-02  0.626151414989408E-01  0.218062298001884E+01  0.156670676683680E+02
     0.210000000000000E+01  0.127461980811185E-01  0.641730248543076E-01  0.297763654213590E+01  0.149914462814321E+02
     0.220000000000000E+01  0.164264998057181E-01  0.644629055046796E-01  0.371195497463669E+01  0.145669135602665E+02
     0.230000000000000E+01  0.193978317201734E-01  0.636928976053835E-01  0.437571947838162E+01  0.143677013341959E+02
     0.240000000000000E+01  0.214315980643262E-01  0.621644741877557E-01  0.495673227934702E+01  0.143774932186687E+02
     0.250000000000000E+01  0.224373336130095E-01  0.601987884977743E-01  0.543628546081909E+01  0.145854139495268E+02
     0.260000000000000E+01  0.224356088417407E-01  0.580807819689992E-01  0.578724517214180E+01  0.149818856004905E+02
     0.270000000000000E+01  0.215166215212502E-01  0.560317225610801E-01  0.597266021646675E+01  0.155534845407840E+02
     0.280000000000000E+01  0.198019971745188E-01  0.542057894670312E-01  0.594585522205705E+01  0.162761247528612E+02
     0.290000000000000E+01  0.174178745861464E-01  0.527004710929352E-01  0.565382872521385E+01  0.171065324775347E+02
     0.300000000000000E+01  0.144798591658160E-01  0.515717336122748E-01  0.504646030518525E+01  0.179735661489265E+02
     0.310000000000000E+01  0.110869904644147E-01  0.508485402767346E-01  0.409341305897696E+01  0.187737221806737E+02
     0.320000000000000E+01  0.732135659628996E-02  0.505444607415690E-01  0.280689756549207E+01  0.193779830197743E+02
     0.330000000000000E+01  0.325074581460971E-02  0.506659781523742E-01  0.126114791069943E+01  0.196561946502364E+02
     0.340000000000000E+01  -.106729700735197E-02  0.512178938349987E-01  -.406680467913746E+00  0.195159518736519E+02
     0.350000000000000E+01  -.558087303459542E-02  0.522063841184627E-01  -.202451076329620E+01  0.189383248652002E+02
     0.360000000000000E+01  -.102389842709469E-01  0.536401175113201E-01  -.343348233977594E+01  0.179873697727236E+02
     0.370000000000000E+01  -.149868292957507E-01  0.555295845843844E-01  -.453028896215574E+01  0.167857429447774E+02
     0.380000000000000E+01  -.197613542054271E-01  0.578845280775819E-01  -.528218899986195E+01  0.154724729031795E+02
     0.390000000000000E+01  -.244875181057467E-01  0.607091645355952E-01  -.571438501446900E+01  0.141670355715520E+02
     0.400000000000000E+01  -.290761980104108E-01  0.639948759203799E-01  -.588495342559044E+01  0.129524109078164E+02
     0.410000000000000E+01  -.334252902078853E-01  0.677104129672915E-01  -.586208050169546E+01  0.118749572299501E+02
     0.420000000000000E+01  -.374261317907545E-01  0.717906436899469E-01  -.570989290859216E+01  0.109526918143798E+02
     0.430000000000000E+01  -.409773092654047E-01  0.761266438401017E-01  -.548235010086713E+01  0.101849760518026E+02
     0.440000000000000E+01  -.440063645541178E-01  0.805620930892045E-01  -.522218485037315E+01  0.956021126279172E+01
     0.450000000000000E+01  -.464961748388315E-01  0.849021368619849E-01  -.496209705139098E+01  0.906080219372808E+01
     0.460000000000000E+01  -.485076204894919E-01  0.889388302429865E-01  -.472640799972305E+01  0.866587959798037E+01
     0.470000000000000E+01  -.501868247914679E-01  0.924905524927646E-01  -.453227030871751E+01  0.835263411546014E+01
     0.480000000000000E+01  -.517482408090459E-01  0.954436533440471E-01  -.439014255975660E+01  0.809711089794401E+01
     0.490000000000000E+01  -.534352795532871E-01  0.977796461087370E-01  -.430367825355317E+01  0.787517423163570E+01
     0.500000000000000E+01  -.554721045907673E-01  0.995761961324694E-01  -.426952410693753E+01  0.766408581396202E+01
     0.510000000000000E+01  -.580245705584439E-01  0.100982843891015E+00  -.427771463363773E+01  0.744470462946125E+01
     0.520000000000000E+01  -.611818765934162E-01  0.102183624108772E+00  -.431322563314117E+01  0.720378405066188E+01
     0.530000000000000E+01  -.649592175882165E-01  0.103361197492753E+00  -.435873207721596E+01  0.693548635248400E+01
     0.540000000000000E+01  -.693137787528777E-01  0.104671662274131E+00  -.439792702734154E+01  0.664136829350187E+01
     0.550000000000000E+01  -.741650388164976E-01  0.106231804234593E+00  -.441835986638245E+01  0.632872776517866E+01
     0.560000000000000E+01  -.794133405693580E-01  0.108115815654387E+00  -.441295346839128E+01  0.600793343107484E+01
     0.570000000000000E+01  -.849545104751896E-01  0.110357350310752E+00  -.437999849606786E+01  0.568969235049961E+01
     0.580000000000000E+01  -.906909010234529E-01  0.112953826489053E+00  -.432202946898410E+01  0.538300712873011E+01
     0.590000000000000E+01  -.965402185655324E-01  0.115871587450311E+00  -.424422781949249E+01  0.509409883520759E+01
     0.600000000000000E+01  -.102443301450675E+00  0.119051957250069E+00  -.415288258170787E+01  0.482617011147470E+01
     0.610000000000000E+01  -.108371154111604E+00  0.122419010762055E+00  -.405417995050963E+01  0.457971222195927E+01
     0.619999999999999E+01  -.114330474631415E+00  0.125889887145204E+00  -.395337403764248E+01  0.435308095279120E+01
     0.629999999999999E+01  -.120366076063030E+00  0.129387734928429E+00  -.385428253115492E+01  0.414316809845329E+01
     0.639999999999999E+01  -.126558439862458E+00  0.132856122066013E+00  -.375903639252986E+01  0.394609003049726E+01
     0.649999999999999E+01  -.133015433178337E+00  0.136272514971735E+00  -.366804508245278E+01  0.375786265151187E+01
     0.659999999999999E+01  -.139858812598058E+00  0.139657932407617E+00  -.358017246062985E+01  0.357503023389176E+01
     0.669999999999999E+01  -.147207835051451E+00  0.143080580025712E+00  -.349312181759680E+01  0.339518542329987E+01
     0.679999999999999E+01  -.155163197552391E+00  0.146652991894430E+00  -.340399179073628E+01  0.321729371635950E+01
     0.689999999999999E+01  -.163794103556938E+00  0.150524129314069E+00  -.330990646209541E+01  0.304175045070978E+01
     0.699999999999999E+01  -.173129728823752E+00  0.154869065358058E+00  -.320858202091074E+01  0.287016044026140E+01
     0.709999999999999E+01  -.183154524208855E+00  0.159878836614360E+00  -.309870362831378E+01  0.270491342350118E+01
     0.719999999999999E+01  -.193805448070629E+00  0.165751955913093E+00  -.298005144288093E+01  0.254868663547135E+01
     0.729999999999999E+01  -.204968753284875E+00  0.172687506221906E+00  -.285340001857767E+01  0.240400805276342E+01
     0.739999999999999E+01  -.216474323878456E+00  0.180878168767760E+00  -.272027698501740E+01  0.227296572995555E+01
     0.749999999999999E+01  -.228086586176801E+00  0.190500191814355E+00  -.258268300471538E+01  0.215708260639484E+01
     0.759999999999999E+01  -.239492699625782E+00  0.201696210460381E+00  -.244285297484781E+01  0.205732445501913E+01
     0.769999999999999E+01  -.250291357577583E+00  0.214546141524594E+00  -.230310090513601E+01  0.197418487606216E+01
     0.779999999999999E+01  -.259989557580395E+00  0.229021820413320E+00  -.216575730346886E+01  0.190779077756038E+01
     0.789999999999999E+01  -.268020166667927E+00  0.244924327278943E+00  -.203318619487576E+01  0.185798243170920E+01
     0.799999999999999E+01  -.273798285873014E+00  0.261811753003831E+00  -.190785713649209E+01  0.182433363230596E+01
     0.810000000000000E+01  -.276833888664477E+00  0.278941497754962E+00  -.179243900058562E+01  0.180608530938834E+01
     0.820000000000000E+01  -.276902363140338E+00  0.295271544524152E+00  -.168986951594565E+01  0.180197227773267E+01
     0.830000000000000E+01  -.274235935486970E+00  0.309573605163609E+00  -.160333294598192E+01  0.180993624881374E+01
     0.840000000000000E+01  -.269649024878176E+00  0.320681014031156E+00  -.153605110926706E+01  0.182675397230153E+01
     0.849999999999999E+01  -.264493305139922E+00  0.327814862277050E+00  -.149078097185287E+01  0.184768441951551E+01
     0.859999999999999E+01  -.260402486021763E+00  0.330847619461253E+00  -.146896299783219E+01  0.186635280766417E+01
     0.869999999999999E+01  -.258914629817459E+00  0.330361689047299E+00  -.146963929214291E+01  0.187518379778271E+01
     0.879999999999999E+01  -.261145908719027E+00  0.327472679772627E+00  -.148855759944959E+01  0.186662677764613E+01
     0.889999999999999E+01  -.267649149714590E+00  0.323524511124092E+00  -.151811009139932E+01  0.183503600021242E+01
     0.899999999999999E+01  -.278466166510921E+00  0.319808717259824E+00  -.154857404405098E+01  0.177848348621691E+01
     0.909999999999999E+01  -.293288143882683E+00  0.317400497206170E+00  -.157039278359638E+01  0.169950085170116E+01
     0.919999999999999E+01  -.311626780764851E+00  0.317117320132088E+00  -.157646308367863E+01  0.160423872157691E+01
     0.929999999999999E+01  -.332939573547795E+00  0.319556974172514E+00  -.156335039990330E+01  0.150051109287185E+01
     0.939999999999999E+01  -.356695855535328E+00  0.325167248776184E+00  -.153110907238759E+01  0.139577322505565E+01
     0.949999999999999E+01  -.382393460774833E+00  0.334315365606481E+00  -.148219389937255E+01  0.129583856994932E+01
     0.959999999999999E+01  -.409541275925129E+00  0.347341769917665E+00  -.142019198278969E+01  0.120449885255334E+01
     0.969999999999999E+01  -.437619894862317E+00  0.364592448246573E+00  -.134885180255839E+01  0.112376330873003E+01
     0.979999999999999E+01  -.466028230363619E+00  0.386426726119901E+00  -.127153656744051E+01  0.105434752850571E+01
     0.989999999999999E+01  -.494021910183606E+00  0.413195957428449E+00  -.119102109685635E+01  0.996160478489990E+00
     0.999999999999999E+01  -.520651415383668E+00  0.445185193737856E+00  -.110949753522097E+01  0.948680557806692E+00
     0.101000000000000E+02  -.544715488995835E+00  0.482507784066846E+00  -.102867977245332E+01  0.911202283665247E+00
     0.102000000000000E+02  -.564758749185218E+00  0.524946644576250E+00  -.949938431106537E+00  0.882973469083632E+00
     0.103000000000000E+02  -.579158452739492E+00  0.571753014571710E+00  -.874431069567850E+00  0.863250113497811E+00
     0.104000000000000E+02  -.586351968845156E+00  0.621451137899916E+00  -.803210709218896E+00  0.851291094324437E+00
     0.105000000000000E+02  -.585229640556068E+00  0.671751695684628E+00  -.737302690603682E+00  0.846307668516682E+00
     0.106000000000000E+02  -.575632569574167E+00  0.719714672761925E+00  -.677739385651947E+00  0.847379050360548E+00
     0.107000000000000E+02  -.558765537504019E+00  0.762257178549369E+00  -.625538709489949E+00  0.853347853017496E+00
     0.108000000000000E+02  -.537257080649619E+00  0.796928056602763E+00  -.581611029678343E+00  0.862719476902668E+00
     0.109000000000000E+02  -.514703920144119E+00  0.822646970935121E+00  -.546587364542732E+00  0.873606013466124E+00
     0.110000000000000E+02  -.494826831873710E+00  0.840037452039961E+00  -.520587306366432E+00  0.883769444652943E+00
     0.111000000000000E+02  -.480617560710280E+00  0.851194122966325E+00  -.502988121048380E+00  0.890813335920411E+00
     0.112000000000000E+02  -.473836010695155E+00  0.859055901977971E+00  -.492298377551836E+00  0.892527830777655E+00
     0.113000000000000E+02  -.474960098169154E+00  0.866724781212981E+00  -.486241413791040E+00  0.887311343856591E+00
     0.114000000000000E+02  -.483444616543001E+00  0.876985479013494E+00  -.482084065556362E+00  0.874517391836784E+00
     0.115000000000000E+02  -.498071993201101E+00  0.892091051120026E+00  -.477125170534836E+00  0.854573436588289E+00
     0.116000000000000E+02  -.517243304600568E+00  0.913745241158815E+00  -.469167264909220E+00  0.828815669154678E+00
     0.117000000000000E+02  -.539155003565213E+00  0.943176199420655E+00  -.456806705053524E+00  0.799119379572153E+00
     0.118000000000000E+02  -.561871906706477E+00  0.981218530814237E+00  -.439480930575788E+00  0.767482459744551E+00
     0.119000000000000E+02  -.583333618274158E+00  0.102835603594179E+01  -.417324380595891E+00  0.735699147601253E+00
     0.120000000000000E+02  -.601336513669811E+00  0.108470511747659E+01  -.390937532456610E+00  0.705182426860242E+00
     0.121000000000000E+02  -.613531767667075E+00  0.114993722699279E+01  -.361160893800946E+00  0.676920705010766E+00
     0.122000000000000E+02  -.617477880142201E+00  0.122315406946026E+01  -.328903204510650E+00  0.651520169375259E+00
     0.123000000000000E+02  -.610781907771761E+00  0.130274753140225E+01  -.295034409763824E+00  0.629284109610804E+00
     0.124000000000000E+02  -.591349963244915E+00  0.138629871813898E+01  -.260332396686036E+00  0.610295916542450E+00
     0.125000000000000E+02  -.557736113429457E+00  0.147059000462333E+01  -.225465938143109E+00  0.594488947429821E+00
     0.126000000000000E+02  -.509527865905951E+00  0.155180390198751E+01  -.190997935536381E+00  0.581698002149353E+00
     0.127000000000000E+02  -.447651165807519E+00  0.162594298294351E+01  -.157397410550350E+00  0.571693396031187E+00
     0.128000000000000E+02  -.374453429257821E+00  0.168942128444868E+01  -.125052923962920E+00  0.564201192773788E+00
     0.129000000000000E+02  -.293466916706060E+00  0.173967971687794E+01  -.942832775109134E-01  0.558913786151908E+00
     0.130000000000000E+02  -.208869122113528E+00  0.177562723557330E+01  -.653435114013798E-01  0.555494834938886E+00
     0.131000000000000E+02  -.124787202321208E+00  0.179775484735777E+01  -.384256874283331E-01  0.553582134644910E+00
     0.132000000000000E+02  -.446587728369052E-01  0.180789707386996E+01  -.136550866196697E-01  0.552791525044789E+00
     0.133000000000000E+02  0.291787272308889E-01  0.180874946921593E+01  0.891654291637591E-02  0.552724323429809E+00
     0.134000000000000E+02  0.956090357431568E-01  0.180331498966469E+01  0.293181579940699E-01  0.552979886985713E+00
     0.135000000000000E+02  0.154615816443399E+00  0.179442828694464E+01  0.476638678231760E-01  0.553173631614898E+00
     0.136000000000000E+02  0.207020811759067E+00  0.178443412544976E+01  0.641514674061770E-01  0.552959225039107E+00
     0.137000000000000E+02  0.254179801221394E+00  0.177502545822881E+01  0.790526553900145E-01  0.552052032394359E+00
     0.138000000000000E+02  0.297700788481148E+00  0.176720642412433E+01  0.926941965597793E-01  0.550249733886274E+00
     0.139000000000000E+02  0.339212211816001E+00  0.176133638936229E+01  0.105431494466269E+00  0.547445879952631E+00
     0.140000000000000E+02  0.380184541767007E+00  0.175722035478296E+01  0.117618121483918E+00  0.543633247691426E+00
     0.141000000000000E+02  0.421798698978558E+00  0.175422535576570E+01  0.129576066418718E+00  0.538895975171442E+00
     0.142000000000000E+02  0.464855181858823E+00  0.175141362198137E+01  0.141571346681897E+00  0.533391892222090E+00
     0.143000000000000E+02  0.509722921866424E+00  0.174768793068381E+01  0.153798268592946E+00  0.527328409708829E+00
     0.144000000000000E+02  0.556331582205300E+00  0.174194294045551E+01  0.166373565964751E+00  0.520936197010219E+00
     0.145000000000000E+02  0.604211658334725E+00  0.173321079825705E+01  0.179339645836560E+00  0.514444576551556E+00
     0.146000000000000E+02  0.652581851572669E+00  0.172078385919828E+01  0.192674793960185E+00  0.508061440449238E+00
     0.147000000000000E+02  0.700474023635148E+00  0.170429597529771E+01  0.206307651611774E+00  0.501959085492381E+00
     0.148000000000000E+02  0.746876338013490E+00  0.168374886728769E+01  0.220133441607275E+00  0.496266134155791E+00
     0.149000000000000E+02  0.790869555244974E+00  0.165948084338281E+01  0.234029989681687E+00  0.491064907073756E+00
     0.150000000000000E+02  0.831732887219324E+00  0.163208779574445E+01  0.247872246796513E+00  0.486393258120222E+00
     0.151000000000000E+02  0.869004027414732E+00  0.160231614174259E+01  0.261544557256420E+00  0.482249854610716E+00
     0.152000000000000E+02  0.902489609808238E+00  0.157095088595838E+01  0.274950252406748E+00  0.478602011500873E+00
     0.153000000000000E+02  0.932233057655937E+00  0.153871901400755E+01  0.288018299553597E+00  0.475395321229648E+00
     0.154000000000000E+02  0.958453489657939E+00  0.150622133341396E+01  0.300706781676211E+00  0.472564370154892E+00
     0.155000000000000E+02  0.981471314013142E+00  0.147389784163757E+01  0.313003025654823E+00  0.470043777491895E+00
     0.156000000000000E+02  0.100163450448151E+01  0.144202512050168E+01  0.324920317673904E+00  0.467778673908295E+00
     0.157000000000000E+02  0.101925614353121E+01  0.141074005266533E+01  0.336491381046147E+00  0.465733634897570E+00
     0.158000000000000E+02  0.103457010660864E+01  0.138008206748867E+01  0.347759120865979E+00  0.463899085665650E+00
     0.159000000000000E+02  0.104770844029922E+01  0.135004541234679E+01  0.358765485288721E+00  0.462294354891404E+00
     0.160000000000000E+02  0.105870110692249E+01  0.132063300949965E+01  0.369539555130571E+00  0.460966869336596E+00
     0.161000000000000E+02  0.106749614688700E+01  0.129190409818544E+01  0.380086073277166E+00  0.459987379965656E+00
     0.162000000000000E+02  0.107399591471105E+01  0.126400919137901E+01  0.390375545260279E+00  0.459441484403912E+00
     0.163000000000000E+02  0.107810315480494E+01  0.123720802881217E+01  0.400336840159752E+00  0.459417960765130E+00
     0.164000000000000E+02  0.107976977848049E+01  0.121186903253849E+01  0.409853011542026E+00  0.459994512237032E+00
     0.165000000000000E+02  0.107904165891771E+01  0.118845172624787E+01  0.418760968614614E+00  0.461221484751982E+00
     0.166000000000000E+02  0.107609454650981E+01  0.116747588865597E+01  0.426855743615741E+00  0.463104092685921E+00
     0.167000000000000E+02  0.107125879215234E+01  0.114948220374428E+01  0.433900415969868E+00  0.465583862656111E+00
     0.168000000000000E+02  0.106503308691526E+01  0.113498859380315E+01  0.439643124002487E+00  0.468520590784713E+00
     0.169000000000000E+02  0.105808900884262E+01  0.112444455116204E+01  0.443842705631296E+00  0.471677248085240E+00
     0.170000000000000E+02  0.105126820599933E+01  0.111818331146115E+01  0.446303867490328E+00  0.474711908550359E+00
     0.171000000000000E+02  0.104557231454828E+01  0.111636953253604E+01  0.446920813326134E+00  0.477182469841004E+00
     0.172000000000000E+02  0.104214234652430E+01  0.111893922970917E+01  0.445724619848752E+00  0.478570671712307E+00
     0.173000000000000E+02  0.104221979260544E+01  0.112553012181525E+01  0.442924780551926E+00  0.478330181163938E+00
     0.174000000000000E+02  0.104707719073375E+01  0.113540541606982E+01  0.438931093263236E+00  0.475957976148150E+00
     0.175000000000000E+02  0.105790366115725E+01  0.114738336504612E+01  0.434341636633373E+00  0.471079160530442E+00
     0.176000000000000E+02  0.107563476442003E+01  0.115979835299786E+01  0.429888953081074E+00  0.463525832603816E+00
     0.177000000000000E+02  0.110073094572935E+01  0.117053311359666E+01  0.426349655669255E+00  0.453386353738532E+00
     0.178000000000000E+02  0.113293767441465E+01  0.117716665558586E+01  0.424437412675627E+00  0.441007109983366E+00
     0.179000000000000E+02  0.117109753111710E+01  0.117726468284394E+01  0.424707468651170E+00  0.426944033351460E+00
     0.180000000000000E+02  0.121310970887251E+01  0.116878914381883E+01  0.427497032354151E+00  0.411878568587741E+00
     0.181000000000000E+02  0.125611553587052E+01  0.115053205370855E+01  0.432911867569262E+00  0.396523222463039E+00
     0.182000000000000E+02  0.129691344640321E+01  0.112242653726066E+01  0.440853240876225E+00  0.381540786680224E+00
     0.183000000000000E+02  0.133250027628331E+01  0.108560458302777E+01  0.451068971509419E+00  0.367491513096040E+00
     0.184000000000000E+02  0.136056485006384E+01  0.104216713011799E+01  0.463210586610152E+00  0.354810612419630E+00
     0.185000000000000E+02  0.137977915143831E+01  0.994754593759269E+00  0.476883204693005E+00  0.343809919189243E+00
     0.186000000000000E+02  0.138983028427133E+01  0.946076105243121E+00  0.491681493703297E+00  0.334694183777135E+00
     0.187000000000000E+02  0.139124465437567E+01  0.898538183702749E+00  0.507210668152510E+00  0.327583039462556E+00
     0.188000000000000E+02  0.138511234775211E+01  0.854038721949448E+00  0.523094809704514E+00  0.322532120562965E+00
     0.189000000000000E+02  0.137281307442956E+01  0.813916633943004E+00  0.538976089176058E+00  0.319549407307492E+00
     0.190000000000000E+02  0.135580381011921E+01  0.779006295343279E+00  0.554508562084427E+00  0.318604843460011E+00
     0.191000000000000E+02  0.133548566285474E+01  0.749740409210388E+00  0.569349881072346E+00  0.319632493775036E+00
     0.192000000000000E+02  0.131314043159295E+01  0.726259104707877E+00  0.583154017378089E+00  0.322525226075056E+00
     0.193000000000000E+02  0.128991672712899E+01  0.708501309084825E+00  0.595568117580625E+00  0.327122504949780E+00
     0.194000000000000E+02  0.126684527503927E+01  0.696268600313509E+00  0.606236879862074E+00  0.333192783772991E+00
     0.195000000000000E+02  0.124486686874275E+01  0.689260139795067E+00  0.614817972737495E+00  0.340413527324050E+00
     0.196000000000000E+02  0.122486052734860E+01  0.687081320946024E+00  0.621011382485271E+00  0.348354209702653E+00
     0.197000000000000E+02  0.120766217510246E+01  0.689230632883493E+00  0.624603270398020E+00  0.356470307866521E+00
     0.198000000000000E+02  0.119406556407305E+01  0.695070831591127E+00  0.625520213519145E+00  0.364118075313001E+00
     0.199000000000000E+02  0.118479814385343E+01  0.703793127373195E+00  0.623882882432430E+00  0.370598559104464E+00
     0.200000000000000E+02  0.118046676979733E+01  0.714387180836949E+00  0.620041626043899E+00  0.375232747387805E+00
     0.201000000000000E+02  0.118147352461185E+01  0.725634373966016E+00  0.614574594665235E+00  0.377457845618535E+00
     0.202000000000000E+02  0.118791194477462E+01  0.736144341512675E+00  0.608236364698664E+00  0.376921673483224E+00
     0.203000000000000E+02  0.119946768682271E+01  0.744450657854907E+00  0.601861570401626E+00  0.373545904525316E+00
     0.204000000000000E+02  0.121535994053533E+01  0.749166825507738E+00  0.596246725404702E+00  0.367535782275392E+00
     0.205000000000000E+02  0.123436145367214E+01  0.749179041118233E+00  0.592043326783550E+00  0.359332714530763E+00
     0.206000000000000E+02  0.125491768000646E+01  0.743827078945102E+00  0.589690045580809E+00  0.349526850307121E+00
     0.207000000000000E+02  0.127535084674542E+01  0.733015024985345E+00  0.589394901557610E+00  0.338758012819767E+00
     0.208000000000000E+02  0.129409836816944E+01  0.717211087610799E+00  0.591160209018334E+00  0.327630933544885E+00
     0.209000000000000E+02  0.130991872788102E+01  0.697335291551688E+00  0.594832617473302E+00  0.316659169688484E+00
     0.210000000000000E+02  0.132201249260420E+01  0.674574224035773E+00  0.600159818962678E+00  0.306239423938188E+00
     0.211000000000000E+02  0.133004190700330E+01  0.650181203110547E+00  0.606840964654150E+00  0.296649741950290E+00
     0.212000000000000E+02  0.133406795049975E+01  0.625312027684768E+00  0.614564762417718E+00  0.288062341642397E+00
     0.213000000000000E+02  0.133444227125873E+01  0.600921730418178E+00  0.623034558590994E+00  0.280562908656717E+00
     0.214000000000000E+02  0.133169064994997E+01  0.577722720641163E+00  0.631982583009560E+00  0.274170804809533E+00
     0.215000000000000E+02  0.132641253523273E+01  0.556189482226167E+00  0.641176422333141E+00  0.268857216650569E+00
     0.216000000000000E+02  0.131920724473317E+01  0.536590787713581E+00  0.650420521045156E+00  0.264560144834021E+00
     0.217000000000000E+02  0.131062724310498E+01  0.519033268552525E+00  0.659554788289325E+00  0.261196216816207E+00
     0.218000000000000E+02  0.130115371563000E+01  0.503505581534960E+00  0.668451634765781E+00  0.258669767489983E+00
     0.219000000000000E+02  0.129118824401529E+01  0.489917406203907E+00  0.677012176531793E+00  0.256879700564398E+00
     0.220000000000000E+02  0.128105500617619E+01  0.478130977886234E+00  0.685161982765580E+00  0.255724513975414E+00
     0.221000000000000E+02  0.127100921426847E+01  0.467984813903509E+00  0.692846597772624E+00  0.255105692769441E+00
     0.222000000000000E+02  0.126124873391437E+01  0.459310179489610E+00  0.700027078137998E+00  0.254929542651958E+00
     0.223000000000000E+02  0.125192672581792E+01  0.451941153639109E+00  0.706675877159223E+00  0.255107511155344E+00
     0.224000000000000E+02  0.124316372490504E+01  0.445719248524802E+00  0.712773499788332E+00  0.255555131097729E+00
     0.225000000000000E+02  0.123505793817367E+01  0.440493601102007E+00  0.718306375503295E+00  0.256189893818151E+00
     0.226000000000000E+02  0.122769282544917E+01  0.436117855034395E+00  0.723266315163770E+00  0.256928563439677E+00
     0.227000000000000E+02  0.122114131265501E+01  0.432444973503159E+00  0.727651725138434E+00  0.257684616625460E+00
     0.228000000000000E+02  0.121546631398578E+01  0.429321331197187E+00  0.731470469657225E+00  0.258366580917310E+00
     0.229000000000000E+02  0.121071761626640E+01  0.426581491259675E+00  0.734743941016616E+00  0.258878009076490E+00
     0.230000000000000E+02  0.120692560398210E+01  0.424045050332324E+00  0.737511570855920E+00  0.259119642629529E+00
     0.231000000000001E+02  0.120409277061732E+01  0.421516795994844E+00  0.739834761386340E+00  0.258993979363648E+00
     0.232000000000001E+02  0.120218444603305E+01  0.418791113405330E+00  0.741799112087401E+00  0.258411990854878E+00
     0.233000000000001E+02  0.120112060053543E+01  0.415661043034570E+00  0.743513941460239E+00  0.257301207123032E+00
     0.234000000000001E+02  0.120077083135611E+01  0.411931603001193E+00  0.745108496520384E+00  0.255613918465034E+00
     0.235000000000001E+02  0.120095451953309E+01  0.407436012403442E+00  0.746724870570537E+00  0.253333992819328E+00
     0.236000000000001E+02  0.120144751410802E+01  0.402052485486505E+00  0.748508379374873E+00  0.250480899749140E+00
     0.237000000000001E+02  0.120199554010522E+01  0.395718626858007E+00  0.750596768826757E+00  0.247110003967386E+00
     0.238000000000001E+02  0.120233304372256E+01  0.388440470766130E+00  0.753109935471691E+00  0.243308939565980E+00
     0.239000000000001E+02  0.120220480293160E+01  0.380294036072105E+00  0.756141722061215E+00  0.239190682505976E+00
     0.240000000000001E+02  0.120138683166010E+01  0.371418774009816E+00  0.759754844952126E+00  0.234884556434005E+00
     0.241000000000001E+02  0.119970321495779E+01  0.362004027377334E+00  0.763979296781545E+00  0.230526665945089E+00
     0.242000000000001E+02  0.119703651309636E+01  0.352271030721113E+00  0.768813877543155E+00  0.226251124432510E+00
     0.243000000000001E+02  0.119333090112633E+01  0.342453629449511E+00  0.774230024724093E+00  0.222183035522920E+00
     0.244000000000001E+02  0.118858873865406E+01  0.332780671184881E+00  0.780176916692833E+00  0.218433668043996E+00
     0.245000000000001E+02  0.118286234592521E+01  0.323462142120281E+00  0.786586884517321E+00  0.215097791815057E+00
     0.246000000000001E+02  0.117624319712036E+01  0.314679976908405E+00  0.793380393537775E+00  0.212252810073002E+00
     0.247000000000001E+02  0.116885059088275E+01  0.306583434275547E+00  0.800470143609707E+00  0.209959157806100E+00
     0.248000000000001E+02  0.116082134014937E+01  0.299288224407252E+00  0.807764107112181E+00  0.208261406812529E+00
     0.249000000000001E+02  0.115230138392511E+01  0.292878247760215E+00  0.815167535218382E+00  0.207189579632831E+00
     0.250000000000001E+02  0.114343964512827E+01  0.287408786869505E+00  0.822584106656231E+00  0.206760279127528E+00
     0.251000000000001E+02  0.113438403117645E+01  0.282910163719881E+00  0.829916480218392E+00  0.206977355850923E+00
     0.252000000000001E+02  0.112527921070490E+01  0.279391124580629E+00  0.837066560912149E+00  0.207831945687136E+00
     0.253000000000001E+02  0.111626566931210E+01  0.276841466584310E+00  0.843935816397442E+00  0.209301813660967E+00
     0.254000000000001E+02  0.110747950352200E+01  0.275233639498983E+00  0.850425994552865E+00  0.211350043825599E+00
     0.255000000000001E+02  0.109905241426681E+01  0.274523236227494E+00  0.856440593836462E+00  0.213923230962037E+00
     0.256000000000001E+02  0.109111138279766E+01  0.274648439191501E+00  0.861887413465518E+00  0.216949466937238E+00
     0.257000000000001E+02  0.108377754456835E+01  0.275528637178151E+00  0.866682437570733E+00  0.220336573761740E+00
     0.258000000000001E+02  0.107716382969137E+01  0.277062587057067E+00  0.870755157015146E+00  0.223971200894319E+00
     0.259000000000001E+02  0.107137103714542E+01  0.279126675106018E+00  0.874055178369787E+00  0.227719536312647E+00
     0.260000000000001E+02  0.106648218948791E+01  0.281574021553814E+00  0.876559606109568E+00  0.231430412862696E+00
     0.261000000000001E+02  0.106255530977498E+01  0.284235328147604E+00  0.878280249528138E+00  0.234941440350109E+00
     0.262000000000001E+02  0.105961518582521E+01  0.286922417395310E+00  0.879269300894257E+00  0.238088389755940E+00
     0.263000000000001E+02  0.105764520300172E+01  0.289435254888566E+00  0.879621916684927E+00  0.240717390802420E+00
     0.264000000000001E+02  0.105658082503106E+01  0.291572792607494E+00  0.879474286747405E+00  0.242698682143778E+00
     0.265000000000001E+02  0.105630659578280E+01  0.293147197353677E+00  0.878996404740852E+00  0.243939906805925E+00
     0.266000000000001E+02  0.105665840426188E+01  0.294000041299443E+00  0.878379798549567E+00  0.244396576990804E+00
     0.267000000000001E+02  0.105743205017043E+01  0.294018097790435E+00  0.877821674849567E+00  0.244077583043643E+00
     0.268000000000001E+02  0.105839791048066E+01  0.293145875040504E+00  0.877507874733037E+00  0.243044521579534E+00
     0.269000000000001E+02  0.105932004012903E+01  0.291392250965984E+00  0.877597365424590E+00  0.241404922087323E+00
     0.270000000000001E+02  0.105997683356718E+01  0.288829618122703E+00  0.878210573611708E+00  0.239300724860146E+00
     0.271000000000001E+02  0.106017989789366E+01  0.285585536724533E+00  0.879422868812928E+00  0.236894184182089E+00
     0.272000000000001E+02  0.105978824499259E+01  0.281828494189301E+00  0.881263311833728E+00  0.234353526123619E+00
     0.273000000000001E+02  0.105871611799394E+01  0.277750437707600E+00  0.883717792435964E+00  0.231840244506873E+00
     0.274000000000001E+02  0.105693425757654E+01  0.273548985030559E+00  0.886735138029013E+00  0.229499134179784E+00
     0.275000000000001E+02  0.105446567286465E+01  0.269411686233657E+00  0.890234716607743E+00  0.227451345564873E+00
     0.276000000000001E+02  0.105137768008876E+01  0.265503730955190E+00  0.894114357925052E+00  0.225790125114378E+00
     0.277000000000001E+02  0.104777205216031E+01  0.261959468729879E+00  0.898257891543524E+00  0.224578580394469E+00
     0.278000000000001E+02  0.104377473963342E+01  0.258877333465907E+00  0.902542083525916E+00  0.223848766455118E+00
     0.279000000000001E+02  0.103952602043686E+01  0.256317368388803E+00  0.906843134808081E+00  0.223601565796090E+00
     0.280000000000001E+02  0.103517133278303E+01  0.254300523330724E+00  0.911043124328311E+00  0.223807147625201E+00
     0.281000000000001E+02  0.103085259297381E+01  0.252809151737332E+00  0.915036808966669E+00  0.224406167341499E+00
     0.282000000000001E+02  0.102669958025555E+01  0.251788555541146E+00  0.918739013714921E+00  0.225312227287556E+00
     0.283000000000001E+02  0.102282102352477E+01  0.251149895260078E+00  0.922092458444750E+00  0.226416371028863E+00
     0.284000000000002E+02  0.101929535881795E+01  0.250775175345035E+00  0.925075312365505E+00  0.227594407900426E+00
     0.285000000000002E+02  0.101616170840233E+01  0.250525185306820E+00  0.927707162613716E+00  0.228717542594359E+00
     0.286000000000002E+02  0.101341234690433E+01  0.250251069670724E+00  0.930051647767106E+00  0.229666058849300E+00
     0.287000000000002E+02  0.101098853478312E+01  0.249809506943521E+00  0.932214019634815E+00  0.230344773059933E+00
     0.288000000000002E+02  0.100878178198790E+01  0.249080345905671E+00  0.934332572051087E+00  0.230697941212634E+00
     0.289000000000002E+02  0.100664204243625E+01  0.247984273968113E+00  0.936564187425071E+00  0.230720733142685E+00
     0.290000000000002E+02  0.100439295305758E+01  0.246497209561115E+00  0.939065826107167E+00  0.230464685186168E+00
     0.291000000000002E+02  0.100185235524565E+01  0.244658175332160E+00  0.941974994603808E+00  0.230035775413016E+00
     0.292000000000002E+02  0.998854690555821E+00  0.242568654082314E+00  0.945392512549756E+00  0.229585535831126E+00
     0.293000000000002E+02  0.995271215883958E+00  0.240383512154019E+00  0.949370096334222E+00  0.229297215119529E+00
     0.294000000000002E+02  0.991024693692303E+00  0.238295671290342E+00  0.953903748283449E+00  0.229369798240521E+00
     0.295000000000002E+02  0.986096977947748E+00  0.236517956365449E+00  0.958932348515245E+00  0.230002448476791E+00
     0.296000000000002E+02  0.980529953031323E+00  0.235265522883325E+00  0.964339792044538E+00  0.231380902450930E+00
     0.297000000000002E+02  0.974421790848848E+00  0.234741168914402E+00  0.969958774956839E+00  0.233666014831014E+00
     0.298000000000002E+02  0.967921046762460E+00  0.235124251219042E+00  0.975574854626205E+00  0.236983489479184E+00
     0.299000000000002E+02  0.961220751719924E+00  0.236562462479635E+00  0.980930457736611E+00  0.241413144887099E+00
     0.300000000000002E+02  0.954553681163007E+00  0.239164755911692E+00  0.985729841175208E+00  0.246975986276963E+00
     0.301000000000002E+02  0.948188719515173E+00  0.242993334533262E+00  0.989647416594093E+00  0.253617999055492E+00
     0.302000000000002E+02  0.942426906833315E+00  0.248052840244584E+00  0.992343066755196E+00  0.261191095480028E+00
     0.303000000000002E+02  0.937594473973035E+00  0.254275703850977E+00  0.993488608861310E+00  0.269434198151431E+00
     0.304000000000003E+02  0.934029120365757E+00  0.261504186192414E+00  0.992808509937644E+00  0.277960906973093E+00
     0.305000000000003E+02  0.932055393711851E+00  0.269472122641614E+00  0.990134209072939E+00  0.286263637138982E+00
     0.306000000000003E+02  0.931946113249339E+00  0.277792687237589E+00  0.985464382734284E+00  0.293745309052484E+00
     0.307000000000003E+02  0.933870395176766E+00  0.285961758398549E+00  0.979014678672423E+00  0.299785452517922E+00
     0.308000000000003E+02  0.937835534574577E+00  0.293387613548181E+00  0.971234560673062E+00  0.303835991969152E+00
     0.309000000000003E+02  0.943638408243965E+00  0.299453731111974E+00  0.962772567002357E+00  0.305525755291820E+00
     0.310000000000003E+02  0.950847786663776E+00  0.303610553289310E+00  0.954387723853175E+00  0.304740873308725E+00
     0.311000000000003E+02  0.958835758460678E+00  0.305476643989359E+00  0.946828092426706E+00  0.301651107144455E+00
     0.312000000000003E+02  0.966861194213099E+00  0.304918088677625E+00  0.940713489247160E+00  0.296671912008998E+00
     0.313000000000003E+02  0.974186144317205E+00  0.302077070449821E+00  0.936457039122647E+00  0.290377974097088E+00
     0.314000000000003E+02  0.980190258819306E+00  0.297338736040567E+00  0.934241222904879E+00  0.283400188765535E+00
     0.315000000000003E+02  0.984449627441703E+00  0.291250089743536E+00  0.934041567520400E+00  0.276336831038742E+00
     0.316000000000003E+02  0.986763790969714E+00  0.284420819479804E+00  0.935677678197358E+00  0.269695964158074E+00
     0.317000000000003E+02  0.987136136619958E+00  0.277435810299110E+00  0.938870332788569E+00  0.263870647502466E+00
     0.318000000000003E+02  0.985726378031537E+00  0.270796676755170E+00  0.943290265235905E+00  0.259138717127050E+00
     0.319000000000003E+02  0.982795548439670E+00  0.264894872915345E+00  0.948592725138891E+00  0.255676116739668E+00
     0.320000000000003E+02  0.978657815523582E+00  0.260009167216042E+00  0.954438102169111E+00  0.253574489640675E+00
     0.321000000000003E+02  0.973645412529410E+00  0.256317117802932E+00  0.960502042602001E+00  0.252857058673953E+00
     0.322000000000003E+02  0.968086876034453E+00  0.253911535478567E+00  0.966479362418913E+00  0.253489913968630E+00
     0.323000000000003E+02  0.962295555435479E+00  0.252815997761376E+00  0.972085757000606E+00  0.255388096908038E+00
     0.324000000000003E+02  0.956564365113471E+00  0.252996476708723E+00  0.977060553375918E+00  0.258417401432113E+00
     0.325000000000003E+02  0.951162988077440E+00  0.254368400008970E+00  0.981172833438828E+00  0.262393897683687E+00
     0.326000000000003E+02  0.946334494089154E+00  0.256799994863521E+00  0.984232144075718E+00  0.267084007950518E+00
     0.327000000000003E+02  0.942289294673946E+00  0.260113797733817E+00  0.986103549146453E+00  0.272208482657159E+00
     0.328000000000003E+02  0.939195499353158E+00  0.264088907384413E+00  0.986724916674534E+00  0.277453528379365E+00
     0.329000000000003E+02  0.937166139436604E+00  0.268466871435882E+00  0.986122347088563E+00  0.282491193647937E+00
     0.330000000000003E+02  0.936245362927647E+00  0.272963788095811E+00  0.984418254928318E+00  0.287008669496254E+00
     0.331000000000003E+02  0.936397275257374E+00  0.277289976276832E+00  0.981826806033093E+00  0.290742763724985E+00
     0.332000000000003E+02  0.937501980016392E+00  0.281176336462035E+00  0.978633868826105E+00  0.293512645135299E+00
     0.333000000000003E+02  0.939362819716911E+00  0.284403730806310E+00  0.975163014887240E+00  0.295242683398774E+00
     0.334000000000003E+02  0.941726455000879E+00  0.286829398586762E+00  0.971733768748098E+00  0.295968973788896E+00
     0.335000000000003E+02  0.944313748471504E+00  0.288403852817000E+00  0.968621063656132E+00  0.295827575453921E+00
     0.336000000000003E+02  0.946855851295762E+00  0.289173564206434E+00  0.966024330727456E+00  0.295027694494688E+00
     0.337000000000003E+02  0.949128082415477E+00  0.289268504347557E+00  0.964051224757617E+00  0.293816673499280E+00
     0.338000000000003E+02  0.950975001403127E+00  0.288877685628663E+00  0.962716512891728E+00  0.292444404690263E+00
     0.339000000000003E+02  0.952322996249669E+00  0.288218460338460E+00  0.961953137908551E+00  0.291133001531621E+00
     0.340000000000003E+02  0.953180237169656E+00  0.287505687099441E+00  0.961630968725249E+00  0.290054662925459E+00
     0.341000000000003E+02  0.953626486131357E+00  0.286925335178832E+00  0.961579107850600E+00  0.289318104974480E+00
     0.342000000000003E+02  0.953796287189919E+00  0.286614816454121E+00  0.961608965323169E+00  0.288962518305397E+00
     0.343000000000003E+02  0.953858693130663E+00  0.286650418628747E+00  0.961536689595920E+00  0.288957784401944E+00
     0.344000000000003E+02  0.953995625547038E+00  0.287041243963366E+00  0.961204341585376E+00  0.289210225417381E+00
     0.345000000000003E+02  0.954379975096149E+00  0.287729036297362E+00  0.960499185554421E+00  0.289573872289318E+00
     0.346000000000003E+02  0.955154136225100E+00  0.288593820087706E+00  0.959369782671689E+00  0.289867551170491E+00
     0.347000000000004E+02  0.956410008651417E+00  0.289465828425441E+00  0.957836638821759E+00  0.289897610485832E+00
     0.348000000000004E+02  0.958172415118849E+00  0.290144217219518E+00  0.955994617430710E+00  0.289484758237484E+00
     0.349000000000004E+02  0.960388883554462E+00  0.290422174805813E+00  0.954004828940605E+00  0.288491632858916E+00
     0.350000000000004E+02  0.962929093228344E+00  0.290116243637987E+00  0.952075552455333E+00  0.286846232895368E+00
     0.351000000000004E+02  0.965596309733203E+00  0.289095532401985E+00  0.950434540528793E+00  0.284556161552985E+00
     0.352000000000004E+02  0.968150653766015E+00  0.287305061860404E+00  0.949297708583886E+00  0.281710326618804E+00
     0.353000000000004E+02  0.970340743561336E+00  0.284777820188607E+00  0.948840431663772E+00  0.278467859490583E+00
     0.354000000000004E+02  0.971937526183523E+00  0.281632557691207E+00  0.949176786651135E+00  0.275037313535319E+00
     0.355000000000004E+02  0.972763352695759E+00  0.278058131269329E+00  0.950349488577695E+00  0.271651272752381E+00
     0.356000000000004E+02  0.972711009785698E+00  0.274288701456217E+00  0.952330191076160E+00  0.268541641700323E+00
     0.357000000000004E+02  0.971750688106037E+00  0.270575820538857E+00  0.955027512206185E+00  0.265919392612948E+00
     0.358000000000004E+02  0.969926222057105E+00  0.267162963280399E+00  0.958299248966723E+00  0.263960352077436E+00
     0.359000000000004E+02  0.967344087780188E+00  0.264265984927503E+00  0.961965646509044E+00  0.262796663826720E+00
     0.360000000000004E+02  0.964159149957650E+00  0.262060503836319E+00  0.965821740499140E+00  0.262512399475120E+00
     0.361000000000004E+02  0.960560353838191E+00  0.260675260044635E+00  0.969648104772169E+00  0.263141478672615E+00
     0.362000000000004E+02  0.956758161387542E+00  0.260189510148651E+00  0.973220417769291E+00  0.264666405770526E+00
     0.363000000000004E+02  0.952974139004452E+00  0.260632417267875E+00  0.976318933693508E+00  0.267017071395832E+00
     0.364000000000004E+02  0.949432059620878E+00  0.261982896171400E+00  0.978739157036448E+00  0.270069792101978E+00
     0.365000000000004E+02  0.946349292074153E+00  0.264169189548974E+00  0.980304751502171E+00  0.273647704800148E+00
     0.366000000000004E+02  0.943927113264858E+00  0.267068380569535E+00  0.980882942319247E+00  0.277524413963918E+00
     0.367000000000004E+02  0.942338883384999E+00  0.270506952043211E+00  0.980401417173485E+00  0.281433148747712E+00
     0.368000000000004E+02  0.941715782328988E+00  0.274264235664685E+00  0.978864181493264E+00  0.285083293276483E+00
     0.369000000000004E+02  0.942130996623154E+00  0.278080931622258E+00  0.976362440175054E+00  0.288184740697435E+00
     0.370000000000004E+02  0.943584708464405E+00  0.281674522201104E+00  0.973076076888734E+00  0.290478148452634E+00
     0.371000000000004E+02  0.945993558476088E+00  0.284762105081261E+00  0.969262379526417E+00  0.291766464049333E+00
     0.372000000000004E+02  0.949188777770787E+00  0.287088970567175E+00  0.965231491884865E+00  0.291941204799158E+00
     0.373000000000004E+02  0.952926260598224E+00  0.288458694318193E+00  0.961311903084039E+00  0.290997097951817E+00
     0.374000000000004E+02  0.956909277422179E+00  0.288758666730697E+00  0.957812559002808E+00  0.289031242607072E+00
     0.375000000000004E+02  0.960820955501284E+00  0.287974948767099E+00  0.954989332578017E+00  0.286227108752847E+00
     0.376000000000004E+02  0.964360493259485E+00  0.286192589239152E+00  0.953022047732081E+00  0.282827686688585E+00
     0.377000000000004E+02  0.967275805393075E+00  0.283581369892296E+00  0.952004813234108E+00  0.279104292256415E+00
     0.378000000000004E+02  0.969386543415237E+00  0.280370771383361E+00  0.951948708887280E+00  0.275327314620867E+00
     0.379000000000004E+02  0.970594557088128E+00  0.276820198729594E+00  0.952793313172782E+00  0.271743162347829E+00
     0.380000000000004E+02  0.970882383718366E+00  0.273190504685933E+00  0.954422738573419E+00  0.268559028371698E+00
     0.381000000000004E+02  0.970302891456760E+00  0.269721070185200E+00  0.956682453293300E+00  0.265934913109729E+00
     0.382000000000004E+02  0.968964141680271E+00  0.266614240466049E+00  0.959394506633178E+00  0.263981118279305E+00
     0.383000000000004E+02  0.967013079713251E+00  0.264026795383738E+00  0.962370177704806E+00  0.262759128415951E+00
     0.384000000000004E+02  0.964620452505503E+00  0.262066879601877E+00  0.965420142084131E+00  0.262284138267684E+00
     0.385000000000004E+02  0.961968022998017E+00  0.260794457602198E+00  0.968362872181391E+00  0.262528133966022E+00
     0.386000000000004E+02  0.959238103345548E+00  0.260223633000245E+00  0.971032184437778E+00  0.263423150011731E+00
     0.387000000000004E+02  0.956604809930801E+00  0.260325769391610E+00  0.973284701732532E+00  0.264864953829716E+00
     0.388000000000004E+02  0.954226239586866E+00  0.261033025387583E+00  0.975007593696637E+00  0.266717861446244E+00
     0.389000000000004E+02  0.952236903656339E+00  0.262242511423253E+00  0.976126371078832E+00  0.268821582145447E+00
     0.390000000000004E+02  0.950740149306478E+00  0.263821688265857E+00  0.976611852516158E+00  0.271000849074486E+00
     0.391000000000004E+02  0.949800854454615E+00  0.265615776352336E+00  0.976484862003315E+00  0.273078070524844E+00
     0.392000000000004E+02  0.949439282311747E+00  0.267457764317007E+00  0.975816974955410E+00  0.274888380296090E+00
     0.393000000000004E+02  0.949627452400589E+00  0.269181070615921E+00  0.974725916502815E+00  0.276295472606695E+00
     0.394000000000004E+02  0.950289521462037E+00  0.270634097258610E+00  0.973365098361698E+00  0.277205818593970E+00
     0.395000000000004E+02  0.951307301520451E+00  0.271695029841735E+00  0.971908087753284E+00  0.277578650435572E+00
     0.396000000000004E+02  0.952531150199748E+00  0.272284606724790E+00  0.970530117305355E+00  0.277429679071006E+00
     0.397000000000004E+02  0.953795252535146E+00  0.272374521634128E+00  0.969389566776729E+00  0.276827777058155E+00
     0.398000000000004E+02  0.954935175128794E+00  0.271989782309335E+00  0.968612339380364E+00  0.275885385931740E+00
     0.399000000000004E+02  0.955804950507593E+00  0.271204571553808E+00  0.968281231864669E+00  0.274744650037638E+00
     0.400000000000004E+02  0.956291095371231E+00  0.270132532687028E+00  0.968431111191257E+00  0.273561837044454E+00
     0.401000000000004E+02  0.956321811686779E+00  0.268913445812263E+00  0.969049453686709E+00  0.272492402211081E+00
     0.402000000000004E+02  0.955870814678263E+00  0.267698657204504E+00  0.970080962794748E+00  0.271678313776340E+00
     0.403000000000004E+02  0.954956337886324E+00  0.266637348403341E+00  0.971434704308835E+00  0.271238341930063E+00
     0.404000000000004E+02  0.953636561796130E+00  0.265865013128057E+00  0.972992399625572E+00  0.271261240878529E+00
     0.405000000000004E+02  0.952002899081219E+00  0.265494675556419E+00  0.974616993107657E+00  0.271801296641655E+00
     0.406000000000004E+02  0.950172340069358E+00  0.265610704263700E+00  0.976161144780794E+00  0.272875601831517E+00
     0.407000000000004E+02  0.948279605180401E+00  0.266264692948092E+00  0.977475733728657E+00  0.274462589602946E+00
     0.408000000000004E+02  0.946469355263495E+00  0.267472808667261E+00  0.978418694264521E+00  0.276501711071912E+00
     0.409000000000004E+02  0.944888314916963E+00  0.269214191410044E+00  0.978864497509581E+00  0.278894563555059E+00
     0.410000000000004E+02  0.943676952711512E+00  0.271430336256547E+00  0.978714320014402E+00  0.281508154053454E+00
     0.411000000000004E+02  0.942960382371442E+00  0.274025803845283E+00  0.977906432099144E+00  0.284181182105999E+00
     0.412000000000004E+02  0.942838420516491E+00  0.276870979102032E+00  0.976425680715240E+00  0.286734108790244E+00
     0.413000000000004E+02  0.943375244534529E+00  0.279807805227325E+00  0.974310318258740E+00  0.288983236884522E+00
     0.414000000000004E+02  0.944589758900541E+00  0.282659318243127E+00  0.971654112659327E+00  0.290758063449780E+00
     0.415000000000004E+02  0.946448422972852E+00  0.285243281455078E+00  0.968601950720638E+00  0.291919973810628E+00
     0.416000000000004E+02  0.948862644902175E+00  0.287389259238107E+00  0.965338162825559E+00  0.292379324888814E+00
     0.417000000000005E+02  0.951692609495203E+00  0.288957258378910E+00  0.962068401626109E+00  0.292107603792694E+00
     0.418000000000005E+02  0.954758418899151E+00  0.289855000808414E+00  0.958997610341407E+00  0.291141976460683E+00
     0.419000000000005E+02  0.957857818996395E+00  0.290050473337604E+00  0.956307760312244E+00  0.289581097563744E+00
     0.420000000000005E+02  0.960788047148806E+00  0.289576981480218E+00  0.954139128870468E+00  0.287573028901016E+00
     0.421000000000005E+02  0.963368138448647E+00  0.288529471774501E+00  0.952577882724715E+00  0.285297782184526E+00
     0.422000000000005E+02  0.965457884451818E+00  0.287052877714926E+00  0.951651063171093E+00  0.282947791574397E+00
     0.423000000000005E+02  0.966970614486786E+00  0.285324949798244E+00  0.951328400815933E+00  0.280709386756819E+00
     0.424000000000005E+02  0.967878635947780E+00  0.283536858441604E+00  0.951529265969772E+00  0.278747364357436E+00
     0.425000000000005E+02  0.968211854232239E+00  0.281874649181897E+00  0.952132701311243E+00  0.277193539805951E+00
     0.426000000000005E+02  0.968051233917996E+00  0.280503663851284E+00  0.952988772800745E+00  0.276139147406316E+00
     0.427000000000005E+02  0.967519134398583E+00  0.279556820214448E+00  0.953930122067447E+00  0.275630385126931E+00
     0.428000000000005E+02  0.966768264061959E+00  0.279126618554859E+00  0.954783303127334E+00  0.275666304699356E+00
     0.429000000000005E+02  0.965970338989505E+00  0.279260166625756E+00  0.955380012247747E+00  0.276198523538848E+00
     0.430000000000005E+02  0.965304813911829E+00  0.279956422536489E+00  0.955568542959543E+00  0.277132722141168E+00
     0.431000000000005E+02  0.964947506165299E+00  0.281165150153874E+00  0.955225667025604E+00  0.278332413301331E+00
     0.432000000000005E+02  0.965058695284907E+00  0.282787606879796E+00  0.954268668799521E+00  0.279625845027506E+00
     0.433000000000005E+02  0.965770416636575E+00  0.284679563973609E+00  0.952666534379863E+00  0.280816940494010E+00
     0.434000000000005E+02  0.967173182346399E+00  0.286657703639811E+00  0.950448516459206E+00  0.281700727572987E+00
     0.435000000000005E+02  0.969303182287883E+00  0.288510534499475E+00  0.947707776824161E+00  0.282082719047178E+00
     0.436000000000005E+02  0.972131943337514E+00  0.290014520033815E+00  0.944597918051148E+00  0.281800339661746E+00
     0.437000000000005E+02  0.975561108043441E+00  0.290955030602675E+00  0.941321203157977E+00  0.280743192008819E+00
     0.438000000000005E+02  0.979424996434635E+00  0.291150155050208E+00  0.938109045129496E+00  0.278868310424711E+00
     0.439000000000005E+02  0.983502598927156E+00  0.290473814314019E+00  0.935197409293391E+00  0.276207057216084E+00
     0.440000000000005E+02  0.987538641537419E+00  0.288873715986643E+00  0.932801308254503E+00  0.272862011529166E+00
     0.441000000000005E+02  0.991270923983005E+00  0.286380103526805E+00  0.931092892728111E+00  0.268994552913084E+00
     0.442000000000005E+02  0.994459203859048E+00  0.283103118360805E+00  0.930186581810046E+00  0.264805957796864E+00
     0.443000000000005E+02  0.996910357953425E+00  0.279219331829702E+00  0.930132693153468E+00  0.260515930066609E+00
     0.444000000000005E+02  0.998495673171134E+00  0.274950559979512E+00  0.930918945241082E+00  0.256342307900721E+00
     0.445000000000005E+02  0.999158404780881E+00  0.270539475712037E+00  0.932477737013737E+00  0.252484527856389E+00
     0.446000000000005E+02  0.998912213778393E+00  0.266226404900268E+00  0.934696586539055E+00  0.249111892391027E+00
     0.447000000000005E+02  0.997832861121085E+00  0.262230365086330E+00  0.937429424503852E+00  0.246356348651544E+00
     0.448000000000005E+02  0.996046180954494E+00  0.258735606209163E+00  0.940507245060547E+00  0.244308664445316E+00
     0.449000000000005E+02  0.993714992999029E+00  0.255883339415076E+00  0.943747551535542E+00  0.243016636312292E+00
     0.450000000000005E+02  0.991026662874349E+00  0.253767387021640E+00  0.946962840584608E+00  0.242484177938020E+00
     0.451000000000005E+02  0.988181923994436E+00  0.252432222082576E+00  0.949968910033049E+00  0.242670663211156E+00
     0.452000000000005E+02  0.985384652646768E+00  0.251872157770069E+00  0.952593988431425E+00  0.243490603086375E+00
     0.453000000000005E+02  0.982831708989006E+00  0.252031103652176E+00  0.954689518942348E+00  0.244814499678394E+00
     0.454000000000005E+02  0.980701803485883E+00  0.252803149617838E+00  0.956142835115067E+00  0.246472392874617E+00
     0.455000000000005E+02  0.979142675492884E+00  0.254035095865559E+00  0.956890933820636E+00  0.248261960376352E+00
     0.456000000000005E+02  0.978256710013874E+00  0.255532698595204E+00  0.956933222764322E+00  0.249962741155034E+00
     0.457000000000005E+02  0.978086406540042E+00  0.257072540024181E+00  0.956339897627486E+00  0.251356858622795E+00
     0.458000000000005E+02  0.978602567135257E+00  0.258420719119452E+00  0.955252142585631E+00  0.252254545325811E+00
     0.459000000000005E+02  0.979699106475123E+00  0.259357819154848E+00  0.953871307093470E+00  0.252520371129305E+00
     0.460000000000005E+02  0.981198238723131E+00  0.259707116365143E+00  0.952436772171764E+00  0.252094426853788E+00
     0.461000000000005E+02  0.982867927370866E+00  0.259360651748150E+00  0.951195669963973E+00  0.251002929317059E+00
     0.462000000000005E+02  0.984450132518993E+00  0.258296873426128E+00  0.950370476162515E+00  0.249355162319044E+00
     0.463000000000005E+02  0.985694794865821E+00  0.256584986382230E+00  0.950131300603978E+00  0.247327497412613E+00
     0.464000000000005E+02  0.986392384146037E+00  0.254374687122308E+00  0.950578010672556E+00  0.245138737825431E+00
     0.465000000000005E+02  0.986398349820898E+00  0.251874124101681E+00  0.951734027608377E+00  0.243022684116566E+00
     0.466000000000005E+02  0.985645680444527E+00  0.249321816416148E+00  0.953550343486107E+00  0.241203211660175E+00
     0.467000000000005E+02  0.984145523860089E+00  0.246958772396883E+00  0.955916313886543E+00  0.239875012046629E+00
     0.468000000000005E+02  0.981978756704948E+00  0.245005409320539E+00  0.958673472448356E+00  0.239190700326449E+00
     0.469000000000005E+02  0.979282594620255E+00  0.243645253470362E+00  0.961629566718209E+00  0.239253184744397E+00
     0.470000000000005E+02  0.976235891772407E+00  0.243015036119295E+00  0.964571498249763E+00  0.240111411045576E+00
     0.471000000000005E+02  0.973045386026056E+00  0.243199403168148E+00  0.967277247761974E+00  0.241757735797477E+00
     0.472000000000005E+02  0.969933558006990E+00  0.244228123616358E+00  0.969527826789731E+00  0.244125960975355E+00
     0.473000000000005E+02  0.967127486701133E+00  0.246074162752740E+00  0.971120667775486E+00  0.247090180499214E+00
     0.474000000000005E+02  0.964847324732136E+00  0.248651955667172E+00  0.971885569285577E+00  0.250465790071660E+00
     0.475000000000005E+02  0.963292861538664E+00  0.251816411321370E+00  0.971703301382681E+00  0.254015002075767E+00
     0.476000000000005E+02  0.962627146553881E+00  0.255364370853722E+00  0.970525295790341E+00  0.257459580736279E+00
     0.477000000000005E+02  0.962957354924529E+00  0.259041146310770E+00  0.968390818703886E+00  0.260502779765923E+00
     0.478000000000005E+02  0.964314922855905E+00  0.262554949055616E+00  0.965436401085629E+00  0.262860295008990E+00
     0.479000000000005E+02  0.966639065166153E+00  0.265600982717490E+00  0.961892161663088E+00  0.264296687990831E+00
     0.480000000000005E+02  0.969769265103655E+00  0.267894453848522E+00  0.958061877397259E+00  0.264660339973751E+00
     0.481000000000005E+02  0.973452065431814E+00  0.269208154411064E+00  0.954288095700667E+00  0.263908358863121E+00
     0.482000000000005E+02  0.977364712781174E+00  0.269406945699582E+00  0.950908642658415E+00  0.262114428429642E+00
     0.483000000000005E+02  0.981153327267747E+00  0.268470316217920E+00  0.948214111566223E+00  0.259457248219685E+00
     0.484000000000005E+02  0.984478193764207E+00  0.266496477252896E+00  0.946415549984623E+00  0.256192988007079E+00
     0.485000000000005E+02  0.987056043025716E+00  0.263686699988960E+00  0.945627798103264E+00  0.252619367726398E+00
     0.486000000000005E+02  0.988690325940844E+00  0.260314464945715E+00  0.945868782942783E+00  0.249039886079898E+00
     0.487000000000005E+02  0.989284853115711E+00  0.256687749624574E+00  0.947070944903233E+00  0.245734591828018E+00
     0.488000000000006E+02  0.988841466078398E+00  0.253113031255207E+00  0.949099216141950E+00  0.242940236428742E+00
     0.489000000000006E+02  0.987446250229200E+00  0.249866934858109E+00  0.951770483065879E+00  0.240839410992641E+00
     0.490000000000006E+02  0.985250094662853E+00  0.247177722961172E+00  0.954871270291743E+00  0.239556339644423E+00
     0.491000000000006E+02  0.982448505763843E+00  0.245215709130540E+00  0.958172430651770E+00  0.239156485732480E+00
     0.492000000000006E+02  0.979263585967684E+00  0.244090010876249E+00  0.961441249335182E+00  0.239647637643133E+00
     0.493000000000006E+02  0.975929034938194E+00  0.243848807226305E+00  0.964452320422574E+00  0.240981197958293E+00
     0.494000000000006E+02  0.972677519336071E+00  0.244480972605103E+00  0.966998816285124E+00  0.243053639478314E+00
     0.495000000000006E+02  0.969728984841570E+00  0.245918125536302E+00  0.968905387639407E+00  0.245709265655532E+00
     0.496000000000006E+02  0.967278436873171E+00  0.248037389195552E+00  0.970042942000293E+00  0.248746286042633E+00
     0.497000000000006E+02  0.965482328906544E+00  0.250666241018581E+00  0.970344051648661E+00  0.251928480345137E+00
     0.498000000000006E+02  0.964443879278659E+00  0.253591461591494E+00  0.969816053429676E+00  0.255004024337913E+00
     0.499000000000006E+02  0.964199182797796E+00  0.256574064886971E+00  0.968547656799999E+00  0.257731196806086E+00
