  0.00000000E+00 -0.42505171E+01
  0.11116747E-01 -0.42502100E+01
  0.22233494E-01 -0.42492887E+01
  0.33350240E-01 -0.42477530E+01
  0.44466987E-01 -0.42456030E+01
  0.55583734E-01 -0.42428384E+01
  0.66700481E-01 -0.42394591E+01
  0.77817228E-01 -0.42354647E+01
  0.88933975E-01 -0.42308550E+01
  0.10005072E+00 -0.42256296E+01
  0.11116747E+00 -0.42197882E+01
  0.12228422E+00 -0.42133302E+01
  0.13340096E+00 -0.42062553E+01
  0.14451771E+00 -0.41985628E+01
  0.15563446E+00 -0.41902521E+01
  0.16675120E+00 -0.41813227E+01
  0.17786795E+00 -0.41717739E+01
  0.18898470E+00 -0.41616049E+01
  0.20010144E+00 -0.41508149E+01
  0.21121819E+00 -0.41394030E+01
  0.22233494E+00 -0.41273685E+01
  0.23345168E+00 -0.41147104E+01
  0.24456843E+00 -0.41014277E+01
  0.25568518E+00 -0.40875194E+01
  0.26680192E+00 -0.40729844E+01
  0.27791867E+00 -0.40578216E+01
  0.28903542E+00 -0.40420300E+01
  0.30015216E+00 -0.40256082E+01
  0.31126891E+00 -0.40085552E+01
  0.32238566E+00 -0.39908696E+01
  0.33350240E+00 -0.39725504E+01
  0.34461915E+00 -0.39535961E+01
  0.35573590E+00 -0.39340055E+01
  0.36685265E+00 -0.39137774E+01
  0.37796939E+00 -0.38929105E+01
  0.38908614E+00 -0.38714036E+01
  0.40020289E+00 -0.38492556E+01
  0.41131963E+00 -0.38264652E+01
  0.42243638E+00 -0.38030315E+01
  0.43355313E+00 -0.37789534E+01
  0.44466987E+00 -0.37542301E+01
  0.45578662E+00 -0.37288607E+01
  0.46690337E+00 -0.37028448E+01
  0.47802011E+00 -0.36761818E+01
  0.48913686E+00 -0.36488716E+01
  0.50025361E+00 -0.36209140E+01
  0.51137035E+00 -0.35923096E+01
  0.52248710E+00 -0.35630587E+01
  0.53360385E+00 -0.35331624E+01
  0.54472059E+00 -0.35026220E+01
  0.55583734E+00 -0.34714393E+01
  0.56695409E+00 -0.34396167E+01
  0.57807084E+00 -0.34071570E+01
  0.58918758E+00 -0.33740639E+01
  0.60030433E+00 -0.33403415E+01
  0.61142108E+00 -0.33059949E+01
  0.62253782E+00 -0.32710303E+01
  0.63365457E+00 -0.32354545E+01
  0.64477132E+00 -0.31992757E+01
  0.65588806E+00 -0.31625032E+01
  0.66700481E+00 -0.31251478E+01
  0.67812156E+00 -0.30872219E+01
  0.68923830E+00 -0.30487393E+01
  0.70035505E+00 -0.30097160E+01
  0.71147180E+00 -0.29701700E+01
  0.72258854E+00 -0.29301214E+01
  0.73370529E+00 -0.28895931E+01
  0.74482204E+00 -0.28486107E+01
  0.75593878E+00 -0.28072031E+01
  0.76705553E+00 -0.27654022E+01
  0.77817228E+00 -0.27232442E+01
  0.78928902E+00 -0.26807691E+01
  0.80040577E+00 -0.26380216E+01
  0.81152252E+00 -0.25950516E+01
  0.82263927E+00 -0.25519143E+01
  0.83375601E+00 -0.25086712E+01
  0.84487276E+00 -0.24653903E+01
  0.85598951E+00 -0.24221468E+01
  0.86710625E+00 -0.23790241E+01
  0.87822300E+00 -0.23361137E+01
  0.88933975E+00 -0.22935166E+01
  0.90045649E+00 -0.22513437E+01
  0.91157324E+00 -0.22097160E+01
  0.92268999E+00 -0.21687658E+01
  0.93380673E+00 -0.21286369E+01
  0.94492348E+00 -0.20894846E+01
  0.95604023E+00 -0.20514762E+01
  0.96715697E+00 -0.20147902E+01
  0.97827372E+00 -0.19796161E+01
  0.98939047E+00 -0.19461532E+01
  0.10005072E+01 -0.19146085E+01
  0.10116240E+01 -0.18851947E+01
  0.10227407E+01 -0.18581268E+01
  0.10338575E+01 -0.18336185E+01
  0.10449742E+01 -0.18118772E+01
  0.10560909E+01 -0.17930991E+01
  0.10672077E+01 -0.17774636E+01
  0.10783244E+01 -0.17651275E+01
  0.10894412E+01 -0.17562193E+01
  0.11005579E+01 -0.17508350E+01
  0.11116747E+01 -0.17490335E+01
  0.11229043E+01 -0.17490400E+01
  0.11341339E+01 -0.17490598E+01
  0.11453635E+01 -0.17490949E+01
  0.11565931E+01 -0.17491480E+01
  0.11678227E+01 -0.17492234E+01
  0.11790523E+01 -0.17493263E+01
  0.11902820E+01 -0.17494631E+01
  0.12015116E+01 -0.17496412E+01
  0.12127412E+01 -0.17498691E+01
  0.12239708E+01 -0.17501566E+01
  0.12352004E+01 -0.17505143E+01
  0.12464300E+01 -0.17509539E+01
  0.12576596E+01 -0.17514881E+01
  0.12688892E+01 -0.17521306E+01
  0.12801188E+01 -0.17528962E+01
  0.12913484E+01 -0.17538005E+01
  0.13025781E+01 -0.17548602E+01
  0.13138077E+01 -0.17560932E+01
  0.13250373E+01 -0.17575180E+01
  0.13362669E+01 -0.17591548E+01
  0.13474965E+01 -0.17610242E+01
  0.13587261E+01 -0.17631487E+01
  0.13699557E+01 -0.17655514E+01
  0.13811853E+01 -0.17682569E+01
  0.13924149E+01 -0.17712913E+01
  0.14036445E+01 -0.17746817E+01
  0.14148742E+01 -0.17784570E+01
  0.14261038E+01 -0.17826472E+01
  0.14373334E+01 -0.17872840E+01
  0.14485630E+01 -0.17924004E+01
  0.14597926E+01 -0.17980310E+01
  0.14710222E+01 -0.18042118E+01
  0.14822518E+01 -0.18109799E+01
  0.14934814E+01 -0.18183739E+01
  0.15047110E+01 -0.18264334E+01
  0.15047110E+01 -0.18264334E+01
  0.15158347E+01 -0.18351124E+01
  0.15269584E+01 -0.18445237E+01
  0.15380820E+01 -0.18547073E+01
  0.15492057E+01 -0.18657031E+01
  0.15603294E+01 -0.18775507E+01
  0.15714531E+01 -0.18902888E+01
  0.15825767E+01 -0.19039547E+01
  0.15937004E+01 -0.19185837E+01
  0.16048241E+01 -0.19342092E+01
  0.16159477E+01 -0.19508612E+01
  0.16270714E+01 -0.19685667E+01
  0.16381951E+01 -0.19873487E+01
  0.16493188E+01 -0.20072257E+01
  0.16604424E+01 -0.20282115E+01
  0.16715661E+01 -0.20503146E+01
  0.16826898E+01 -0.20735381E+01
  0.16938134E+01 -0.20978792E+01
  0.17049371E+01 -0.21233293E+01
  0.17160608E+01 -0.21498736E+01
  0.17271844E+01 -0.21774916E+01
  0.17383081E+01 -0.22061567E+01
  0.17494318E+01 -0.22358368E+01
  0.17605555E+01 -0.22664945E+01
  0.17716791E+01 -0.22980871E+01
  0.17828028E+01 -0.23305676E+01
  0.17939265E+01 -0.23638846E+01
  0.18050501E+01 -0.23979833E+01
  0.18161738E+01 -0.24328057E+01
  0.18272975E+01 -0.24682912E+01
  0.18384211E+01 -0.25043774E+01
  0.18495448E+01 -0.25410002E+01
  0.18606685E+01 -0.25780948E+01
  0.18717922E+01 -0.26155956E+01
  0.18829158E+01 -0.26534375E+01
  0.18940395E+01 -0.26915556E+01
  0.19051632E+01 -0.27298860E+01
  0.19162868E+01 -0.27683658E+01
  0.19274105E+01 -0.28069339E+01
  0.19385342E+01 -0.28455311E+01
  0.19496579E+01 -0.28840998E+01
  0.19607815E+01 -0.29225853E+01
  0.19719052E+01 -0.29609347E+01
  0.19830289E+01 -0.29990982E+01
  0.19941525E+01 -0.30370282E+01
  0.20052762E+01 -0.30746799E+01
  0.20163999E+01 -0.31120115E+01
  0.20275235E+01 -0.31489837E+01
  0.20386472E+01 -0.31855599E+01
  0.20497709E+01 -0.32217063E+01
  0.20608946E+01 -0.32573918E+01
  0.20720182E+01 -0.32925878E+01
  0.20831419E+01 -0.33272682E+01
  0.20942656E+01 -0.33614094E+01
  0.21053892E+01 -0.33949902E+01
  0.21165129E+01 -0.34279914E+01
  0.21276366E+01 -0.34603961E+01
  0.21387602E+01 -0.34921895E+01
  0.21498839E+01 -0.35233583E+01
  0.21610076E+01 -0.35538915E+01
  0.21721313E+01 -0.35837793E+01
  0.21832549E+01 -0.36130138E+01
  0.21943786E+01 -0.36415883E+01
  0.22055023E+01 -0.36694974E+01
  0.22166259E+01 -0.36967370E+01
  0.22277496E+01 -0.37233041E+01
  0.22388733E+01 -0.37491966E+01
  0.22499970E+01 -0.37744132E+01
  0.22611206E+01 -0.37989535E+01
  0.22722443E+01 -0.38228178E+01
  0.22833680E+01 -0.38460069E+01
  0.22944916E+01 -0.38685222E+01
  0.23056153E+01 -0.38903653E+01
  0.23167390E+01 -0.39115384E+01
  0.23278626E+01 -0.39320440E+01
  0.23389863E+01 -0.39518846E+01
  0.23501100E+01 -0.39710630E+01
  0.23612337E+01 -0.39895822E+01
  0.23723573E+01 -0.40074450E+01
  0.23834810E+01 -0.40246545E+01
  0.23946047E+01 -0.40412136E+01
  0.24057283E+01 -0.40571253E+01
  0.24168520E+01 -0.40723925E+01
  0.24279757E+01 -0.40870178E+01
  0.24390993E+01 -0.41010039E+01
  0.24502230E+01 -0.41143533E+01
  0.24613467E+01 -0.41270685E+01
  0.24724704E+01 -0.41391515E+01
  0.24835940E+01 -0.41506046E+01
  0.24947177E+01 -0.41614295E+01
  0.25058414E+01 -0.41716280E+01
  0.25169650E+01 -0.41812018E+01
  0.25280887E+01 -0.41901523E+01
  0.25392124E+01 -0.41984808E+01
  0.25503361E+01 -0.42061884E+01
  0.25614597E+01 -0.42132761E+01
  0.25725834E+01 -0.42197449E+01
  0.25837071E+01 -0.42255955E+01
  0.25948307E+01 -0.42308287E+01
  0.26059544E+01 -0.42354449E+01
  0.26170781E+01 -0.42394448E+01
  0.26282017E+01 -0.42428286E+01
  0.26393254E+01 -0.42455968E+01
  0.26504491E+01 -0.42477496E+01
  0.26615728E+01 -0.42492871E+01
  0.26726964E+01 -0.42502096E+01
  0.26838201E+01 -0.42505171E+01
  0.26948861E+01 -0.42502128E+01
  0.27059520E+01 -0.42492999E+01
  0.27170180E+01 -0.42477782E+01
  0.27280839E+01 -0.42456477E+01
  0.27391499E+01 -0.42429082E+01
  0.27502159E+01 -0.42395594E+01
  0.27612818E+01 -0.42356009E+01
  0.27723478E+01 -0.42310326E+01
  0.27834137E+01 -0.42258538E+01
  0.27944797E+01 -0.42200643E+01
  0.28055457E+01 -0.42136634E+01
  0.28166116E+01 -0.42066506E+01
  0.28276776E+01 -0.41990253E+01
  0.28387435E+01 -0.41907868E+01
  0.28498095E+01 -0.41819345E+01
  0.28608755E+01 -0.41724676E+01
  0.28719414E+01 -0.41623853E+01
  0.28830074E+01 -0.41516867E+01
  0.28940733E+01 -0.41403712E+01
  0.29051393E+01 -0.41284378E+01
  0.29162053E+01 -0.41158856E+01
  0.29272712E+01 -0.41027138E+01
  0.29383372E+01 -0.40889215E+01
  0.29494031E+01 -0.40745078E+01
  0.29604691E+01 -0.40594720E+01
  0.29715351E+01 -0.40438131E+01
  0.29826010E+01 -0.40275306E+01
  0.29936670E+01 -0.40106237E+01
  0.30047329E+01 -0.39930919E+01
  0.30157989E+01 -0.39749347E+01
  0.30268649E+01 -0.39561519E+01
  0.30379308E+01 -0.39367433E+01
  0.30489968E+01 -0.39167090E+01
  0.30600627E+01 -0.38960495E+01
  0.30711287E+01 -0.38747653E+01
  0.30821947E+01 -0.38528574E+01
  0.30932606E+01 -0.38303272E+01
  0.31043266E+01 -0.38071764E+01
  0.31153925E+01 -0.37834075E+01
  0.31264585E+01 -0.37590233E+01
  0.31375245E+01 -0.37340273E+01
  0.31485904E+01 -0.37084239E+01
  0.31596564E+01 -0.36822183E+01
  0.31707223E+01 -0.36554165E+01
  0.31817883E+01 -0.36280257E+01
  0.31928543E+01 -0.36000542E+01
  0.32039202E+01 -0.35715117E+01
  0.32149862E+01 -0.35424095E+01
  0.32260521E+01 -0.35127602E+01
  0.32371181E+01 -0.34825786E+01
  0.32481841E+01 -0.34518813E+01
  0.32592500E+01 -0.34206873E+01
  0.32703160E+01 -0.33890180E+01
  0.32813819E+01 -0.33568974E+01
  0.32924479E+01 -0.33243529E+01
  0.33035139E+01 -0.32914149E+01
  0.33145798E+01 -0.32581174E+01
  0.33256458E+01 -0.32244986E+01
  0.33367117E+01 -0.31906008E+01
  0.33477777E+01 -0.31564711E+01
  0.33588437E+01 -0.31221616E+01
  0.33699096E+01 -0.30877301E+01
  0.33809756E+01 -0.30532401E+01
  0.33920415E+01 -0.30187614E+01
  0.34031075E+01 -0.29843707E+01
  0.34141735E+01 -0.29501516E+01
  0.34252394E+01 -0.29161952E+01
  0.34363054E+01 -0.28826003E+01
  0.34473713E+01 -0.28494737E+01
  0.34584373E+01 -0.28169301E+01
  0.34695033E+01 -0.27850924E+01
  0.34805692E+01 -0.27540909E+01
  0.34916352E+01 -0.27240636E+01
  0.35027011E+01 -0.26951549E+01
  0.35137671E+01 -0.26675150E+01
  0.35248331E+01 -0.26412986E+01
  0.35358990E+01 -0.26166630E+01
  0.35469650E+01 -0.25937661E+01
  0.35580309E+01 -0.25727645E+01
  0.35690969E+01 -0.25538100E+01
  0.35801629E+01 -0.25370475E+01
  0.35912288E+01 -0.25226112E+01
  0.36022948E+01 -0.25106216E+01
  0.36133607E+01 -0.25011825E+01
  0.36244267E+01 -0.24943779E+01
  0.36354927E+01 -0.24902698E+01
  0.36465586E+01 -0.24888962E+01
  0.36576301E+01 -0.24885737E+01
  0.36687015E+01 -0.24876069E+01
  0.36797730E+01 -0.24859980E+01
  0.36908444E+01 -0.24837506E+01
  0.37019158E+01 -0.24808697E+01
  0.37129873E+01 -0.24773618E+01
  0.37240587E+01 -0.24732345E+01
  0.37351302E+01 -0.24684970E+01
  0.37462016E+01 -0.24631596E+01
  0.37572731E+01 -0.24572336E+01
  0.37683445E+01 -0.24507318E+01
  0.37794160E+01 -0.24436676E+01
  0.37904874E+01 -0.24360558E+01
  0.38015589E+01 -0.24279117E+01
  0.38126303E+01 -0.24192517E+01
  0.38237018E+01 -0.24100925E+01
  0.38347732E+01 -0.24004518E+01
  0.38458447E+01 -0.23903476E+01
  0.38569161E+01 -0.23797984E+01
  0.38679875E+01 -0.23688230E+01
  0.38790590E+01 -0.23574404E+01
  0.38901304E+01 -0.23456699E+01
  0.39012019E+01 -0.23335308E+01
  0.39122733E+01 -0.23210423E+01
  0.39233448E+01 -0.23082238E+01
  0.39344162E+01 -0.22950944E+01
  0.39454877E+01 -0.22816734E+01
  0.39565591E+01 -0.22679796E+01
  0.39676306E+01 -0.22540318E+01
  0.39787020E+01 -0.22398487E+01
  0.39897735E+01 -0.22254487E+01
  0.40008449E+01 -0.22108502E+01
  0.40119163E+01 -0.21960716E+01
  0.40229878E+01 -0.21811313E+01
  0.40340592E+01 -0.21660475E+01
  0.40451307E+01 -0.21508390E+01
  0.40562021E+01 -0.21355247E+01
  0.40672736E+01 -0.21201237E+01
  0.40783450E+01 -0.21046560E+01
  0.40894165E+01 -0.20891420E+01
  0.41004879E+01 -0.20736030E+01
  0.41115594E+01 -0.20580613E+01
  0.41226308E+01 -0.20425402E+01
  0.41337023E+01 -0.20270644E+01
  0.41447737E+01 -0.20116599E+01
  0.41558452E+01 -0.19963543E+01
  0.41669166E+01 -0.19811766E+01
  0.41779880E+01 -0.19661580E+01
  0.41890595E+01 -0.19513310E+01
  0.42001309E+01 -0.19367302E+01
  0.42112024E+01 -0.19223921E+01
  0.42222738E+01 -0.19083550E+01
  0.42333453E+01 -0.18946587E+01
  0.42444167E+01 -0.18813449E+01
  0.42554882E+01 -0.18684566E+01
  0.42665596E+01 -0.18560381E+01
  0.42776311E+01 -0.18441345E+01
  0.42887025E+01 -0.18327917E+01
  0.42997740E+01 -0.18220556E+01
  0.43108454E+01 -0.18119718E+01
  0.43219169E+01 -0.18025853E+01
  0.43329883E+01 -0.17939398E+01
  0.43440597E+01 -0.17860771E+01
  0.43551312E+01 -0.17790366E+01
  0.43662026E+01 -0.17728549E+01
  0.43772741E+01 -0.17675648E+01
  0.43883455E+01 -0.17631952E+01
  0.43994170E+01 -0.17597706E+01
  0.44104884E+01 -0.17573102E+01
  0.44215599E+01 -0.17558283E+01
  0.44326313E+01 -0.17553333E+01
  0.44437481E+01 -0.17553272E+01
  0.44548648E+01 -0.17553086E+01
  0.44659816E+01 -0.17552778E+01
  0.44770983E+01 -0.17552348E+01
  0.44882151E+01 -0.17551798E+01
  0.44993318E+01 -0.17551130E+01
  0.45104485E+01 -0.17550347E+01
  0.45215653E+01 -0.17549452E+01
  0.45326820E+01 -0.17548448E+01
  0.45437988E+01 -0.17547340E+01
  0.45549155E+01 -0.17546131E+01
  0.45660323E+01 -0.17544826E+01
  0.45771490E+01 -0.17543431E+01
  0.45882658E+01 -0.17541950E+01
  0.45993825E+01 -0.17540390E+01
  0.46104993E+01 -0.17538758E+01
  0.46216160E+01 -0.17537058E+01
  0.46327328E+01 -0.17535298E+01
  0.46438495E+01 -0.17533485E+01
  0.46549663E+01 -0.17531625E+01
  0.46660830E+01 -0.17529727E+01
  0.46771997E+01 -0.17527798E+01
  0.46883165E+01 -0.17525845E+01
  0.46994332E+01 -0.17523875E+01
  0.47105500E+01 -0.17521898E+01
  0.47216667E+01 -0.17519920E+01
  0.47327835E+01 -0.17517949E+01
  0.47439002E+01 -0.17515993E+01
  0.47550170E+01 -0.17514060E+01
  0.47661337E+01 -0.17512158E+01
  0.47772505E+01 -0.17510294E+01
  0.47883672E+01 -0.17508475E+01
  0.47994840E+01 -0.17506708E+01
  0.48106007E+01 -0.17505002E+01
  0.48217175E+01 -0.17503361E+01
  0.48328342E+01 -0.17501794E+01
  0.48439510E+01 -0.17500306E+01
  0.48550677E+01 -0.17498902E+01
  0.48661844E+01 -0.17497590E+01
  0.48773012E+01 -0.17496373E+01
  0.48884179E+01 -0.17495257E+01
  0.48995347E+01 -0.17494246E+01
  0.49106514E+01 -0.17493345E+01
  0.49217682E+01 -0.17492556E+01
  0.49328849E+01 -0.17491883E+01
  0.49440017E+01 -0.17491329E+01
  0.49551184E+01 -0.17490896E+01
  0.49662352E+01 -0.17490585E+01
  0.49773519E+01 -0.17490398E+01
  0.49884687E+01 -0.17490335E+01
  
  0.00000000E+00  0.85514616E+01
  0.11116747E-01  0.85500819E+01
  0.22233494E-01  0.85459438E+01
  0.33350240E-01  0.85390503E+01
  0.44466987E-01  0.85294063E+01
  0.55583734E-01  0.85170187E+01
  0.66700481E-01  0.85018965E+01
  0.77817228E-01  0.84840504E+01
  0.88933975E-01  0.84634934E+01
  0.10005072E+00  0.84402401E+01
  0.11116747E+00  0.84143073E+01
  0.12228422E+00  0.83857135E+01
  0.13340096E+00  0.83544793E+01
  0.14451771E+00  0.83206269E+01
  0.15563446E+00  0.82841806E+01
  0.16675120E+00  0.82451665E+01
  0.17786795E+00  0.82036125E+01
  0.18898470E+00  0.81595483E+01
  0.20010144E+00  0.81130053E+01
  0.21121819E+00  0.80640167E+01
  0.22233494E+00  0.80126174E+01
  0.23345168E+00  0.79588440E+01
  0.24456843E+00  0.79027347E+01
  0.25568518E+00  0.78443295E+01
  0.26680192E+00  0.77836698E+01
  0.27791867E+00  0.77207985E+01
  0.28903542E+00  0.76557603E+01
  0.30015216E+00  0.75886011E+01
  0.31126891E+00  0.75193684E+01
  0.32238566E+00  0.74481112E+01
  0.33350240E+00  0.73748795E+01
  0.34461915E+00  0.72997251E+01
  0.35573590E+00  0.72227008E+01
  0.36685265E+00  0.71438607E+01
  0.37796939E+00  0.70632601E+01
  0.38908614E+00  0.69809556E+01
  0.40020289E+00  0.68970049E+01
  0.41131963E+00  0.68114665E+01
  0.42243638E+00  0.67244005E+01
  0.43355313E+00  0.66358676E+01
  0.44466987E+00  0.65459295E+01
  0.45578662E+00  0.64546490E+01
  0.46690337E+00  0.63620898E+01
  0.47802011E+00  0.62683164E+01
  0.48913686E+00  0.61733941E+01
  0.50025361E+00  0.60773891E+01
  0.51137035E+00  0.59803684E+01
  0.52248710E+00  0.58823997E+01
  0.53360385E+00  0.57835514E+01
  0.54472059E+00  0.56838927E+01
  0.55583734E+00  0.55834936E+01
  0.56695409E+00  0.54824246E+01
  0.57807084E+00  0.53807569E+01
  0.58918758E+00  0.52785626E+01
  0.60030433E+00  0.51759144E+01
  0.61142108E+00  0.50728856E+01
  0.62253782E+00  0.49695505E+01
  0.63365457E+00  0.48659839E+01
  0.64477132E+00  0.47622618E+01
  0.65588806E+00  0.46584607E+01
  0.66700481E+00  0.45546583E+01
  0.67812156E+00  0.44509332E+01
  0.68923830E+00  0.43473652E+01
  0.70035505E+00  0.42440354E+01
  0.71147180E+00  0.41410262E+01
  0.72258854E+00  0.40384215E+01
  0.73370529E+00  0.39363069E+01
  0.74482204E+00  0.38347702E+01
  0.75593878E+00  0.37339009E+01
  0.76705553E+00  0.36337912E+01
  0.77817228E+00  0.35345360E+01
  0.78928902E+00  0.34362329E+01
  0.80040577E+00  0.33389832E+01
  0.81152252E+00  0.32428918E+01
  0.82263927E+00  0.31480678E+01
  0.83375601E+00  0.30546251E+01
  0.84487276E+00  0.29626827E+01
  0.85598951E+00  0.28723652E+01
  0.86710625E+00  0.27838038E+01
  0.87822300E+00  0.26971364E+01
  0.88933975E+00  0.26125084E+01
  0.90045649E+00  0.25300735E+01
  0.91157324E+00  0.24499940E+01
  0.92268999E+00  0.23724413E+01
  0.93380673E+00  0.22975964E+01
  0.94492348E+00  0.22256504E+01
  0.95604023E+00  0.21568038E+01
  0.96715697E+00  0.20912670E+01
  0.97827372E+00  0.20292588E+01
  0.98939047E+00  0.19710060E+01
  0.10005072E+01  0.19167411E+01
  0.10116240E+01  0.18666999E+01
  0.10227407E+01  0.18211188E+01
  0.10338575E+01  0.17802303E+01
  0.10449742E+01  0.17442587E+01
  0.10560909E+01  0.17134147E+01
  0.10672077E+01  0.16878903E+01
  0.10783244E+01  0.16678521E+01
  0.10894412E+01  0.16534368E+01
  0.11005579E+01  0.16447460E+01
  0.11116747E+01  0.16418420E+01
  0.11229043E+01  0.16421756E+01
  0.11341339E+01  0.16431758E+01
  0.11453635E+01  0.16448401E+01
  0.11565931E+01  0.16471646E+01
  0.11678227E+01  0.16501436E+01
  0.11790523E+01  0.16537699E+01
  0.11902820E+01  0.16580345E+01
  0.12015116E+01  0.16629267E+01
  0.12127412E+01  0.16684342E+01
  0.12239708E+01  0.16745429E+01
  0.12352004E+01  0.16812366E+01
  0.12464300E+01  0.16884978E+01
  0.12576596E+01  0.16963067E+01
  0.12688892E+01  0.17046422E+01
  0.12801188E+01  0.17134810E+01
  0.12913484E+01  0.17227987E+01
  0.13025781E+01  0.17325689E+01
  0.13138077E+01  0.17427643E+01
  0.13250373E+01  0.17533560E+01
  0.13362669E+01  0.17643145E+01
  0.13474965E+01  0.17756099E+01
  0.13587261E+01  0.17872118E+01
  0.13699557E+01  0.17990902E+01
  0.13811853E+01  0.18112161E+01
  0.13924149E+01  0.18235617E+01
  0.14036445E+01  0.18361013E+01
  0.14148742E+01  0.18488118E+01
  0.14261038E+01  0.18616739E+01
  0.14373334E+01  0.18746723E+01
  0.14485630E+01  0.18877971E+01
  0.14597926E+01  0.19010441E+01
  0.14710222E+01  0.19144162E+01
  0.14822518E+01  0.19279235E+01
  0.14934814E+01  0.19415846E+01
  0.15047110E+01  0.19554270E+01
  0.15047110E+01  0.19554270E+01
  0.15158347E+01  0.19693536E+01
  0.15269584E+01  0.19835393E+01
  0.15380820E+01  0.19980389E+01
  0.15492057E+01  0.20129166E+01
  0.15603294E+01  0.20282459E+01
  0.15714531E+01  0.20441094E+01
  0.15825767E+01  0.20605977E+01
  0.15937004E+01  0.20778090E+01
  0.16048241E+01  0.20958480E+01
  0.16159477E+01  0.21148248E+01
  0.16270714E+01  0.21348537E+01
  0.16381951E+01  0.21560514E+01
  0.16493188E+01  0.21785363E+01
  0.16604424E+01  0.22024266E+01
  0.16715661E+01  0.22278389E+01
  0.16826898E+01  0.22548871E+01
  0.16938134E+01  0.22836808E+01
  0.17049371E+01  0.23143246E+01
  0.17160608E+01  0.23469165E+01
  0.17271844E+01  0.23815473E+01
  0.17383081E+01  0.24183000E+01
  0.17494318E+01  0.24572489E+01
  0.17605555E+01  0.24984594E+01
  0.17716791E+01  0.25419874E+01
  0.17828028E+01  0.25878798E+01
  0.17939265E+01  0.26361736E+01
  0.18050501E+01  0.26868967E+01
  0.18161738E+01  0.27400677E+01
  0.18272975E+01  0.27956961E+01
  0.18384211E+01  0.28537829E+01
  0.18495448E+01  0.29143208E+01
  0.18606685E+01  0.29772943E+01
  0.18717922E+01  0.30426806E+01
  0.18829158E+01  0.31104498E+01
  0.18940395E+01  0.31805649E+01
  0.19051632E+01  0.32529831E+01
  0.19162868E+01  0.33276551E+01
  0.19274105E+01  0.34045265E+01
  0.19385342E+01  0.34835373E+01
  0.19496579E+01  0.35646231E+01
  0.19607815E+01  0.36477145E+01
  0.19719052E+01  0.37327381E+01
  0.19830289E+01  0.38196164E+01
  0.19941525E+01  0.39082683E+01
  0.20052762E+01  0.39986092E+01
  0.20163999E+01  0.40905512E+01
  0.20275235E+01  0.41840034E+01
  0.20386472E+01  0.42788722E+01
  0.20497709E+01  0.43750611E+01
  0.20608946E+01  0.44724714E+01
  0.20720182E+01  0.45710020E+01
  0.20831419E+01  0.46705498E+01
  0.20942656E+01  0.47710095E+01
  0.21053892E+01  0.48722742E+01
  0.21165129E+01  0.49742354E+01
  0.21276366E+01  0.50767830E+01
  0.21387602E+01  0.51798054E+01
  0.21498839E+01  0.52831902E+01
  0.21610076E+01  0.53868236E+01
  0.21721313E+01  0.54905910E+01
  0.21832549E+01  0.55943771E+01
  0.21943786E+01  0.56980660E+01
  0.22055023E+01  0.58015411E+01
  0.22166259E+01  0.59046859E+01
  0.22277496E+01  0.60073834E+01
  0.22388733E+01  0.61095167E+01
  0.22499970E+01  0.62109691E+01
  0.22611206E+01  0.63116241E+01
  0.22722443E+01  0.64113656E+01
  0.22833680E+01  0.65100783E+01
  0.22944916E+01  0.66076476E+01
  0.23056153E+01  0.67039595E+01
  0.23167390E+01  0.67989015E+01
  0.23278626E+01  0.68923621E+01
  0.23389863E+01  0.69842312E+01
  0.23501100E+01  0.70744001E+01
  0.23612337E+01  0.71627620E+01
  0.23723573E+01  0.72492117E+01
  0.23834810E+01  0.73336462E+01
  0.23946047E+01  0.74159645E+01
  0.24057283E+01  0.74960677E+01
  0.24168520E+01  0.75738596E+01
  0.24279757E+01  0.76492464E+01
  0.24390993E+01  0.77221370E+01
  0.24502230E+01  0.77924431E+01
  0.24613467E+01  0.78600792E+01
  0.24724704E+01  0.79249632E+01
  0.24835940E+01  0.79870159E+01
  0.24947177E+01  0.80461615E+01
  0.25058414E+01  0.81023277E+01
  0.25169650E+01  0.81554456E+01
  0.25280887E+01  0.82054501E+01
  0.25392124E+01  0.82522796E+01
  0.25503361E+01  0.82958764E+01
  0.25614597E+01  0.83361870E+01
  0.25725834E+01  0.83731614E+01
  0.25837071E+01  0.84067540E+01
  0.25948307E+01  0.84369233E+01
  0.26059544E+01  0.84636319E+01
  0.26170781E+01  0.84868468E+01
  0.26282017E+01  0.85065391E+01
  0.26393254E+01  0.85226844E+01
  0.26504491E+01  0.85352627E+01
  0.26615728E+01  0.85442584E+01
  0.26726964E+01  0.85496603E+01
  0.26838201E+01  0.85514616E+01
  0.26948861E+01  0.85495403E+01
  0.27059520E+01  0.85437785E+01
  0.27170180E+01  0.85341823E+01
  0.27280839E+01  0.85207622E+01
  0.27391499E+01  0.85035328E+01
  0.27502159E+01  0.84825125E+01
  0.27612818E+01  0.84577243E+01
  0.27723478E+01  0.84291949E+01
  0.27834137E+01  0.83969551E+01
  0.27944797E+01  0.83610397E+01
  0.28055457E+01  0.83214875E+01
  0.28166116E+01  0.82783413E+01
  0.28276776E+01  0.82316473E+01
  0.28387435E+01  0.81814561E+01
  0.28498095E+01  0.81278215E+01
  0.28608755E+01  0.80708011E+01
  0.28719414E+01  0.80104563E+01
  0.28830074E+01  0.79468518E+01
  0.28940733E+01  0.78800556E+01
  0.29051393E+01  0.78101393E+01
  0.29162053E+01  0.77371776E+01
  0.29272712E+01  0.76612484E+01
  0.29383372E+01  0.75824326E+01
  0.29494031E+01  0.75008142E+01
  0.29604691E+01  0.74164799E+01
  0.29715351E+01  0.73295193E+01
  0.29826010E+01  0.72400247E+01
  0.29936670E+01  0.71480908E+01
  0.30047329E+01  0.70538149E+01
  0.30157989E+01  0.69572967E+01
  0.30268649E+01  0.68586380E+01
  0.30379308E+01  0.67579428E+01
  0.30489968E+01  0.66553172E+01
  0.30600627E+01  0.65508693E+01
  0.30711287E+01  0.64447089E+01
  0.30821947E+01  0.63369478E+01
  0.30932606E+01  0.62276991E+01
  0.31043266E+01  0.61170777E+01
  0.31153925E+01  0.60052001E+01
  0.31264585E+01  0.58921840E+01
  0.31375245E+01  0.57781485E+01
  0.31485904E+01  0.56632140E+01
  0.31596564E+01  0.55475022E+01
  0.31707223E+01  0.54311358E+01
  0.31817883E+01  0.53142388E+01
  0.31928543E+01  0.51969362E+01
  0.32039202E+01  0.50793542E+01
  0.32149862E+01  0.49616200E+01
  0.32260521E+01  0.48438621E+01
  0.32371181E+01  0.47262099E+01
  0.32481841E+01  0.46087941E+01
  0.32592500E+01  0.44917468E+01
  0.32703160E+01  0.43752013E+01
  0.32813819E+01  0.42592924E+01
  0.32924479E+01  0.41441566E+01
  0.33035139E+01  0.40299319E+01
  0.33145798E+01  0.39167586E+01
  0.33256458E+01  0.38047787E+01
  0.33367117E+01  0.36941368E+01
  0.33477777E+01  0.35849801E+01
  0.33588437E+01  0.34774586E+01
  0.33699096E+01  0.33717254E+01
  0.33809756E+01  0.32679369E+01
  0.33920415E+01  0.31662535E+01
  0.34031075E+01  0.30668393E+01
  0.34141735E+01  0.29698627E+01
  0.34252394E+01  0.28754968E+01
  0.34363054E+01  0.27839190E+01
  0.34473713E+01  0.26953118E+01
  0.34584373E+01  0.26098622E+01
  0.34695033E+01  0.25277619E+01
  0.34805692E+01  0.24492071E+01
  0.34916352E+01  0.23743975E+01
  0.35027011E+01  0.23035360E+01
  0.35137671E+01  0.22368275E+01
  0.35248331E+01  0.21744776E+01
  0.35358990E+01  0.21166907E+01
  0.35469650E+01  0.20636680E+01
  0.35580309E+01  0.20156053E+01
  0.35690969E+01  0.19726898E+01
  0.35801629E+01  0.19350975E+01
  0.35912288E+01  0.19029898E+01
  0.36022948E+01  0.18765103E+01
  0.36133607E+01  0.18557815E+01
  0.36244267E+01  0.18409024E+01
  0.36354927E+01  0.18319454E+01
  0.36465586E+01  0.18289548E+01
  0.36576301E+01  0.18291245E+01
  0.36687015E+01  0.18296339E+01
  0.36797730E+01  0.18304832E+01
  0.36908444E+01  0.18316729E+01
  0.37019158E+01  0.18332037E+01
  0.37129873E+01  0.18350763E+01
  0.37240587E+01  0.18372914E+01
  0.37351302E+01  0.18398498E+01
  0.37462016E+01  0.18427519E+01
  0.37572731E+01  0.18459982E+01
  0.37683445E+01  0.18495884E+01
  0.37794160E+01  0.18535221E+01
  0.37904874E+01  0.18577978E+01
  0.38015589E+01  0.18624135E+01
  0.38126303E+01  0.18673662E+01
  0.38237018E+01  0.18726515E+01
  0.38347732E+01  0.18782640E+01
  0.38458447E+01  0.18841965E+01
  0.38569161E+01  0.18904401E+01
  0.38679875E+01  0.18969841E+01
  0.38790590E+01  0.19038157E+01
  0.38901304E+01  0.19109197E+01
  0.39012019E+01  0.19182786E+01
  0.39122733E+01  0.19258720E+01
  0.39233448E+01  0.19336770E+01
  0.39344162E+01  0.19416675E+01
  0.39454877E+01  0.19498146E+01
  0.39565591E+01  0.19580862E+01
  0.39676306E+01  0.19664469E+01
  0.39787020E+01  0.19748582E+01
  0.39897735E+01  0.19832787E+01
  0.40008449E+01  0.19916636E+01
  0.40119163E+01  0.19999656E+01
  0.40229878E+01  0.20081343E+01
  0.40340592E+01  0.20161176E+01
  0.40451307E+01  0.20238609E+01
  0.40562021E+01  0.20313086E+01
  0.40672736E+01  0.20384042E+01
  0.40783450E+01  0.20450909E+01
  0.40894165E+01  0.20513128E+01
  0.41004879E+01  0.20570155E+01
  0.41115594E+01  0.20621472E+01
  0.41226308E+01  0.20666596E+01
  0.41337023E+01  0.20705094E+01
  0.41447737E+01  0.20736590E+01
  0.41558452E+01  0.20760781E+01
  0.41669166E+01  0.20777443E+01
  0.41779880E+01  0.20786447E+01
  0.41890595E+01  0.20787765E+01
  0.42001309E+01  0.20781478E+01
  0.42112024E+01  0.20767784E+01
  0.42222738E+01  0.20746998E+01
  0.42333453E+01  0.20719554E+01
  0.42444167E+01  0.20686001E+01
  0.42554882E+01  0.20647000E+01
  0.42665596E+01  0.20603314E+01
  0.42776311E+01  0.20555794E+01
  0.42887025E+01  0.20505368E+01
  0.42997740E+01  0.20453024E+01
  0.43108454E+01  0.20399787E+01
  0.43219169E+01  0.20346707E+01
  0.43329883E+01  0.20294829E+01
  0.43440597E+01  0.20245180E+01
  0.43551312E+01  0.20198744E+01
  0.43662026E+01  0.20156442E+01
  0.43772741E+01  0.20119114E+01
  0.43883455E+01  0.20087505E+01
  0.43994170E+01  0.20062241E+01
  0.44104884E+01  0.20043827E+01
  0.44215599E+01  0.20032630E+01
  0.44326313E+01  0.20028873E+01
  0.44437481E+01  0.20024959E+01
  0.44548648E+01  0.20013239E+01
  0.44659816E+01  0.19993773E+01
  0.44770983E+01  0.19966663E+01
  0.44882151E+01  0.19932049E+01
  0.44993318E+01  0.19890111E+01
  0.45104485E+01  0.19841063E+01
  0.45215653E+01  0.19785154E+01
  0.45326820E+01  0.19722666E+01
  0.45437988E+01  0.19653911E+01
  0.45549155E+01  0.19579228E+01
  0.45660323E+01  0.19498979E+01
  0.45771490E+01  0.19413552E+01
  0.45882658E+01  0.19323350E+01
  0.45993825E+01  0.19228795E+01
  0.46104993E+01  0.19130321E+01
  0.46216160E+01  0.19028374E+01
  0.46327328E+01  0.18923407E+01
  0.46438495E+01  0.18815881E+01
  0.46549663E+01  0.18706257E+01
  0.46660830E+01  0.18595000E+01
  0.46771997E+01  0.18482572E+01
  0.46883165E+01  0.18369433E+01
  0.46994332E+01  0.18256037E+01
  0.47105500E+01  0.18142832E+01
  0.47216667E+01  0.18030257E+01
  0.47327835E+01  0.17918743E+01
  0.47439002E+01  0.17808709E+01
  0.47550170E+01  0.17700562E+01
  0.47661337E+01  0.17594695E+01
  0.47772505E+01  0.17491488E+01
  0.47883672E+01  0.17391307E+01
  0.47994840E+01  0.17294501E+01
  0.48106007E+01  0.17201402E+01
  0.48217175E+01  0.17112328E+01
  0.48328342E+01  0.17027576E+01
  0.48439510E+01  0.16947430E+01
  0.48550677E+01  0.16872151E+01
  0.48661844E+01  0.16801984E+01
  0.48773012E+01  0.16737156E+01
  0.48884179E+01  0.16677873E+01
  0.48995347E+01  0.16624324E+01
  0.49106514E+01  0.16576676E+01
  0.49217682E+01  0.16535079E+01
  0.49328849E+01  0.16499662E+01
  0.49440017E+01  0.16470535E+01
  0.49551184E+01  0.16447787E+01
  0.49662352E+01  0.16431489E+01
  0.49773519E+01  0.16421690E+01
  0.49884687E+01  0.16418420E+01
  
  0.00000000E+00  0.85514616E+01
  0.11116747E-01  0.85508031E+01
  0.22233494E-01  0.85488281E+01
  0.33350240E-01  0.85455386E+01
  0.44466987E-01  0.85409376E+01
  0.55583734E-01  0.85350296E+01
  0.66700481E-01  0.85278202E+01
  0.77817228E-01  0.85193163E+01
  0.88933975E-01  0.85095260E+01
  0.10005072E+00  0.84984586E+01
  0.11116747E+00  0.84861247E+01
  0.12228422E+00  0.84725360E+01
  0.13340096E+00  0.84577056E+01
  0.14451771E+00  0.84416476E+01
  0.15563446E+00  0.84243774E+01
  0.16675120E+00  0.84059114E+01
  0.17786795E+00  0.83862674E+01
  0.18898470E+00  0.83654641E+01
  0.20010144E+00  0.83435216E+01
  0.21121819E+00  0.83204606E+01
  0.22233494E+00  0.82963035E+01
  0.23345168E+00  0.82710734E+01
  0.24456843E+00  0.82447945E+01
  0.25568518E+00  0.82174920E+01
  0.26680192E+00  0.81891923E+01
  0.27791867E+00  0.81599224E+01
  0.28903542E+00  0.81297107E+01
  0.30015216E+00  0.80985862E+01
  0.31126891E+00  0.80665789E+01
  0.32238566E+00  0.80337197E+01
  0.33350240E+00  0.80000403E+01
  0.34461915E+00  0.79655734E+01
  0.35573590E+00  0.79303523E+01
  0.36685265E+00  0.78944110E+01
  0.37796939E+00  0.78577845E+01
  0.38908614E+00  0.78205082E+01
  0.40020289E+00  0.77826184E+01
  0.41131963E+00  0.77441518E+01
  0.42243638E+00  0.77051460E+01
  0.43355313E+00  0.76656390E+01
  0.44466987E+00  0.76256692E+01
  0.45578662E+00  0.75852756E+01
  0.46690337E+00  0.75444978E+01
  0.47802011E+00  0.75033755E+01
  0.48913686E+00  0.74619492E+01
  0.50025361E+00  0.74202593E+01
  0.51137035E+00  0.73783468E+01
  0.52248710E+00  0.73362529E+01
  0.53360385E+00  0.72940189E+01
  0.54472059E+00  0.72516864E+01
  0.55583734E+00  0.72092971E+01
  0.56695409E+00  0.71668928E+01
  0.57807084E+00  0.71245155E+01
  0.58918758E+00  0.70822069E+01
  0.60030433E+00  0.70400089E+01
  0.61142108E+00  0.69979634E+01
  0.62253782E+00  0.69561121E+01
  0.63365457E+00  0.69144964E+01
  0.64477132E+00  0.68731577E+01
  0.65588806E+00  0.68321372E+01
  0.66700481E+00  0.67914757E+01
  0.67812156E+00  0.67512137E+01
  0.68923830E+00  0.67113913E+01
  0.70035505E+00  0.66720484E+01
  0.71147180E+00  0.66332243E+01
  0.72258854E+00  0.65949578E+01
  0.73370529E+00  0.65572872E+01
  0.74482204E+00  0.65202503E+01
  0.75593878E+00  0.64838842E+01
  0.76705553E+00  0.64482256E+01
  0.77817228E+00  0.64133101E+01
  0.78928902E+00  0.63791729E+01
  0.80040577E+00  0.63458485E+01
  0.81152252E+00  0.63133703E+01
  0.82263927E+00  0.62817712E+01
  0.83375601E+00  0.62510829E+01
  0.84487276E+00  0.62213366E+01
  0.85598951E+00  0.61925622E+01
  0.86710625E+00  0.61647888E+01
  0.87822300E+00  0.61380446E+01
  0.88933975E+00  0.61123567E+01
  0.90045649E+00  0.60877511E+01
  0.91157324E+00  0.60642526E+01
  0.92268999E+00  0.60418852E+01
  0.93380673E+00  0.60206716E+01
  0.94492348E+00  0.60006333E+01
  0.95604023E+00  0.59817907E+01
  0.96715697E+00  0.59641628E+01
  0.97827372E+00  0.59477677E+01
  0.98939047E+00  0.59326220E+01
  0.10005072E+01  0.59187412E+01
  0.10116240E+01  0.59061393E+01
  0.10227407E+01  0.58948292E+01
  0.10338575E+01  0.58848224E+01
  0.10449742E+01  0.58761292E+01
  0.10560909E+01  0.58687583E+01
  0.10672077E+01  0.58627173E+01
  0.10783244E+01  0.58580123E+01
  0.10894412E+01  0.58546482E+01
  0.11005579E+01  0.58526284E+01
  0.11116747E+01  0.58519549E+01
  0.11229043E+01  0.58512227E+01
  0.11341339E+01  0.58490295E+01
  0.11453635E+01  0.58453861E+01
  0.11565931E+01  0.58403102E+01
  0.11678227E+01  0.58338266E+01
  0.11790523E+01  0.58259671E+01
  0.11902820E+01  0.58167707E+01
  0.12015116E+01  0.58062832E+01
  0.12127412E+01  0.57945572E+01
  0.12239708E+01  0.57816526E+01
  0.12352004E+01  0.57676356E+01
  0.12464300E+01  0.57525793E+01
  0.12576596E+01  0.57365632E+01
  0.12688892E+01  0.57196735E+01
  0.12801188E+01  0.57020022E+01
  0.12913484E+01  0.56836476E+01
  0.13025781E+01  0.56647136E+01
  0.13138077E+01  0.56453097E+01
  0.13250373E+01  0.56255505E+01
  0.13362669E+01  0.56055552E+01
  0.13474965E+01  0.55854474E+01
  0.13587261E+01  0.55653546E+01
  0.13699557E+01  0.55454072E+01
  0.13811853E+01  0.55257383E+01
  0.13924149E+01  0.55064829E+01
  0.14036445E+01  0.54877770E+01
  0.14148742E+01  0.54697567E+01
  0.14261038E+01  0.54525574E+01
  0.14373334E+01  0.54363127E+01
  0.14485630E+01  0.54211535E+01
  0.14597926E+01  0.54072068E+01
  0.14710222E+01  0.53945948E+01
  0.14822518E+01  0.53834336E+01
  0.14934814E+01  0.53738323E+01
  0.15047110E+01  0.53658919E+01
  0.15047110E+01  0.53658919E+01
  0.15158347E+01  0.53597545E+01
  0.15269584E+01  0.53554172E+01
  0.15380820E+01  0.53529499E+01
  0.15492057E+01  0.53524121E+01
  0.15603294E+01  0.53538521E+01
  0.15714531E+01  0.53573069E+01
  0.15825767E+01  0.53628024E+01
  0.15937004E+01  0.53703533E+01
  0.16048241E+01  0.53799633E+01
  0.16159477E+01  0.53916257E+01
  0.16270714E+01  0.54053239E+01
  0.16381951E+01  0.54210319E+01
  0.16493188E+01  0.54387152E+01
  0.16604424E+01  0.54583316E+01
  0.16715661E+01  0.54798321E+01
  0.16826898E+01  0.55031615E+01
  0.16938134E+01  0.55282596E+01
  0.17049371E+01  0.55550618E+01
  0.17160608E+01  0.55835003E+01
  0.17271844E+01  0.56135042E+01
  0.17383081E+01  0.56450010E+01
  0.17494318E+01  0.56779167E+01
  0.17605555E+01  0.57121767E+01
  0.17716791E+01  0.57477061E+01
  0.17828028E+01  0.57844304E+01
  0.17939265E+01  0.58222758E+01
  0.18050501E+01  0.58611694E+01
  0.18161738E+01  0.59010399E+01
  0.18272975E+01  0.59418172E+01
  0.18384211E+01  0.59834334E+01
  0.18495448E+01  0.60258221E+01
  0.18606685E+01  0.60689192E+01
  0.18717922E+01  0.61126624E+01
  0.18829158E+01  0.61569918E+01
  0.18940395E+01  0.62018496E+01
  0.19051632E+01  0.62471800E+01
  0.19162868E+01  0.62929295E+01
  0.19274105E+01  0.63390466E+01
  0.19385342E+01  0.63854818E+01
  0.19496579E+01  0.64321877E+01
  0.19607815E+01  0.64791187E+01
  0.19719052E+01  0.65262311E+01
  0.19830289E+01  0.65734829E+01
  0.19941525E+01  0.66208338E+01
  0.20052762E+01  0.66682450E+01
  0.20163999E+01  0.67156792E+01
  0.20275235E+01  0.67631005E+01
  0.20386472E+01  0.68104743E+01
  0.20497709E+01  0.68577670E+01
  0.20608946E+01  0.69049463E+01
  0.20720182E+01  0.69519808E+01
  0.20831419E+01  0.69988401E+01
  0.20942656E+01  0.70454944E+01
  0.21053892E+01  0.70919149E+01
  0.21165129E+01  0.71380732E+01
  0.21276366E+01  0.71839415E+01
  0.21387602E+01  0.72294928E+01
  0.21498839E+01  0.72747000E+01
  0.21610076E+01  0.73195368E+01
  0.21721313E+01  0.73639769E+01
  0.21832549E+01  0.74079945E+01
  0.21943786E+01  0.74515637E+01
  0.22055023E+01  0.74946589E+01
  0.22166259E+01  0.75372546E+01
  0.22277496E+01  0.75793253E+01
  0.22388733E+01  0.76208456E+01
  0.22499970E+01  0.76617901E+01
  0.22611206E+01  0.77021332E+01
  0.22722443E+01  0.77418495E+01
  0.22833680E+01  0.77809135E+01
  0.22944916E+01  0.78192997E+01
  0.23056153E+01  0.78569826E+01
  0.23167390E+01  0.78939364E+01
  0.23278626E+01  0.79301358E+01
  0.23389863E+01  0.79655550E+01
  0.23501100E+01  0.80001686E+01
  0.23612337E+01  0.80339512E+01
  0.23723573E+01  0.80668774E+01
  0.23834810E+01  0.80989220E+01
  0.23946047E+01  0.81300600E+01
  0.24057283E+01  0.81602667E+01
  0.24168520E+01  0.81895175E+01
  0.24279757E+01  0.82177884E+01
  0.24390993E+01  0.82450555E+01
  0.24502230E+01  0.82712955E+01
  0.24613467E+01  0.82964855E+01
  0.24724704E+01  0.83206034E+01
  0.24835940E+01  0.83436273E+01
  0.24947177E+01  0.83655365E+01
  0.25058414E+01  0.83863105E+01
  0.25169650E+01  0.84059299E+01
  0.25280887E+01  0.84243760E+01
  0.25392124E+01  0.84416313E+01
  0.25503361E+01  0.84576788E+01
  0.25614597E+01  0.84725029E+01
  0.25725834E+01  0.84860889E+01
  0.25837071E+01  0.84984231E+01
  0.25948307E+01  0.85094932E+01
  0.26059544E+01  0.85192878E+01
  0.26170781E+01  0.85277971E+01
  0.26282017E+01  0.85350123E+01
  0.26393254E+01  0.85409258E+01
  0.26504491E+01  0.85455316E+01
  0.26615728E+01  0.85488249E+01
  0.26726964E+01  0.85508023E+01
  0.26838201E+01  0.85514616E+01
  0.26948861E+01  0.85510862E+01
  0.27059520E+01  0.85499605E+01
  0.27170180E+01  0.85480860E+01
  0.27280839E+01  0.85454650E+01
  0.27391499E+01  0.85421011E+01
  0.27502159E+01  0.85379985E+01
  0.27612818E+01  0.85331627E+01
  0.27723478E+01  0.85276000E+01
  0.27834137E+01  0.85213176E+01
  0.27944797E+01  0.85143237E+01
  0.28055457E+01  0.85066274E+01
  0.28166116E+01  0.84982387E+01
  0.28276776E+01  0.84891687E+01
  0.28387435E+01  0.84794290E+01
  0.28498095E+01  0.84690325E+01
  0.28608755E+01  0.84579926E+01
  0.28719414E+01  0.84463238E+01
  0.28830074E+01  0.84340413E+01
  0.28940733E+01  0.84211611E+01
  0.29051393E+01  0.84077000E+01
  0.29162053E+01  0.83936755E+01
  0.29272712E+01  0.83791059E+01
  0.29383372E+01  0.83640102E+01
  0.29494031E+01  0.83484082E+01
  0.29604691E+01  0.83323200E+01
  0.29715351E+01  0.83157668E+01
  0.29826010E+01  0.82987701E+01
  0.29936670E+01  0.82813521E+01
  0.30047329E+01  0.82635354E+01
  0.30157989E+01  0.82453433E+01
  0.30268649E+01  0.82267996E+01
  0.30379308E+01  0.82079283E+01
  0.30489968E+01  0.81887541E+01
  0.30600627E+01  0.81693021E+01
  0.30711287E+01  0.81495975E+01
  0.30821947E+01  0.81296660E+01
  0.30932606E+01  0.81095337E+01
  0.31043266E+01  0.80892268E+01
  0.31153925E+01  0.80687717E+01
  0.31264585E+01  0.80481952E+01
  0.31375245E+01  0.80275240E+01
  0.31485904E+01  0.80067852E+01
  0.31596564E+01  0.79860057E+01
  0.31707223E+01  0.79652126E+01
  0.31817883E+01  0.79444331E+01
  0.31928543E+01  0.79236943E+01
  0.32039202E+01  0.79030231E+01
  0.32149862E+01  0.78824466E+01
  0.32260521E+01  0.78619915E+01
  0.32371181E+01  0.78416846E+01
  0.32481841E+01  0.78215523E+01
  0.32592500E+01  0.78016209E+01
  0.32703160E+01  0.77819163E+01
  0.32813819E+01  0.77624642E+01
  0.32924479E+01  0.77432900E+01
  0.33035139E+01  0.77244188E+01
  0.33145798E+01  0.77058750E+01
  0.33256458E+01  0.76876829E+01
  0.33367117E+01  0.76698663E+01
  0.33477777E+01  0.76524482E+01
  0.33588437E+01  0.76354515E+01
  0.33699096E+01  0.76188983E+01
  0.33809756E+01  0.76028102E+01
  0.33920415E+01  0.75872081E+01
  0.34031075E+01  0.75721125E+01
  0.34141735E+01  0.75575429E+01
  0.34252394E+01  0.75435184E+01
  0.34363054E+01  0.75300572E+01
  0.34473713E+01  0.75171770E+01
  0.34584373E+01  0.75048945E+01
  0.34695033E+01  0.74932257E+01
  0.34805692E+01  0.74821859E+01
  0.34916352E+01  0.74717893E+01
  0.35027011E+01  0.74620497E+01
  0.35137671E+01  0.74529796E+01
  0.35248331E+01  0.74445910E+01
  0.35358990E+01  0.74368947E+01
  0.35469650E+01  0.74299008E+01
  0.35580309E+01  0.74236184E+01
  0.35690969E+01  0.74180556E+01
  0.35801629E+01  0.74132198E+01
  0.35912288E+01  0.74091173E+01
  0.36022948E+01  0.74057534E+01
  0.36133607E+01  0.74031324E+01
  0.36244267E+01  0.74012578E+01
  0.36354927E+01  0.74001321E+01
  0.36465586E+01  0.73997567E+01
  0.36576301E+01  0.73985113E+01
  0.36687015E+01  0.73947778E+01
  0.36797730E+01  0.73885640E+01
  0.36908444E+01  0.73798835E+01
  0.37019158E+01  0.73687547E+01
  0.37129873E+01  0.73552017E+01
  0.37240587E+01  0.73392537E+01
  0.37351302E+01  0.73209453E+01
  0.37462016E+01  0.73003163E+01
  0.37572731E+01  0.72774119E+01
  0.37683445E+01  0.72522823E+01
  0.37794160E+01  0.72249832E+01
  0.37904874E+01  0.71955753E+01
  0.38015589E+01  0.71641248E+01
  0.38126303E+01  0.71307027E+01
  0.38237018E+01  0.70953853E+01
  0.38347732E+01  0.70582542E+01
  0.38458447E+01  0.70193957E+01
  0.38569161E+01  0.69789014E+01
  0.38679875E+01  0.69368679E+01
  0.38790590E+01  0.68933967E+01
  0.38901304E+01  0.68485942E+01
  0.39012019E+01  0.68025716E+01
  0.39122733E+01  0.67554449E+01
  0.39233448E+01  0.67073348E+01
  0.39344162E+01  0.66583666E+01
  0.39454877E+01  0.66086699E+01
  0.39565591E+01  0.65583788E+01
  0.39676306E+01  0.65076312E+01
  0.39787020E+01  0.64565692E+01
  0.39897735E+01  0.64053383E+01
  0.40008449E+01  0.63540875E+01
  0.40119163E+01  0.63029686E+01
  0.40229878E+01  0.62521361E+01
  0.40340592E+01  0.62017463E+01
  0.40451307E+01  0.61519572E+01
  0.40562021E+01  0.61029273E+01
  0.40672736E+01  0.60548152E+01
  0.40783450E+01  0.60077788E+01
  0.40894165E+01  0.59619739E+01
  0.41004879E+01  0.59175534E+01
  0.41115594E+01  0.58746663E+01
  0.41226308E+01  0.58334561E+01
  0.41337023E+01  0.57940595E+01
  0.41447737E+01  0.57566052E+01
  0.41558452E+01  0.57212123E+01
  0.41669166E+01  0.56879889E+01
  0.41779880E+01  0.56570306E+01
  0.41890595E+01  0.56284191E+01
  0.42001309E+01  0.56022210E+01
  0.42112024E+01  0.55784866E+01
  0.42222738E+01  0.55572486E+01
  0.42333453E+01  0.55385213E+01
  0.42444167E+01  0.55222998E+01
  0.42554882E+01  0.55085590E+01
  0.42665596E+01  0.54972529E+01
  0.42776311E+01  0.54883137E+01
  0.42887025E+01  0.54816508E+01
  0.42997740E+01  0.54771494E+01
  0.43108454E+01  0.54746685E+01
  0.43219169E+01  0.54740383E+01
  0.43329883E+01  0.54750569E+01
  0.43440597E+01  0.54774861E+01
  0.43551312E+01  0.54810465E+01
  0.43662026E+01  0.54854138E+01
  0.43772741E+01  0.54902161E+01
  0.43883455E+01  0.54950390E+01
  0.43994170E+01  0.54994406E+01
  0.44104884E+01  0.55029839E+01
  0.44215599E+01  0.55052877E+01
  0.44326313E+01  0.55060873E+01
  0.44437481E+01  0.55064637E+01
  0.44548648E+01  0.55075909E+01
  0.44659816E+01  0.55094629E+01
  0.44770983E+01  0.55120699E+01
  0.44882151E+01  0.55153983E+01
  0.44993318E+01  0.55194306E+01
  0.45104485E+01  0.55241461E+01
  0.45215653E+01  0.55295206E+01
  0.45326820E+01  0.55355266E+01
  0.45437988E+01  0.55421342E+01
  0.45549155E+01  0.55493103E+01
  0.45660323E+01  0.55570199E+01
  0.45771490E+01  0.55652255E+01
  0.45882658E+01  0.55738881E+01
  0.45993825E+01  0.55829669E+01
  0.46104993E+01  0.55924200E+01
  0.46216160E+01  0.56022043E+01
  0.46327328E+01  0.56122762E+01
  0.46438495E+01  0.56225913E+01
  0.46549663E+01  0.56331051E+01
  0.46660830E+01  0.56437730E+01
  0.46771997E+01  0.56545505E+01
  0.46883165E+01  0.56653936E+01
  0.46994332E+01  0.56762586E+01
  0.47105500E+01  0.56871026E+01
  0.47216667E+01  0.56978835E+01
  0.47327835E+01  0.57085603E+01
  0.47439002E+01  0.57190928E+01
  0.47550170E+01  0.57294423E+01
  0.47661337E+01  0.57395712E+01
  0.47772505E+01  0.57494433E+01
  0.47883672E+01  0.57590239E+01
  0.47994840E+01  0.57682797E+01
  0.48106007E+01  0.57771792E+01
  0.48217175E+01  0.57856924E+01
  0.48328342E+01  0.57937908E+01
  0.48439510E+01  0.58014478E+01
  0.48550677E+01  0.58086386E+01
  0.48661844E+01  0.58153400E+01
  0.48773012E+01  0.58215306E+01
  0.48884179E+01  0.58271909E+01
  0.48995347E+01  0.58323032E+01
  0.49106514E+01  0.58368516E+01
  0.49217682E+01  0.58408219E+01
  0.49328849E+01  0.58442021E+01
  0.49440017E+01  0.58469818E+01
  0.49551184E+01  0.58491526E+01
  0.49662352E+01  0.58507079E+01
  0.49773519E+01  0.58516429E+01
  0.49884687E+01  0.58519549E+01
  
  0.00000000E+00  0.85514616E+01
  0.11116747E-01  0.85508031E+01
  0.22233494E-01  0.85488281E+01
  0.33350240E-01  0.85455386E+01
  0.44466987E-01  0.85409376E+01
  0.55583734E-01  0.85350297E+01
  0.66700481E-01  0.85278203E+01
  0.77817228E-01  0.85193163E+01
  0.88933975E-01  0.85095260E+01
  0.10005072E+00  0.84984586E+01
  0.11116747E+00  0.84861247E+01
  0.12228422E+00  0.84725360E+01
  0.13340096E+00  0.84577056E+01
  0.14451771E+00  0.84416476E+01
  0.15563446E+00  0.84243774E+01
  0.16675120E+00  0.84059115E+01
  0.17786795E+00  0.83862674E+01
  0.18898470E+00  0.83654642E+01
  0.20010144E+00  0.83435216E+01
  0.21121819E+00  0.83204607E+01
  0.22233494E+00  0.82963036E+01
  0.23345168E+00  0.82710735E+01
  0.24456843E+00  0.82447946E+01
  0.25568518E+00  0.82174921E+01
  0.26680192E+00  0.81891923E+01
  0.27791867E+00  0.81599225E+01
  0.28903542E+00  0.81297107E+01
  0.30015216E+00  0.80985862E+01
  0.31126891E+00  0.80665789E+01
  0.32238566E+00  0.80337197E+01
  0.33350240E+00  0.80000404E+01
  0.34461915E+00  0.79655735E+01
  0.35573590E+00  0.79303523E+01
  0.36685265E+00  0.78944111E+01
  0.37796939E+00  0.78577845E+01
  0.38908614E+00  0.78205082E+01
  0.40020289E+00  0.77826184E+01
  0.41131963E+00  0.77441519E+01
  0.42243638E+00  0.77051461E+01
  0.43355313E+00  0.76656390E+01
  0.44466987E+00  0.76256692E+01
  0.45578662E+00  0.75852756E+01
  0.46690337E+00  0.75444978E+01
  0.47802011E+00  0.75033756E+01
  0.48913686E+00  0.74619492E+01
  0.50025361E+00  0.74202594E+01
  0.51137035E+00  0.73783469E+01
  0.52248710E+00  0.73362529E+01
  0.53360385E+00  0.72940189E+01
  0.54472059E+00  0.72516864E+01
  0.55583734E+00  0.72092971E+01
  0.56695409E+00  0.71668929E+01
  0.57807084E+00  0.71245155E+01
  0.58918758E+00  0.70822069E+01
  0.60030433E+00  0.70400090E+01
  0.61142108E+00  0.69979635E+01
  0.62253782E+00  0.69561121E+01
  0.63365457E+00  0.69144964E+01
  0.64477132E+00  0.68731578E+01
  0.65588806E+00  0.68321373E+01
  0.66700481E+00  0.67914757E+01
  0.67812156E+00  0.67512137E+01
  0.68923830E+00  0.67113914E+01
  0.70035505E+00  0.66720485E+01
  0.71147180E+00  0.66332243E+01
  0.72258854E+00  0.65949578E+01
  0.73370529E+00  0.65572872E+01
  0.74482204E+00  0.65202503E+01
  0.75593878E+00  0.64838843E+01
  0.76705553E+00  0.64482256E+01
  0.77817228E+00  0.64133101E+01
  0.78928902E+00  0.63791730E+01
  0.80040577E+00  0.63458485E+01
  0.81152252E+00  0.63133703E+01
  0.82263927E+00  0.62817712E+01
  0.83375601E+00  0.62510829E+01
  0.84487276E+00  0.62213366E+01
  0.85598951E+00  0.61925622E+01
  0.86710625E+00  0.61647888E+01
  0.87822300E+00  0.61380447E+01
  0.88933975E+00  0.61123567E+01
  0.90045649E+00  0.60877511E+01
  0.91157324E+00  0.60642526E+01
  0.92268999E+00  0.60418853E+01
  0.93380673E+00  0.60206716E+01
  0.94492348E+00  0.60006333E+01
  0.95604023E+00  0.59817907E+01
  0.96715697E+00  0.59641628E+01
  0.97827372E+00  0.59477677E+01
  0.98939047E+00  0.59326220E+01
  0.10005072E+01  0.59187412E+01
  0.10116240E+01  0.59061393E+01
  0.10227407E+01  0.58948292E+01
  0.10338575E+01  0.58848224E+01
  0.10449742E+01  0.58761292E+01
  0.10560909E+01  0.58687583E+01
  0.10672077E+01  0.58627173E+01
  0.10783244E+01  0.58580124E+01
  0.10894412E+01  0.58546482E+01
  0.11005579E+01  0.58526284E+01
  0.11116747E+01  0.58519549E+01
  0.11229043E+01  0.58523906E+01
  0.11341339E+01  0.58536974E+01
  0.11453635E+01  0.58558741E+01
  0.11565931E+01  0.58589190E+01
  0.11678227E+01  0.58628295E+01
  0.11790523E+01  0.58676023E+01
  0.11902820E+01  0.58732335E+01
  0.12015116E+01  0.58797183E+01
  0.12127412E+01  0.58870514E+01
  0.12239708E+01  0.58952267E+01
  0.12352004E+01  0.59042374E+01
  0.12464300E+01  0.59140760E+01
  0.12576596E+01  0.59247344E+01
  0.12688892E+01  0.59362038E+01
  0.12801188E+01  0.59484747E+01
  0.12913484E+01  0.59615370E+01
  0.13025781E+01  0.59753801E+01
  0.13138077E+01  0.59899926E+01
  0.13250373E+01  0.60053625E+01
  0.13362669E+01  0.60214775E+01
  0.13474965E+01  0.60383243E+01
  0.13587261E+01  0.60558895E+01
  0.13699557E+01  0.60741587E+01
  0.13811853E+01  0.60931175E+01
  0.13924149E+01  0.61127506E+01
  0.14036445E+01  0.61330423E+01
  0.14148742E+01  0.61539766E+01
  0.14261038E+01  0.61755370E+01
  0.14373334E+01  0.61977065E+01
  0.14485630E+01  0.62204678E+01
  0.14597926E+01  0.62438030E+01
  0.14710222E+01  0.62676943E+01
  0.14822518E+01  0.62921231E+01
  0.14934814E+01  0.63170708E+01
  0.15047110E+01  0.63425183E+01
  0.15047110E+01  0.63425183E+01
  0.15158347E+01  0.63681996E+01
  0.15269584E+01  0.63943335E+01
  0.15380820E+01  0.64209008E+01
  0.15492057E+01  0.64478822E+01
  0.15603294E+01  0.64752581E+01
  0.15714531E+01  0.65030089E+01
  0.15825767E+01  0.65311147E+01
  0.15937004E+01  0.65595557E+01
  0.16048241E+01  0.65883119E+01
  0.16159477E+01  0.66173632E+01
  0.16270714E+01  0.66466896E+01
  0.16381951E+01  0.66762709E+01
  0.16493188E+01  0.67060872E+01
  0.16604424E+01  0.67361182E+01
  0.16715661E+01  0.67663441E+01
  0.16826898E+01  0.67967449E+01
  0.16938134E+01  0.68273006E+01
  0.17049371E+01  0.68579916E+01
  0.17160608E+01  0.68887982E+01
  0.17271844E+01  0.69197009E+01
  0.17383081E+01  0.69506804E+01
  0.17494318E+01  0.69817176E+01
  0.17605555E+01  0.70127934E+01
  0.17716791E+01  0.70438892E+01
  0.17828028E+01  0.70749865E+01
  0.17939265E+01  0.71060669E+01
  0.18050501E+01  0.71371124E+01
  0.18161738E+01  0.71681054E+01
  0.18272975E+01  0.71990283E+01
  0.18384211E+01  0.72298640E+01
  0.18495448E+01  0.72605957E+01
  0.18606685E+01  0.72912068E+01
  0.18717922E+01  0.73216812E+01
  0.18829158E+01  0.73520029E+01
  0.18940395E+01  0.73821566E+01
  0.19051632E+01  0.74121271E+01
  0.19162868E+01  0.74418996E+01
  0.19274105E+01  0.74714597E+01
  0.19385342E+01  0.75007935E+01
  0.19496579E+01  0.75298872E+01
  0.19607815E+01  0.75587278E+01
  0.19719052E+01  0.75873024E+01
  0.19830289E+01  0.76155985E+01
  0.19941525E+01  0.76436042E+01
  0.20052762E+01  0.76713078E+01
  0.20163999E+01  0.76986982E+01
  0.20275235E+01  0.77257645E+01
  0.20386472E+01  0.77524963E+01
  0.20497709E+01  0.77788838E+01
  0.20608946E+01  0.78049172E+01
  0.20720182E+01  0.78305875E+01
  0.20831419E+01  0.78558859E+01
  0.20942656E+01  0.78808040E+01
  0.21053892E+01  0.79053338E+01
  0.21165129E+01  0.79294677E+01
  0.21276366E+01  0.79531986E+01
  0.21387602E+01  0.79765197E+01
  0.21498839E+01  0.79994244E+01
  0.21610076E+01  0.80219066E+01
  0.21721313E+01  0.80439608E+01
  0.21832549E+01  0.80655814E+01
  0.21943786E+01  0.80867634E+01
  0.22055023E+01  0.81075022E+01
  0.22166259E+01  0.81277933E+01
  0.22277496E+01  0.81476327E+01
  0.22388733E+01  0.81670166E+01
  0.22499970E+01  0.81859415E+01
  0.22611206E+01  0.82044043E+01
  0.22722443E+01  0.82224021E+01
  0.22833680E+01  0.82399321E+01
  0.22944916E+01  0.82569921E+01
  0.23056153E+01  0.82735798E+01
  0.23167390E+01  0.82896934E+01
  0.23278626E+01  0.83053311E+01
  0.23389863E+01  0.83204914E+01
  0.23501100E+01  0.83351729E+01
  0.23612337E+01  0.83493747E+01
  0.23723573E+01  0.83630957E+01
  0.23834810E+01  0.83763352E+01
  0.23946047E+01  0.83890924E+01
  0.24057283E+01  0.84013669E+01
  0.24168520E+01  0.84131584E+01
  0.24279757E+01  0.84244665E+01
  0.24390993E+01  0.84352910E+01
  0.24502230E+01  0.84456320E+01
  0.24613467E+01  0.84554893E+01
  0.24724704E+01  0.84648632E+01
  0.24835940E+01  0.84737538E+01
  0.24947177E+01  0.84821612E+01
  0.25058414E+01  0.84900858E+01
  0.25169650E+01  0.84975277E+01
  0.25280887E+01  0.85044874E+01
  0.25392124E+01  0.85109651E+01
  0.25503361E+01  0.85169612E+01
  0.25614597E+01  0.85224760E+01
  0.25725834E+01  0.85275099E+01
  0.25837071E+01  0.85320633E+01
  0.25948307E+01  0.85361363E+01
  0.26059544E+01  0.85397294E+01
  0.26170781E+01  0.85428429E+01
  0.26282017E+01  0.85454768E+01
  0.26393254E+01  0.85476316E+01
  0.26504491E+01  0.85493074E+01
  0.26615728E+01  0.85505042E+01
  0.26726964E+01  0.85512223E+01
  0.26838201E+01  0.85514616E+01
  0.26948861E+01  0.85510862E+01
  0.27059520E+01  0.85499605E+01
  0.27170180E+01  0.85480860E+01
  0.27280839E+01  0.85454650E+01
  0.27391499E+01  0.85421011E+01
  0.27502159E+01  0.85379985E+01
  0.27612818E+01  0.85331627E+01
  0.27723478E+01  0.85276000E+01
  0.27834137E+01  0.85213176E+01
  0.27944797E+01  0.85143237E+01
  0.28055457E+01  0.85066274E+01
  0.28166116E+01  0.84982387E+01
  0.28276776E+01  0.84891687E+01
  0.28387435E+01  0.84794290E+01
  0.28498095E+01  0.84690325E+01
  0.28608755E+01  0.84579926E+01
  0.28719414E+01  0.84463239E+01
  0.28830074E+01  0.84340413E+01
  0.28940733E+01  0.84211611E+01
  0.29051393E+01  0.84077000E+01
  0.29162053E+01  0.83936755E+01
  0.29272712E+01  0.83791059E+01
  0.29383372E+01  0.83640102E+01
  0.29494031E+01  0.83484082E+01
  0.29604691E+01  0.83323201E+01
  0.29715351E+01  0.83157669E+01
  0.29826010E+01  0.82987701E+01
  0.29936670E+01  0.82813521E+01
  0.30047329E+01  0.82635354E+01
  0.30157989E+01  0.82453434E+01
  0.30268649E+01  0.82267996E+01
  0.30379308E+01  0.82079283E+01
  0.30489968E+01  0.81887542E+01
  0.30600627E+01  0.81693021E+01
  0.30711287E+01  0.81495975E+01
  0.30821947E+01  0.81296661E+01
  0.30932606E+01  0.81095337E+01
  0.31043266E+01  0.80892268E+01
  0.31153925E+01  0.80687718E+01
  0.31264585E+01  0.80481952E+01
  0.31375245E+01  0.80275241E+01
  0.31485904E+01  0.80067852E+01
  0.31596564E+01  0.79860057E+01
  0.31707223E+01  0.79652127E+01
  0.31817883E+01  0.79444332E+01
  0.31928543E+01  0.79236943E+01
  0.32039202E+01  0.79030232E+01
  0.32149862E+01  0.78824466E+01
  0.32260521E+01  0.78619916E+01
  0.32371181E+01  0.78416847E+01
  0.32481841E+01  0.78215524E+01
  0.32592500E+01  0.78016209E+01
  0.32703160E+01  0.77819163E+01
  0.32813819E+01  0.77624642E+01
  0.32924479E+01  0.77432901E+01
  0.33035139E+01  0.77244188E+01
  0.33145798E+01  0.77058750E+01
  0.33256458E+01  0.76876830E+01
  0.33367117E+01  0.76698663E+01
  0.33477777E+01  0.76524482E+01
  0.33588437E+01  0.76354515E+01
  0.33699096E+01  0.76188983E+01
  0.33809756E+01  0.76028102E+01
  0.33920415E+01  0.75872082E+01
  0.34031075E+01  0.75721125E+01
  0.34141735E+01  0.75575429E+01
  0.34252394E+01  0.75435184E+01
  0.34363054E+01  0.75300573E+01
  0.34473713E+01  0.75171770E+01
  0.34584373E+01  0.75048945E+01
  0.34695033E+01  0.74932257E+01
  0.34805692E+01  0.74821859E+01
  0.34916352E+01  0.74717894E+01
  0.35027011E+01  0.74620497E+01
  0.35137671E+01  0.74529797E+01
  0.35248331E+01  0.74445910E+01
  0.35358990E+01  0.74368947E+01
  0.35469650E+01  0.74299008E+01
  0.35580309E+01  0.74236184E+01
  0.35690969E+01  0.74180556E+01
  0.35801629E+01  0.74132198E+01
  0.35912288E+01  0.74091173E+01
  0.36022948E+01  0.74057534E+01
  0.36133607E+01  0.74031324E+01
  0.36244267E+01  0.74012578E+01
  0.36354927E+01  0.74001321E+01
  0.36465586E+01  0.73997567E+01
  0.36576301E+01  0.73992803E+01
  0.36687015E+01  0.73978513E+01
  0.36797730E+01  0.73954710E+01
  0.36908444E+01  0.73921410E+01
  0.37019158E+01  0.73878639E+01
  0.37129873E+01  0.73826430E+01
  0.37240587E+01  0.73764822E+01
  0.37351302E+01  0.73693862E+01
  0.37462016E+01  0.73613603E+01
  0.37572731E+01  0.73524106E+01
  0.37683445E+01  0.73425438E+01
  0.37794160E+01  0.73317673E+01
  0.37904874E+01  0.73200891E+01
  0.38015589E+01  0.73075179E+01
  0.38126303E+01  0.72940631E+01
  0.38237018E+01  0.72797348E+01
  0.38347732E+01  0.72645434E+01
  0.38458447E+01  0.72485002E+01
  0.38569161E+01  0.72316170E+01
  0.38679875E+01  0.72139064E+01
  0.38790590E+01  0.71953813E+01
  0.38901304E+01  0.71760553E+01
  0.39012019E+01  0.71559429E+01
  0.39122733E+01  0.71350587E+01
  0.39233448E+01  0.71134184E+01
  0.39344162E+01  0.70910379E+01
  0.39454877E+01  0.70679341E+01
  0.39565591E+01  0.70441242E+01
  0.39676306E+01  0.70196265E+01
  0.39787020E+01  0.69944596E+01
  0.39897735E+01  0.69686430E+01
  0.40008449E+01  0.69421970E+01
  0.40119163E+01  0.69151427E+01
  0.40229878E+01  0.68875018E+01
  0.40340592E+01  0.68592973E+01
  0.40451307E+01  0.68305529E+01
  0.40562021E+01  0.68012934E+01
  0.40672736E+01  0.67715448E+01
  0.40783450E+01  0.67413340E+01
  0.40894165E+01  0.67106896E+01
  0.41004879E+01  0.66796414E+01
  0.41115594E+01  0.66482208E+01
  0.41226308E+01  0.66164607E+01
  0.41337023E+01  0.65843961E+01
  0.41447737E+01  0.65520638E+01
  0.41558452E+01  0.65195032E+01
  0.41669166E+01  0.64867559E+01
  0.41779880E+01  0.64538662E+01
  0.41890595E+01  0.64208819E+01
  0.42001309E+01  0.63878539E+01
  0.42112024E+01  0.63548375E+01
  0.42222738E+01  0.63218922E+01
  0.42333453E+01  0.62890831E+01
  0.42444167E+01  0.62564810E+01
  0.42554882E+01  0.62241642E+01
  0.42665596E+01  0.61922192E+01
  0.42776311E+01  0.61607427E+01
  0.42887025E+01  0.61298435E+01
  0.42997740E+01  0.60996447E+01
  0.43108454E+01  0.60702875E+01
  0.43219169E+01  0.60419350E+01
  0.43329883E+01  0.60147767E+01
  0.43440597E+01  0.59890345E+01
  0.43551312E+01  0.59649686E+01
  0.43662026E+01  0.59428834E+01
  0.43772741E+01  0.59231303E+01
  0.43883455E+01  0.59061047E+01
  0.43994170E+01  0.58922314E+01
  0.44104884E+01  0.58819332E+01
  0.44215599E+01  0.58755808E+01
  0.44326313E+01  0.58734324E+01
  0.44437481E+01  0.58734113E+01
  0.44548648E+01  0.58733478E+01
  0.44659816E+01  0.58732424E+01
  0.44770983E+01  0.58730954E+01
  0.44882151E+01  0.58729074E+01
  0.44993318E+01  0.58726792E+01
  0.45104485E+01  0.58724115E+01
  0.45215653E+01  0.58721056E+01
  0.45326820E+01  0.58717625E+01
  0.45437988E+01  0.58713837E+01
  0.45549155E+01  0.58709706E+01
  0.45660323E+01  0.58705248E+01
  0.45771490E+01  0.58700482E+01
  0.45882658E+01  0.58695426E+01
  0.45993825E+01  0.58690099E+01
  0.46104993E+01  0.58684523E+01
  0.46216160E+01  0.58678720E+01
  0.46327328E+01  0.58672712E+01
  0.46438495E+01  0.58666523E+01
  0.46549663E+01  0.58660178E+01
  0.46660830E+01  0.58653702E+01
  0.46771997E+01  0.58647120E+01
  0.46883165E+01  0.58640458E+01
  0.46994332E+01  0.58633743E+01
  0.47105500E+01  0.58627000E+01
  0.47216667E+01  0.58620257E+01
  0.47327835E+01  0.58613540E+01
  0.47439002E+01  0.58606875E+01
  0.47550170E+01  0.58600290E+01
  0.47661337E+01  0.58593809E+01
  0.47772505E+01  0.58587459E+01
  0.47883672E+01  0.58581265E+01
  0.47994840E+01  0.58575251E+01
  0.48106007E+01  0.58569441E+01
  0.48217175E+01  0.58563857E+01
  0.48328342E+01  0.58558523E+01
  0.48439510E+01  0.58553458E+01
  0.48550677E+01  0.58548684E+01
  0.48661844E+01  0.58544219E+01
  0.48773012E+01  0.58540080E+01
  0.48884179E+01  0.58536284E+01
  0.48995347E+01  0.58532847E+01
  0.49106514E+01  0.58529781E+01
  0.49217682E+01  0.58527099E+01
  0.49328849E+01  0.58524811E+01
  0.49440017E+01  0.58522927E+01
  0.49551184E+01  0.58521453E+01
  0.49662352E+01  0.58520397E+01
  0.49773519E+01  0.58519761E+01
  0.49884687E+01  0.58519549E+01
  
