380	0.001368
385	0.002236
390	0.004243
395	0.007650
400	0.014310
405	0.023190
410	0.043510
415	0.077630
420	0.134380
425	0.214770
430	0.283900
435	0.328500
440	0.348280
445	0.348060
450	0.336200
455	0.318700
460	0.290800
465	0.251100
470	0.195360
475	0.142100
480	0.095640
485	0.057950
490	0.032010
495	0.014700
500	0.004900
505	0.002400
510	0.009300
515	0.029100
520	0.063270
525	0.109600
530	0.165500
535	0.225750
540	0.290400
545	0.359700
550	0.433450
555	0.512050
560	0.594500
565	0.678400
570	0.762100
575	0.842500
580	0.916300
585	0.978600
590	1.026300
595	1.056700
600	1.062200
605	1.045600
610	1.002600
615	0.938400
620	0.854450
625	0.751400
630	0.642400
635	0.541900
640	0.447900
645	0.360800
650	0.283500
655	0.218700
660	0.164900
665	0.121200
670	0.087400
675	0.063600
680	0.046770
685	0.032900
690	0.022700
695	0.015840
700	0.011359
705	0.008111
710	0.005790
715	0.004109
720	0.002899
725	0.002049
730	0.001440
735	0.001000
740	0.000690
745	0.000476
750	0.000332
755	0.000235
760	0.000166
765	0.000117
770	0.000083
775	0.000059
780	0.000042
