                                                                           
phonons of AlAs at 0.00,0.00,1.00                                          
  2    2  2 10.5000000  0.0000000  0.0000000  0.0000000  0.0000000  0.0000000
           1  'Al  '    24588.6885119930     
           2  'As  '    68279.6346671058     
    1    1      0.0000000      0.0000000      0.0000000
    2    2      0.2500000      0.2500000      0.2500000

     Dynamical  Matrix in cartesian axes

     q = (    0.000000000   0.000000000   1.000000000 ) 

  1  1
      0.186856419153E+00      0.000000000000E+00     -0.138777878078E-16
      0.000000000000E+00      0.000000000000E+00      0.000000000000E+00
      0.138777878078E-16      0.000000000000E+00      0.186856419153E+00
      0.000000000000E+00     -0.138777878078E-16      0.000000000000E+00
     -0.138777878078E-16      0.000000000000E+00      0.138777878078E-16
      0.000000000000E+00      0.338734363596E+00      0.000000000000E+00
  1  2
      0.000000000000E+00     -0.986076131526E-31     -0.168789788191E+00
     -0.272687085193E-15      0.277555756156E-16      0.000000000000E+00
     -0.168789788191E+00     -0.272687085193E-15      0.555111512313E-16
     -0.986076131526E-31     -0.277555756156E-16      0.000000000000E+00
      0.000000000000E+00      0.000000000000E+00     -0.277555756156E-16
      0.000000000000E+00      0.277555756156E-16     -0.986076131526E-31
  2  1
      0.277555756156E-16      0.246519032882E-31     -0.168789788191E+00
      0.272687085193E-15      0.277555756156E-16     -0.246519032882E-31
     -0.168789788191E+00      0.272687085193E-15      0.138777878078E-16
      0.246519032882E-31     -0.277555756156E-16      0.246519032882E-31
      0.277555756156E-16     -0.246519032882E-31     -0.416333634234E-16
      0.246519032882E-31      0.277555756156E-16      0.739557098645E-31
  2  2
      0.220272384786E+00      0.000000000000E+00      0.000000000000E+00
      0.000000000000E+00      0.000000000000E+00      0.000000000000E+00
      0.000000000000E+00      0.000000000000E+00      0.220272384786E+00
      0.000000000000E+00      0.000000000000E+00      0.000000000000E+00
      0.000000000000E+00      0.000000000000E+00      0.000000000000E+00
      0.000000000000E+00      0.272036233856E+00      0.000000000000E+00

     Dynamical  Matrix in cartesian axes

     q = (    0.000000000   1.000000000   0.000000000 ) 

  1  1
      0.186856419153E+00      0.000000000000E+00     -0.277555756156E-16
      0.000000000000E+00      0.277555756156E-16      0.000000000000E+00
     -0.277555756156E-16      0.000000000000E+00      0.338734363596E+00
      0.000000000000E+00     -0.277555756156E-16      0.000000000000E+00
      0.277555756156E-16      0.000000000000E+00     -0.277555756156E-16
      0.000000000000E+00      0.186856419153E+00      0.000000000000E+00
  1  2
      0.208166817117E-16     -0.840499149539E-31      0.277555756156E-16
      0.100942050894E-31     -0.168789788191E+00     -0.272687085193E-15
      0.693889390391E-17      0.100942050894E-31      0.138777878078E-16
     -0.840499149539E-31     -0.693889390391E-17     -0.223174655470E-32
     -0.168789788191E+00     -0.272687085193E-15     -0.138777878078E-16
      0.100942050894E-31      0.693889390391E-17     -0.963758665979E-31
  2  1
      0.693889390391E-17      0.148559211156E-31      0.208166817117E-16
     -0.148559211156E-31     -0.168789788191E+00      0.272687085193E-15
      0.208166817117E-16     -0.148559211156E-31      0.346944695195E-16
      0.113463534268E-30     -0.346944695195E-16      0.979598217258E-32
     -0.168789788191E+00      0.272687085193E-15     -0.346944695195E-16
      0.344478854607E-31      0.208166817117E-16     -0.979598217258E-32
  2  2
      0.220272384786E+00      0.000000000000E+00      0.000000000000E+00
      0.000000000000E+00      0.000000000000E+00      0.000000000000E+00
      0.000000000000E+00      0.000000000000E+00      0.272036233856E+00
      0.000000000000E+00      0.000000000000E+00      0.000000000000E+00
      0.000000000000E+00      0.000000000000E+00      0.000000000000E+00
      0.000000000000E+00      0.220272384786E+00      0.000000000000E+00

     Dynamical  Matrix in cartesian axes

     q = (    1.000000000   0.000000000   0.000000000 ) 

  1  1
      0.338734363596E+00      0.000000000000E+00      0.555111512313E-16
      0.000000000000E+00     -0.555111512313E-16      0.000000000000E+00
      0.555111512313E-16      0.000000000000E+00      0.186856419153E+00
      0.000000000000E+00      0.000000000000E+00      0.000000000000E+00
     -0.555111512313E-16      0.000000000000E+00      0.000000000000E+00
      0.000000000000E+00      0.186856419153E+00      0.000000000000E+00
  1  2
     -0.693889390391E-17     -0.108701818242E-30     -0.693889390391E-17
      0.224201567335E-31     -0.138777878078E-16      0.392096014869E-31
     -0.693889390391E-17      0.100942050894E-31     -0.693889390391E-17
     -0.470720600216E-31     -0.168789788191E+00     -0.272687085193E-15
      0.693889390391E-17     -0.100942050894E-31     -0.168789788191E+00
     -0.272687085193E-15      0.138777878078E-16     -0.593980116657E-31
  2  1
      0.693889390391E-17      0.125789485912E-30     -0.693889390391E-17
     -0.148559211156E-31      0.138777878078E-16     -0.979598217258E-32
      0.693889390391E-17     -0.252996947150E-32     -0.693889390391E-17
      0.148559211156E-31     -0.168789788191E+00      0.272687085193E-15
     -0.693889390391E-17      0.252996947150E-32     -0.168789788191E+00
      0.272687085193E-15     -0.138777878078E-16      0.395078244037E-31
  2  2
      0.272036233856E+00      0.000000000000E+00      0.000000000000E+00
      0.000000000000E+00      0.000000000000E+00      0.000000000000E+00
      0.000000000000E+00      0.000000000000E+00      0.220272384786E+00
      0.000000000000E+00      0.000000000000E+00      0.000000000000E+00
      0.000000000000E+00      0.000000000000E+00      0.000000000000E+00
      0.000000000000E+00      0.220272384786E+00      0.000000000000E+00

     Diagonalizing the dynamical matrix

     q = (    0.000000000   0.000000000   1.000000000 ) 

 **************************************************************************
     omega( 1) =       2.846973 [THz] =      94.965419 [cm-1]
 ( -0.439294  0.000000  0.555024  0.000000  0.000000  0.000000 ) 
 (  0.553881  0.000000 -0.438389  0.000000  0.000000  0.000000 ) 
     omega( 2) =       2.846973 [THz] =      94.965419 [cm-1]
 ( -0.555024  0.000000 -0.439294  0.000000  0.000000  0.000000 ) 
 ( -0.438389  0.000000 -0.553881  0.000000  0.000000  0.000000 ) 
     omega( 3) =       6.566606 [THz] =     219.039864 [cm-1]
 (  0.000000  0.000000  0.000000  0.000000  0.000000  0.000000 ) 
 (  0.000000  0.000000  0.000000  0.000000 -1.000000  0.000000 ) 
     omega( 4) =      10.443027 [THz] =     348.344197 [cm-1]
 (  0.831355  0.000000 -0.440036  0.000000  0.000000  0.000000 ) 
 (  0.158792  0.000000 -0.300004  0.000000  0.000000  0.000000 ) 
     omega( 5) =      10.443027 [THz] =     348.344197 [cm-1]
 (  0.440036  0.000000  0.831355  0.000000  0.000000  0.000000 ) 
 ( -0.300004  0.000000 -0.158792  0.000000  0.000000  0.000000 ) 
     omega( 6) =      12.210548 [THz] =     407.302733 [cm-1]
 (  0.000000  0.000000  0.000000  0.000000  1.000000  0.000000 ) 
 (  0.000000  0.000000  0.000000  0.000000  0.000000  0.000000 ) 
 **************************************************************************
