                                                                           
phonons of AlAs at -0.50,0.00,1.00                                         
  2    2  2 10.5000000  0.0000000  0.0000000  0.0000000  0.0000000  0.0000000
           1  'Al  '    24588.6885119930     
           2  'As  '    68279.6346671058     
    1    1      0.0000000      0.0000000      0.0000000
    2    2      0.2500000      0.2500000      0.2500000

     Dynamical  Matrix in cartesian axes

     q = (   -0.500000000   0.000000000   1.000000000 ) 

  1  1
      0.185839458027E+00     -0.813151629364E-19      0.000000000000E+00
      0.813151629364E-19      0.000000000000E+00     -0.813151629364E-19
      0.000000000000E+00      0.813151629364E-19      0.237305524389E+00
     -0.813151629364E-19      0.000000000000E+00     -0.201158275003E-01
      0.000000000000E+00     -0.813151629364E-19      0.000000000000E+00
      0.201158275003E-01      0.237305524389E+00     -0.813151629364E-19
  1  2
      0.693889390391E-17     -0.693889390391E-17     -0.842528192843E-01
     -0.842528192843E-01     -0.842528192843E-01      0.842528192843E-01
     -0.757634496054E-01     -0.757634496054E-01      0.693889390391E-17
      0.693889390391E-17      0.000000000000E+00     -0.693889390391E-17
     -0.757634496054E-01      0.757634496054E-01     -0.693889390391E-17
     -0.693889390391E-17     -0.138777878078E-16      0.693889390391E-17
  2  1
      0.693889390391E-17      0.693889390391E-17     -0.757634496054E-01
      0.757634496054E-01     -0.757634496054E-01     -0.757634496054E-01
     -0.842528192843E-01      0.842528192843E-01     -0.693889390391E-17
     -0.693889390391E-17     -0.138777878078E-16      0.693889390391E-17
     -0.842528192843E-01     -0.842528192843E-01      0.693889390391E-17
      0.693889390391E-17      0.693889390391E-17     -0.693889390391E-17
  2  2
      0.229068392365E+00     -0.514996031931E-18      0.138777878078E-16
      0.514996031931E-18     -0.138777878078E-16      0.352365706058E-18
      0.000000000000E+00     -0.121972744405E-17      0.248892628473E+00
      0.121972744405E-17     -0.416333634234E-16     -0.242283429437E-01
      0.000000000000E+00     -0.514996031931E-18     -0.416333634234E-16
      0.242283429437E-01      0.248892628473E+00      0.352365706058E-18

     Dynamical  Matrix in cartesian axes

     q = (    0.500000000   0.000000000   1.000000000 ) 

  1  1
      0.185839458027E+00     -0.813151629364E-19      0.000000000000E+00
      0.813151629364E-19      0.000000000000E+00     -0.813151629364E-19
      0.000000000000E+00      0.813151629364E-19      0.237305524389E+00
     -0.813151629364E-19      0.000000000000E+00      0.201158275003E-01
      0.000000000000E+00     -0.813151629364E-19      0.000000000000E+00
     -0.201158275003E-01      0.237305524389E+00     -0.813151629364E-19
  1  2
      0.138777878078E-16      0.693889390391E-17     -0.842528192843E-01
      0.842528192843E-01     -0.842528192843E-01     -0.842528192843E-01
     -0.757634496054E-01      0.757634496054E-01     -0.693889390391E-17
      0.693889390391E-17      0.693889390391E-17     -0.693889390391E-17
     -0.757634496054E-01     -0.757634496054E-01     -0.693889390391E-17
     -0.693889390391E-17     -0.693889390391E-17      0.693889390391E-17
  2  1
      0.000000000000E+00      0.693889390391E-17     -0.757634496054E-01
     -0.757634496054E-01     -0.757634496054E-01      0.757634496054E-01
     -0.842528192843E-01     -0.842528192843E-01      0.000000000000E+00
     -0.693889390391E-17     -0.693889390391E-17      0.693889390391E-17
     -0.842528192843E-01      0.842528192843E-01      0.138777878078E-16
      0.693889390391E-17     -0.138777878078E-16     -0.693889390391E-17
  2  2
      0.229068392365E+00      0.352365706058E-18      0.138777878078E-16
     -0.352365706058E-18     -0.138777878078E-16      0.352365706058E-18
      0.000000000000E+00     -0.352365706058E-18      0.248892628473E+00
      0.352365706058E-18     -0.416333634234E-16      0.242283429437E-01
      0.000000000000E+00      0.352365706058E-18     -0.416333634234E-16
     -0.242283429437E-01      0.248892628473E+00      0.352365706058E-18

     Dynamical  Matrix in cartesian axes

     q = (    0.000000000   1.000000000  -0.500000000 ) 

  1  1
      0.237305524389E+00     -0.542101086243E-19      0.000000000000E+00
     -0.201158275003E-01      0.000000000000E+00     -0.542101086243E-19
      0.000000000000E+00      0.201158275003E-01      0.237305524389E+00
     -0.542101086243E-19      0.000000000000E+00      0.542101086243E-19
      0.000000000000E+00     -0.542101086243E-19      0.000000000000E+00
      0.542101086243E-19      0.185839458027E+00     -0.542101086243E-19
  1  2
     -0.130104260698E-16      0.520417042793E-17     -0.147451495458E-16
      0.867361737988E-17     -0.757634496054E-01     -0.757634496054E-01
     -0.130104260698E-16      0.867361737988E-17     -0.147451495458E-16
      0.520417042793E-17     -0.757634496054E-01      0.757634496054E-01
     -0.842528192843E-01     -0.842528192843E-01     -0.842528192843E-01
      0.842528192843E-01     -0.173472347598E-17     -0.156125112838E-16
  2  1
      0.173472347598E-17     -0.558519683872E-32     -0.173472347598E-17
      0.138777878078E-16     -0.842528192843E-01      0.842528192843E-01
      0.173472347598E-17     -0.138777878078E-16     -0.173472347598E-17
     -0.558519683872E-32     -0.842528192843E-01     -0.842528192843E-01
     -0.757634496054E-01      0.757634496054E-01     -0.757634496054E-01
     -0.757634496054E-01     -0.121430643318E-16     -0.693889390391E-17
  2  2
      0.248892628473E+00      0.542101086243E-19      0.138777878078E-16
     -0.242283429437E-01      0.000000000000E+00      0.542101086243E-19
      0.138777878078E-16      0.242283429437E-01      0.248892628473E+00
      0.542101086243E-19      0.000000000000E+00     -0.542101086243E-19
      0.138777878078E-16      0.542101086243E-19      0.138777878078E-16
      0.168051336735E-17      0.229068392365E+00      0.542101086243E-19

     Dynamical  Matrix in cartesian axes

     q = (    0.000000000   1.000000000   0.500000000 ) 

  1  1
      0.237305524389E+00     -0.542101086243E-19      0.000000000000E+00
      0.201158275003E-01      0.000000000000E+00     -0.542101086243E-19
      0.000000000000E+00     -0.201158275003E-01      0.237305524389E+00
     -0.542101086243E-19      0.000000000000E+00      0.542101086243E-19
      0.000000000000E+00     -0.542101086243E-19      0.000000000000E+00
      0.542101086243E-19      0.185839458027E+00     -0.542101086243E-19
  1  2
      0.280305545069E-17      0.121430643318E-16     -0.280305545069E-17
      0.173472347598E-17     -0.757634496054E-01      0.757634496054E-01
      0.280305545069E-17      0.156125112838E-16     -0.280305545069E-17
     -0.173472347598E-17     -0.757634496054E-01     -0.757634496054E-01
     -0.842528192843E-01      0.842528192843E-01     -0.842528192843E-01
     -0.842528192843E-01     -0.176591730038E-17     -0.156125112838E-16
  2  1
     -0.532025245849E-17     -0.693889390391E-17     -0.855753534932E-17
     -0.539260384428E-32     -0.842528192843E-01     -0.842528192843E-01
     -0.532025245849E-17     -0.208166817117E-16     -0.855753534932E-17
     -0.138777878078E-16     -0.842528192843E-01      0.842528192843E-01
     -0.757634496054E-01     -0.757634496054E-01     -0.757634496054E-01
      0.757634496054E-01      0.202058191886E-17      0.693889390391E-17
  2  2
      0.248892628473E+00      0.921571846613E-18      0.138777878078E-16
      0.242283429437E-01      0.000000000000E+00     -0.813151629364E-18
      0.138777878078E-16     -0.242283429437E-01      0.248892628473E+00
     -0.813151629364E-18      0.000000000000E+00      0.813151629364E-18
     -0.138777878078E-16      0.921571846613E-18      0.138777878078E-16
     -0.921571846613E-18      0.229068392365E+00     -0.813151629364E-18

     Dynamical  Matrix in cartesian axes

     q = (    1.000000000  -0.500000000   0.000000000 ) 

  1  1
      0.237305524389E+00     -0.813151629364E-19      0.000000000000E+00
      0.813151629364E-19      0.000000000000E+00      0.201158275003E-01
      0.000000000000E+00      0.813151629364E-19      0.185839458027E+00
     -0.813151629364E-19      0.000000000000E+00      0.813151629364E-19
      0.000000000000E+00     -0.201158275003E-01      0.000000000000E+00
      0.813151629364E-19      0.237305524389E+00     -0.813151629364E-19
  1  2
     -0.693889390391E-17     -0.693889390391E-17     -0.757634496054E-01
      0.757634496054E-01     -0.693889390391E-17     -0.138777878078E-16
     -0.842528192843E-01      0.842528192843E-01     -0.693889390391E-17
      0.000000000000E+00     -0.842528192843E-01     -0.842528192843E-01
     -0.693889390391E-17     -0.693889390391E-17     -0.757634496054E-01
     -0.757634496054E-01     -0.693889390391E-17     -0.138777878078E-16
  2  1
     -0.138777878078E-16      0.693889390391E-17     -0.842528192843E-01
     -0.842528192843E-01     -0.138777878078E-16      0.277555756156E-16
     -0.757634496054E-01     -0.757634496054E-01      0.000000000000E+00
     -0.693889390391E-17     -0.757634496054E-01      0.757634496054E-01
     -0.138777878078E-16     -0.693889390391E-17     -0.842528192843E-01
      0.842528192843E-01     -0.138777878078E-16      0.000000000000E+00
  2  2
      0.248892628473E+00      0.352365706058E-18      0.277555756156E-16
     -0.352365706058E-18      0.000000000000E+00      0.242283429437E-01
      0.277555756156E-16     -0.352365706058E-18      0.229068392365E+00
      0.352365706058E-18     -0.138777878078E-16      0.138235776992E-17
      0.000000000000E+00     -0.242283429437E-01      0.277555756156E-16
     -0.352365706058E-18      0.248892628473E+00      0.352365706058E-18

     Dynamical  Matrix in cartesian axes

     q = (    1.000000000   0.500000000   0.000000000 ) 

  1  1
      0.237305524389E+00     -0.813151629364E-19      0.000000000000E+00
      0.813151629364E-19      0.000000000000E+00     -0.201158275003E-01
      0.000000000000E+00      0.813151629364E-19      0.185839458027E+00
     -0.813151629364E-19      0.000000000000E+00      0.813151629364E-19
      0.000000000000E+00      0.201158275003E-01      0.000000000000E+00
      0.813151629364E-19      0.237305524389E+00     -0.813151629364E-19
  1  2
      0.000000000000E+00      0.000000000000E+00     -0.757634496054E-01
     -0.757634496054E-01      0.000000000000E+00     -0.208166817117E-16
     -0.842528192843E-01     -0.842528192843E-01      0.000000000000E+00
      0.208166817117E-16     -0.842528192843E-01      0.842528192843E-01
      0.000000000000E+00      0.000000000000E+00     -0.757634496054E-01
      0.757634496054E-01      0.000000000000E+00     -0.208166817117E-16
  2  1
      0.693889390391E-17      0.000000000000E+00     -0.842528192843E-01
      0.842528192843E-01      0.693889390391E-17      0.138777878078E-16
     -0.757634496054E-01      0.757634496054E-01      0.000000000000E+00
      0.000000000000E+00     -0.757634496054E-01     -0.757634496054E-01
      0.693889390391E-17      0.000000000000E+00     -0.842528192843E-01
     -0.842528192843E-01      0.693889390391E-17      0.138777878078E-16
  2  2
      0.248892628473E+00      0.352365706058E-18      0.277555756156E-16
     -0.352365706058E-18      0.000000000000E+00     -0.242283429437E-01
      0.277555756156E-16     -0.352365706058E-18      0.229068392365E+00
      0.352365706058E-18     -0.138777878078E-16     -0.208708918203E-17
      0.000000000000E+00      0.242283429437E-01      0.277555756156E-16
     -0.352365706058E-18      0.248892628473E+00      0.352365706058E-18

     Diagonalizing the dynamical matrix

     q = (   -0.500000000   0.000000000   1.000000000 ) 

 **************************************************************************
     omega( 1) =       3.748458 [THz] =     125.035918 [cm-1]
 (  0.522089 -0.522089  0.000000  0.000000  0.000000  0.000000 ) 
 (  0.000000  0.000000  0.000000 -0.476889  0.476889  0.000000 ) 
     omega( 2) =       4.018333 [THz] =     134.038045 [cm-1]
 (  0.000000  0.000000 -0.042605  0.452633  0.452633  0.042605 ) 
 (  0.488443  0.589949  0.000000  0.000000  0.000000  0.000000 ) 
     omega( 3) =       5.967530 [THz] =     199.056702 [cm-1]
 (  0.000000  0.000000  0.000000  0.000000  0.000000  0.000000 ) 
 (  0.000000  0.000000  0.000000 -0.707107 -0.707107  0.000000 ) 
     omega( 4) =      10.537576 [THz] =     351.498033 [cm-1]
 (  0.657828 -0.657828  0.000000  0.000000  0.000000  0.000000 ) 
 (  0.000000  0.000000  0.000000  0.259349 -0.259349  0.000000 ) 
     omega( 5) =      10.644562 [THz] =     355.066729 [cm-1]
 (  0.000000  0.000000  0.194257 -0.679900  0.679900  0.194257 ) 
 (  0.000000  0.000000  0.000000  0.000000  0.000000  0.000000 ) 
     omega( 6) =      10.759221 [THz] =     358.891351 [cm-1]
 (  0.000000  0.000000 -0.344914  0.582380  0.582380  0.344914 ) 
 ( -0.071787 -0.280325  0.000000  0.000000  0.000000  0.000000 ) 
 **************************************************************************
