                                                                           
phonons of AlAs at -0.25,-.25,0.75                                         
  2    2  2 10.5000000  0.0000000  0.0000000  0.0000000  0.0000000  0.0000000
           1  'Al  '    24588.6885119930     
           2  'As  '    68279.6346671058     
    1    1      0.0000000      0.0000000      0.0000000
    2    2      0.2500000      0.2500000      0.2500000

     Dynamical  Matrix in cartesian axes

     q = (   -0.250000000  -0.250000000   0.750000000 ) 

  1  1
      0.201703975049E+00      0.000000000000E+00      0.836501792466E-02
      0.000000000000E+00     -0.102810966291E-01     -0.134756895796E-01
      0.836501792466E-02      0.000000000000E+00      0.201703975049E+00
      0.000000000000E+00     -0.102810966291E-01     -0.134756895796E-01
     -0.102810966291E-01      0.134756895796E-01     -0.102810966291E-01
      0.134756895796E-01      0.276094942349E+00      0.000000000000E+00
  1  2
     -0.502688033395E-01      0.495015558129E-01     -0.379299695021E-01
     -0.122779620433E+00     -0.345010799244E-01      0.472755593497E-01
     -0.379299695021E-01     -0.122779620433E+00     -0.502688033395E-01
      0.495015558129E-01     -0.345010799244E-01      0.472755593497E-01
     -0.388929355735E-01      0.377330060004E-01     -0.388929355735E-01
      0.377330060004E-01     -0.609419005046E-01      0.612943261654E-01
  2  1
     -0.502688033395E-01     -0.495015558129E-01     -0.379299695021E-01
      0.122779620433E+00     -0.388929355735E-01     -0.377330060004E-01
     -0.379299695021E-01      0.122779620433E+00     -0.502688033395E-01
     -0.495015558129E-01     -0.388929355735E-01     -0.377330060004E-01
     -0.345010799244E-01     -0.472755593497E-01     -0.345010799244E-01
     -0.472755593497E-01     -0.609419005046E-01     -0.612943261654E-01
  2  2
      0.226865749868E+00      0.000000000000E+00      0.155784780708E-01
      0.000000000000E+00     -0.954715863960E-02     -0.115297804399E-01
      0.155784780708E-01      0.000000000000E+00      0.226865749868E+00
      0.000000000000E+00     -0.954715863960E-02     -0.115297804399E-01
     -0.954715863960E-02      0.115297804399E-01     -0.954715863960E-02
      0.115297804399E-01      0.257061425539E+00      0.000000000000E+00

     Dynamical  Matrix in cartesian axes

     q = (    0.250000000   0.250000000  -0.750000000 ) 

  1  1
      0.201703975049E+00      0.000000000000E+00      0.836501792466E-02
      0.000000000000E+00     -0.102810966291E-01      0.134756895796E-01
      0.836501792466E-02      0.000000000000E+00      0.201703975049E+00
      0.000000000000E+00     -0.102810966291E-01      0.134756895796E-01
     -0.102810966291E-01     -0.134756895796E-01     -0.102810966291E-01
     -0.134756895796E-01      0.276094942349E+00      0.000000000000E+00
  1  2
     -0.502688033395E-01     -0.495015558129E-01     -0.379299695021E-01
      0.122779620433E+00     -0.345010799244E-01     -0.472755593497E-01
     -0.379299695021E-01      0.122779620433E+00     -0.502688033395E-01
     -0.495015558129E-01     -0.345010799244E-01     -0.472755593497E-01
     -0.388929355735E-01     -0.377330060004E-01     -0.388929355735E-01
     -0.377330060004E-01     -0.609419005046E-01     -0.612943261654E-01
  2  1
     -0.502688033395E-01      0.495015558129E-01     -0.379299695021E-01
     -0.122779620433E+00     -0.388929355735E-01      0.377330060004E-01
     -0.379299695021E-01     -0.122779620433E+00     -0.502688033395E-01
      0.495015558129E-01     -0.388929355735E-01      0.377330060004E-01
     -0.345010799244E-01      0.472755593497E-01     -0.345010799244E-01
      0.472755593497E-01     -0.609419005046E-01      0.612943261654E-01
  2  2
      0.226865749868E+00      0.000000000000E+00      0.155784780708E-01
      0.000000000000E+00     -0.954715863960E-02      0.115297804399E-01
      0.155784780708E-01      0.000000000000E+00      0.226865749868E+00
      0.000000000000E+00     -0.954715863960E-02      0.115297804399E-01
     -0.954715863960E-02     -0.115297804399E-01     -0.954715863960E-02
     -0.115297804399E-01      0.257061425539E+00      0.000000000000E+00

     Dynamical  Matrix in cartesian axes

     q = (    0.250000000   0.250000000   0.750000000 ) 

  1  1
      0.201703975049E+00      0.000000000000E+00      0.836501792466E-02
      0.000000000000E+00      0.102810966291E-01      0.134756895796E-01
      0.836501792466E-02      0.000000000000E+00      0.201703975049E+00
      0.000000000000E+00      0.102810966291E-01      0.134756895796E-01
      0.102810966291E-01     -0.134756895796E-01      0.102810966291E-01
     -0.134756895796E-01      0.276094942349E+00      0.000000000000E+00
  1  2
      0.495015558129E-01      0.502688033395E-01     -0.122779620433E+00
      0.379299695021E-01     -0.472755593497E-01     -0.345010799244E-01
     -0.122779620433E+00      0.379299695021E-01      0.495015558129E-01
      0.502688033395E-01     -0.472755593497E-01     -0.345010799244E-01
     -0.377330060004E-01     -0.388929355735E-01     -0.377330060004E-01
     -0.388929355735E-01      0.612943261654E-01      0.609419005046E-01
  2  1
      0.495015558129E-01     -0.502688033395E-01     -0.122779620433E+00
     -0.379299695021E-01     -0.377330060004E-01      0.388929355735E-01
     -0.122779620433E+00     -0.379299695021E-01      0.495015558129E-01
     -0.502688033395E-01     -0.377330060004E-01      0.388929355735E-01
     -0.472755593497E-01      0.345010799244E-01     -0.472755593497E-01
      0.345010799244E-01      0.612943261654E-01     -0.609419005046E-01
  2  2
      0.226865749868E+00      0.000000000000E+00      0.155784780708E-01
      0.000000000000E+00      0.954715863960E-02      0.115297804399E-01
      0.155784780708E-01      0.000000000000E+00      0.226865749868E+00
      0.000000000000E+00      0.954715863960E-02      0.115297804399E-01
      0.954715863960E-02     -0.115297804399E-01      0.954715863960E-02
     -0.115297804399E-01      0.257061425539E+00      0.000000000000E+00

     Dynamical  Matrix in cartesian axes

     q = (   -0.250000000  -0.250000000  -0.750000000 ) 

  1  1
      0.201703975049E+00      0.000000000000E+00      0.836501792466E-02
      0.000000000000E+00      0.102810966291E-01     -0.134756895796E-01
      0.836501792466E-02      0.000000000000E+00      0.201703975049E+00
      0.000000000000E+00      0.102810966291E-01     -0.134756895796E-01
      0.102810966291E-01      0.134756895796E-01      0.102810966291E-01
      0.134756895796E-01      0.276094942349E+00      0.000000000000E+00
  1  2
      0.495015558129E-01     -0.502688033395E-01     -0.122779620433E+00
     -0.379299695021E-01     -0.472755593497E-01      0.345010799244E-01
     -0.122779620433E+00     -0.379299695021E-01      0.495015558129E-01
     -0.502688033395E-01     -0.472755593497E-01      0.345010799244E-01
     -0.377330060004E-01      0.388929355735E-01     -0.377330060004E-01
      0.388929355735E-01      0.612943261654E-01     -0.609419005046E-01
  2  1
      0.495015558129E-01      0.502688033395E-01     -0.122779620433E+00
      0.379299695021E-01     -0.377330060004E-01     -0.388929355735E-01
     -0.122779620433E+00      0.379299695021E-01      0.495015558129E-01
      0.502688033395E-01     -0.377330060004E-01     -0.388929355735E-01
     -0.472755593497E-01     -0.345010799244E-01     -0.472755593497E-01
     -0.345010799244E-01      0.612943261654E-01      0.609419005046E-01
  2  2
      0.226865749868E+00      0.000000000000E+00      0.155784780708E-01
      0.000000000000E+00      0.954715863960E-02     -0.115297804399E-01
      0.155784780708E-01      0.000000000000E+00      0.226865749868E+00
      0.000000000000E+00      0.954715863960E-02     -0.115297804399E-01
      0.954715863960E-02      0.115297804399E-01      0.954715863960E-02
      0.115297804399E-01      0.257061425539E+00      0.000000000000E+00

     Dynamical  Matrix in cartesian axes

     q = (    0.250000000  -0.250000000  -0.750000000 ) 

  1  1
      0.201703975049E+00      0.000000000000E+00     -0.836501792466E-02
      0.000000000000E+00     -0.102810966291E-01     -0.134756895796E-01
     -0.836501792466E-02      0.000000000000E+00      0.201703975049E+00
      0.000000000000E+00      0.102810966291E-01      0.134756895796E-01
     -0.102810966291E-01      0.134756895796E-01      0.102810966291E-01
     -0.134756895796E-01      0.276094942349E+00      0.000000000000E+00
  1  2
     -0.495015558129E-01     -0.502688033395E-01     -0.122779620433E+00
      0.379299695021E-01     -0.472755593497E-01     -0.345010799244E-01
     -0.122779620433E+00      0.379299695021E-01     -0.495015558129E-01
     -0.502688033395E-01      0.472755593497E-01      0.345010799244E-01
     -0.377330060004E-01     -0.388929355735E-01      0.377330060004E-01
      0.388929355735E-01     -0.612943261654E-01     -0.609419005046E-01
  2  1
     -0.495015558129E-01      0.502688033395E-01     -0.122779620433E+00
     -0.379299695021E-01     -0.377330060004E-01      0.388929355735E-01
     -0.122779620433E+00     -0.379299695021E-01     -0.495015558129E-01
      0.502688033395E-01      0.377330060004E-01     -0.388929355735E-01
     -0.472755593497E-01      0.345010799244E-01      0.472755593497E-01
     -0.345010799244E-01     -0.612943261654E-01      0.609419005046E-01
  2  2
      0.226865749868E+00      0.000000000000E+00     -0.155784780708E-01
      0.000000000000E+00     -0.954715863960E-02     -0.115297804399E-01
     -0.155784780708E-01      0.000000000000E+00      0.226865749868E+00
      0.000000000000E+00      0.954715863960E-02      0.115297804399E-01
     -0.954715863960E-02      0.115297804399E-01      0.954715863960E-02
     -0.115297804399E-01      0.257061425539E+00      0.000000000000E+00

     Dynamical  Matrix in cartesian axes

     q = (   -0.250000000   0.250000000   0.750000000 ) 

  1  1
      0.201703975049E+00      0.000000000000E+00     -0.836501792466E-02
      0.000000000000E+00     -0.102810966291E-01      0.134756895796E-01
     -0.836501792466E-02      0.000000000000E+00      0.201703975049E+00
      0.000000000000E+00      0.102810966291E-01     -0.134756895796E-01
     -0.102810966291E-01     -0.134756895796E-01      0.102810966291E-01
      0.134756895796E-01      0.276094942349E+00      0.000000000000E+00
  1  2
     -0.495015558129E-01      0.502688033395E-01     -0.122779620433E+00
     -0.379299695021E-01     -0.472755593497E-01      0.345010799244E-01
     -0.122779620433E+00     -0.379299695021E-01     -0.495015558129E-01
      0.502688033395E-01      0.472755593497E-01     -0.345010799244E-01
     -0.377330060004E-01      0.388929355735E-01      0.377330060004E-01
     -0.388929355735E-01     -0.612943261654E-01      0.609419005046E-01
  2  1
     -0.495015558129E-01     -0.502688033395E-01     -0.122779620433E+00
      0.379299695021E-01     -0.377330060004E-01     -0.388929355735E-01
     -0.122779620433E+00      0.379299695021E-01     -0.495015558129E-01
     -0.502688033395E-01      0.377330060004E-01      0.388929355735E-01
     -0.472755593497E-01     -0.345010799244E-01      0.472755593497E-01
      0.345010799244E-01     -0.612943261654E-01     -0.609419005046E-01
  2  2
      0.226865749868E+00      0.000000000000E+00     -0.155784780708E-01
      0.000000000000E+00     -0.954715863960E-02      0.115297804399E-01
     -0.155784780708E-01      0.000000000000E+00      0.226865749868E+00
      0.000000000000E+00      0.954715863960E-02     -0.115297804399E-01
     -0.954715863960E-02     -0.115297804399E-01      0.954715863960E-02
      0.115297804399E-01      0.257061425539E+00      0.000000000000E+00

     Dynamical  Matrix in cartesian axes

     q = (   -0.250000000   0.250000000  -0.750000000 ) 

  1  1
      0.201703975049E+00      0.000000000000E+00     -0.836501792466E-02
      0.000000000000E+00      0.102810966291E-01      0.134756895796E-01
     -0.836501792466E-02      0.000000000000E+00      0.201703975049E+00
      0.000000000000E+00     -0.102810966291E-01     -0.134756895796E-01
      0.102810966291E-01     -0.134756895796E-01     -0.102810966291E-01
      0.134756895796E-01      0.276094942349E+00      0.000000000000E+00
  1  2
     -0.495015558129E-01     -0.502688033395E-01     -0.122779620433E+00
      0.379299695021E-01      0.472755593497E-01      0.345010799244E-01
     -0.122779620433E+00      0.379299695021E-01     -0.495015558129E-01
     -0.502688033395E-01     -0.472755593497E-01     -0.345010799244E-01
      0.377330060004E-01      0.388929355735E-01     -0.377330060004E-01
     -0.388929355735E-01     -0.612943261654E-01     -0.609419005046E-01
  2  1
     -0.495015558129E-01      0.502688033395E-01     -0.122779620433E+00
     -0.379299695021E-01      0.377330060004E-01     -0.388929355735E-01
     -0.122779620433E+00     -0.379299695021E-01     -0.495015558129E-01
      0.502688033395E-01     -0.377330060004E-01      0.388929355735E-01
      0.472755593497E-01     -0.345010799244E-01     -0.472755593497E-01
      0.345010799244E-01     -0.612943261654E-01      0.609419005046E-01
  2  2
      0.226865749868E+00      0.000000000000E+00     -0.155784780708E-01
      0.000000000000E+00      0.954715863960E-02      0.115297804399E-01
     -0.155784780708E-01      0.000000000000E+00      0.226865749868E+00
      0.000000000000E+00     -0.954715863960E-02     -0.115297804399E-01
      0.954715863960E-02     -0.115297804399E-01     -0.954715863960E-02
      0.115297804399E-01      0.257061425539E+00      0.000000000000E+00

     Dynamical  Matrix in cartesian axes

     q = (    0.250000000  -0.250000000   0.750000000 ) 

  1  1
      0.201703975049E+00      0.000000000000E+00     -0.836501792466E-02
      0.000000000000E+00      0.102810966291E-01     -0.134756895796E-01
     -0.836501792466E-02      0.000000000000E+00      0.201703975049E+00
      0.000000000000E+00     -0.102810966291E-01      0.134756895796E-01
      0.102810966291E-01      0.134756895796E-01     -0.102810966291E-01
     -0.134756895796E-01      0.276094942349E+00      0.000000000000E+00
  1  2
     -0.495015558129E-01      0.502688033395E-01     -0.122779620433E+00
     -0.379299695021E-01      0.472755593497E-01     -0.345010799244E-01
     -0.122779620433E+00     -0.379299695021E-01     -0.495015558129E-01
      0.502688033395E-01     -0.472755593497E-01      0.345010799244E-01
      0.377330060004E-01     -0.388929355735E-01     -0.377330060004E-01
      0.388929355735E-01     -0.612943261654E-01      0.609419005046E-01
  2  1
     -0.495015558129E-01     -0.502688033395E-01     -0.122779620433E+00
      0.379299695021E-01      0.377330060004E-01      0.388929355735E-01
     -0.122779620433E+00      0.379299695021E-01     -0.495015558129E-01
     -0.502688033395E-01     -0.377330060004E-01     -0.388929355735E-01
      0.472755593497E-01      0.345010799244E-01     -0.472755593497E-01
     -0.345010799244E-01     -0.612943261654E-01     -0.609419005046E-01
  2  2
      0.226865749868E+00      0.000000000000E+00     -0.155784780708E-01
      0.000000000000E+00      0.954715863960E-02     -0.115297804399E-01
     -0.155784780708E-01      0.000000000000E+00      0.226865749868E+00
      0.000000000000E+00     -0.954715863960E-02      0.115297804399E-01
      0.954715863960E-02      0.115297804399E-01     -0.954715863960E-02
     -0.115297804399E-01      0.257061425539E+00      0.000000000000E+00

     Dynamical  Matrix in cartesian axes

     q = (   -0.250000000   0.750000000  -0.250000000 ) 

  1  1
      0.201703975049E+00      0.000000000000E+00     -0.102810966291E-01
     -0.134756895796E-01      0.836501792466E-02      0.000000000000E+00
     -0.102810966291E-01      0.134756895796E-01      0.276094942349E+00
      0.000000000000E+00     -0.102810966291E-01      0.134756895796E-01
      0.836501792466E-02      0.000000000000E+00     -0.102810966291E-01
     -0.134756895796E-01      0.201703975049E+00      0.000000000000E+00
  1  2
     -0.502688033395E-01      0.495015558129E-01     -0.345010799244E-01
      0.472755593497E-01     -0.379299695021E-01     -0.122779620433E+00
     -0.388929355735E-01      0.377330060004E-01     -0.609419005046E-01
      0.612943261654E-01     -0.388929355735E-01      0.377330060004E-01
     -0.379299695021E-01     -0.122779620433E+00     -0.345010799244E-01
      0.472755593497E-01     -0.502688033395E-01      0.495015558129E-01
  2  1
     -0.502688033395E-01     -0.495015558129E-01     -0.388929355735E-01
     -0.377330060004E-01     -0.379299695021E-01      0.122779620433E+00
     -0.345010799244E-01     -0.472755593497E-01     -0.609419005046E-01
     -0.612943261654E-01     -0.345010799244E-01     -0.472755593497E-01
     -0.379299695021E-01      0.122779620433E+00     -0.388929355735E-01
     -0.377330060004E-01     -0.502688033395E-01     -0.495015558129E-01
  2  2
      0.226865749868E+00      0.000000000000E+00     -0.954715863960E-02
     -0.115297804399E-01      0.155784780708E-01      0.000000000000E+00
     -0.954715863960E-02      0.115297804399E-01      0.257061425539E+00
      0.000000000000E+00     -0.954715863960E-02      0.115297804399E-01
      0.155784780708E-01      0.000000000000E+00     -0.954715863960E-02
     -0.115297804399E-01      0.226865749868E+00      0.000000000000E+00

     Dynamical  Matrix in cartesian axes

     q = (    0.250000000  -0.750000000   0.250000000 ) 

  1  1
      0.201703975049E+00      0.000000000000E+00     -0.102810966291E-01
      0.134756895796E-01      0.836501792466E-02      0.000000000000E+00
     -0.102810966291E-01     -0.134756895796E-01      0.276094942349E+00
      0.000000000000E+00     -0.102810966291E-01     -0.134756895796E-01
      0.836501792466E-02      0.000000000000E+00     -0.102810966291E-01
      0.134756895796E-01      0.201703975049E+00      0.000000000000E+00
  1  2
     -0.502688033395E-01     -0.495015558129E-01     -0.345010799244E-01
     -0.472755593497E-01     -0.379299695021E-01      0.122779620433E+00
     -0.388929355735E-01     -0.377330060004E-01     -0.609419005046E-01
     -0.612943261654E-01     -0.388929355735E-01     -0.377330060004E-01
     -0.379299695021E-01      0.122779620433E+00     -0.345010799244E-01
     -0.472755593497E-01     -0.502688033395E-01     -0.495015558129E-01
  2  1
     -0.502688033395E-01      0.495015558129E-01     -0.388929355735E-01
      0.377330060004E-01     -0.379299695021E-01     -0.122779620433E+00
     -0.345010799244E-01      0.472755593497E-01     -0.609419005046E-01
      0.612943261654E-01     -0.345010799244E-01      0.472755593497E-01
     -0.379299695021E-01     -0.122779620433E+00     -0.388929355735E-01
      0.377330060004E-01     -0.502688033395E-01      0.495015558129E-01
  2  2
      0.226865749868E+00      0.000000000000E+00     -0.954715863960E-02
      0.115297804399E-01      0.155784780708E-01      0.000000000000E+00
     -0.954715863960E-02     -0.115297804399E-01      0.257061425539E+00
      0.000000000000E+00     -0.954715863960E-02     -0.115297804399E-01
      0.155784780708E-01      0.000000000000E+00     -0.954715863960E-02
      0.115297804399E-01      0.226865749868E+00      0.000000000000E+00

     Dynamical  Matrix in cartesian axes

     q = (    0.250000000   0.750000000   0.250000000 ) 

  1  1
      0.201703975049E+00      0.000000000000E+00      0.102810966291E-01
      0.134756895796E-01      0.836501792466E-02      0.000000000000E+00
      0.102810966291E-01     -0.134756895796E-01      0.276094942349E+00
      0.000000000000E+00      0.102810966291E-01     -0.134756895796E-01
      0.836501792466E-02      0.000000000000E+00      0.102810966291E-01
      0.134756895796E-01      0.201703975049E+00      0.000000000000E+00
  1  2
      0.495015558129E-01      0.502688033395E-01     -0.472755593497E-01
     -0.345010799244E-01     -0.122779620433E+00      0.379299695021E-01
     -0.377330060004E-01     -0.388929355735E-01      0.612943261654E-01
      0.609419005046E-01     -0.377330060004E-01     -0.388929355735E-01
     -0.122779620433E+00      0.379299695021E-01     -0.472755593497E-01
     -0.345010799244E-01      0.495015558129E-01      0.502688033395E-01
  2  1
      0.495015558129E-01     -0.502688033395E-01     -0.377330060004E-01
      0.388929355735E-01     -0.122779620433E+00     -0.379299695021E-01
     -0.472755593497E-01      0.345010799244E-01      0.612943261654E-01
     -0.609419005046E-01     -0.472755593497E-01      0.345010799244E-01
     -0.122779620433E+00     -0.379299695021E-01     -0.377330060004E-01
      0.388929355735E-01      0.495015558129E-01     -0.502688033395E-01
  2  2
      0.226865749868E+00      0.000000000000E+00      0.954715863960E-02
      0.115297804399E-01      0.155784780708E-01      0.000000000000E+00
      0.954715863960E-02     -0.115297804399E-01      0.257061425539E+00
      0.000000000000E+00      0.954715863960E-02     -0.115297804399E-01
      0.155784780708E-01      0.000000000000E+00      0.954715863960E-02
      0.115297804399E-01      0.226865749868E+00      0.000000000000E+00

     Dynamical  Matrix in cartesian axes

     q = (   -0.250000000  -0.750000000  -0.250000000 ) 

  1  1
      0.201703975049E+00      0.000000000000E+00      0.102810966291E-01
     -0.134756895796E-01      0.836501792466E-02      0.000000000000E+00
      0.102810966291E-01      0.134756895796E-01      0.276094942349E+00
      0.000000000000E+00      0.102810966291E-01      0.134756895796E-01
      0.836501792466E-02      0.000000000000E+00      0.102810966291E-01
     -0.134756895796E-01      0.201703975049E+00      0.000000000000E+00
  1  2
      0.495015558129E-01     -0.502688033395E-01     -0.472755593497E-01
      0.345010799244E-01     -0.122779620433E+00     -0.379299695021E-01
     -0.377330060004E-01      0.388929355735E-01      0.612943261654E-01
     -0.609419005046E-01     -0.377330060004E-01      0.388929355735E-01
     -0.122779620433E+00     -0.379299695021E-01     -0.472755593497E-01
      0.345010799244E-01      0.495015558129E-01     -0.502688033395E-01
  2  1
      0.495015558129E-01      0.502688033395E-01     -0.377330060004E-01
     -0.388929355735E-01     -0.122779620433E+00      0.379299695021E-01
     -0.472755593497E-01     -0.345010799244E-01      0.612943261654E-01
      0.609419005046E-01     -0.472755593497E-01     -0.345010799244E-01
     -0.122779620433E+00      0.379299695021E-01     -0.377330060004E-01
     -0.388929355735E-01      0.495015558129E-01      0.502688033395E-01
  2  2
      0.226865749868E+00      0.000000000000E+00      0.954715863960E-02
     -0.115297804399E-01      0.155784780708E-01      0.000000000000E+00
      0.954715863960E-02      0.115297804399E-01      0.257061425539E+00
      0.000000000000E+00      0.954715863960E-02      0.115297804399E-01
      0.155784780708E-01      0.000000000000E+00      0.954715863960E-02
     -0.115297804399E-01      0.226865749868E+00      0.000000000000E+00

     Dynamical  Matrix in cartesian axes

     q = (   -0.250000000  -0.750000000   0.250000000 ) 

  1  1
      0.201703975049E+00      0.000000000000E+00      0.102810966291E-01
      0.134756895796E-01     -0.836501792466E-02      0.000000000000E+00
      0.102810966291E-01     -0.134756895796E-01      0.276094942349E+00
      0.000000000000E+00     -0.102810966291E-01      0.134756895796E-01
     -0.836501792466E-02      0.000000000000E+00     -0.102810966291E-01
     -0.134756895796E-01      0.201703975049E+00      0.000000000000E+00
  1  2
     -0.495015558129E-01     -0.502688033395E-01      0.472755593497E-01
      0.345010799244E-01     -0.122779620433E+00      0.379299695021E-01
      0.377330060004E-01      0.388929355735E-01     -0.612943261654E-01
     -0.609419005046E-01     -0.377330060004E-01     -0.388929355735E-01
     -0.122779620433E+00      0.379299695021E-01     -0.472755593497E-01
     -0.345010799244E-01     -0.495015558129E-01     -0.502688033395E-01
  2  1
     -0.495015558129E-01      0.502688033395E-01      0.377330060004E-01
     -0.388929355735E-01     -0.122779620433E+00     -0.379299695021E-01
      0.472755593497E-01     -0.345010799244E-01     -0.612943261654E-01
      0.609419005046E-01     -0.472755593497E-01      0.345010799244E-01
     -0.122779620433E+00     -0.379299695021E-01     -0.377330060004E-01
      0.388929355735E-01     -0.495015558129E-01      0.502688033395E-01
  2  2
      0.226865749868E+00      0.000000000000E+00      0.954715863960E-02
      0.115297804399E-01     -0.155784780708E-01      0.000000000000E+00
      0.954715863960E-02     -0.115297804399E-01      0.257061425539E+00
      0.000000000000E+00     -0.954715863960E-02      0.115297804399E-01
     -0.155784780708E-01      0.000000000000E+00     -0.954715863960E-02
     -0.115297804399E-01      0.226865749868E+00      0.000000000000E+00

     Dynamical  Matrix in cartesian axes

     q = (    0.250000000   0.750000000  -0.250000000 ) 

  1  1
      0.201703975049E+00      0.000000000000E+00      0.102810966291E-01
     -0.134756895796E-01     -0.836501792466E-02      0.000000000000E+00
      0.102810966291E-01      0.134756895796E-01      0.276094942349E+00
      0.000000000000E+00     -0.102810966291E-01     -0.134756895796E-01
     -0.836501792466E-02      0.000000000000E+00     -0.102810966291E-01
      0.134756895796E-01      0.201703975049E+00      0.000000000000E+00
  1  2
     -0.495015558129E-01      0.502688033395E-01      0.472755593497E-01
     -0.345010799244E-01     -0.122779620433E+00     -0.379299695021E-01
      0.377330060004E-01     -0.388929355735E-01     -0.612943261654E-01
      0.609419005046E-01     -0.377330060004E-01      0.388929355735E-01
     -0.122779620433E+00     -0.379299695021E-01     -0.472755593497E-01
      0.345010799244E-01     -0.495015558129E-01      0.502688033395E-01
  2  1
     -0.495015558129E-01     -0.502688033395E-01      0.377330060004E-01
      0.388929355735E-01     -0.122779620433E+00      0.379299695021E-01
      0.472755593497E-01      0.345010799244E-01     -0.612943261654E-01
     -0.609419005046E-01     -0.472755593497E-01     -0.345010799244E-01
     -0.122779620433E+00      0.379299695021E-01     -0.377330060004E-01
     -0.388929355735E-01     -0.495015558129E-01     -0.502688033395E-01
  2  2
      0.226865749868E+00      0.000000000000E+00      0.954715863960E-02
     -0.115297804399E-01     -0.155784780708E-01      0.000000000000E+00
      0.954715863960E-02      0.115297804399E-01      0.257061425539E+00
      0.000000000000E+00     -0.954715863960E-02     -0.115297804399E-01
     -0.155784780708E-01      0.000000000000E+00     -0.954715863960E-02
      0.115297804399E-01      0.226865749868E+00      0.000000000000E+00

     Dynamical  Matrix in cartesian axes

     q = (    0.250000000  -0.750000000  -0.250000000 ) 

  1  1
      0.201703975049E+00      0.000000000000E+00     -0.102810966291E-01
     -0.134756895796E-01     -0.836501792466E-02      0.000000000000E+00
     -0.102810966291E-01      0.134756895796E-01      0.276094942349E+00
      0.000000000000E+00      0.102810966291E-01     -0.134756895796E-01
     -0.836501792466E-02      0.000000000000E+00      0.102810966291E-01
      0.134756895796E-01      0.201703975049E+00      0.000000000000E+00
  1  2
     -0.495015558129E-01     -0.502688033395E-01     -0.472755593497E-01
     -0.345010799244E-01     -0.122779620433E+00      0.379299695021E-01
     -0.377330060004E-01     -0.388929355735E-01     -0.612943261654E-01
     -0.609419005046E-01      0.377330060004E-01      0.388929355735E-01
     -0.122779620433E+00      0.379299695021E-01      0.472755593497E-01
      0.345010799244E-01     -0.495015558129E-01     -0.502688033395E-01
  2  1
     -0.495015558129E-01      0.502688033395E-01     -0.377330060004E-01
      0.388929355735E-01     -0.122779620433E+00     -0.379299695021E-01
     -0.472755593497E-01      0.345010799244E-01     -0.612943261654E-01
      0.609419005046E-01      0.472755593497E-01     -0.345010799244E-01
     -0.122779620433E+00     -0.379299695021E-01      0.377330060004E-01
     -0.388929355735E-01     -0.495015558129E-01      0.502688033395E-01
  2  2
      0.226865749868E+00      0.000000000000E+00     -0.954715863960E-02
     -0.115297804399E-01     -0.155784780708E-01      0.000000000000E+00
     -0.954715863960E-02      0.115297804399E-01      0.257061425539E+00
      0.000000000000E+00      0.954715863960E-02     -0.115297804399E-01
     -0.155784780708E-01      0.000000000000E+00      0.954715863960E-02
      0.115297804399E-01      0.226865749868E+00      0.000000000000E+00

     Dynamical  Matrix in cartesian axes

     q = (   -0.250000000   0.750000000   0.250000000 ) 

  1  1
      0.201703975049E+00      0.000000000000E+00     -0.102810966291E-01
      0.134756895796E-01     -0.836501792466E-02      0.000000000000E+00
     -0.102810966291E-01     -0.134756895796E-01      0.276094942349E+00
      0.000000000000E+00      0.102810966291E-01      0.134756895796E-01
     -0.836501792466E-02      0.000000000000E+00      0.102810966291E-01
     -0.134756895796E-01      0.201703975049E+00      0.000000000000E+00
  1  2
     -0.495015558129E-01      0.502688033395E-01     -0.472755593497E-01
      0.345010799244E-01     -0.122779620433E+00     -0.379299695021E-01
     -0.377330060004E-01      0.388929355735E-01     -0.612943261654E-01
      0.609419005046E-01      0.377330060004E-01     -0.388929355735E-01
     -0.122779620433E+00     -0.379299695021E-01      0.472755593497E-01
     -0.345010799244E-01     -0.495015558129E-01      0.502688033395E-01
  2  1
     -0.495015558129E-01     -0.502688033395E-01     -0.377330060004E-01
     -0.388929355735E-01     -0.122779620433E+00      0.379299695021E-01
     -0.472755593497E-01     -0.345010799244E-01     -0.612943261654E-01
     -0.609419005046E-01      0.472755593497E-01      0.345010799244E-01
     -0.122779620433E+00      0.379299695021E-01      0.377330060004E-01
      0.388929355735E-01     -0.495015558129E-01     -0.502688033395E-01
  2  2
      0.226865749868E+00      0.000000000000E+00     -0.954715863960E-02
      0.115297804399E-01     -0.155784780708E-01      0.000000000000E+00
     -0.954715863960E-02     -0.115297804399E-01      0.257061425539E+00
      0.000000000000E+00      0.954715863960E-02      0.115297804399E-01
     -0.155784780708E-01      0.000000000000E+00      0.954715863960E-02
     -0.115297804399E-01      0.226865749868E+00      0.000000000000E+00

     Dynamical  Matrix in cartesian axes

     q = (    0.750000000  -0.250000000  -0.250000000 ) 

  1  1
      0.276094942349E+00      0.000000000000E+00     -0.102810966291E-01
      0.134756895796E-01     -0.102810966291E-01      0.134756895796E-01
     -0.102810966291E-01     -0.134756895796E-01      0.201703975049E+00
      0.000000000000E+00      0.836501792466E-02      0.000000000000E+00
     -0.102810966291E-01     -0.134756895796E-01      0.836501792466E-02
      0.000000000000E+00      0.201703975049E+00      0.000000000000E+00
  1  2
     -0.609419005046E-01      0.612943261654E-01     -0.388929355735E-01
      0.377330060004E-01     -0.388929355735E-01      0.377330060004E-01
     -0.345010799244E-01      0.472755593497E-01     -0.502688033395E-01
      0.495015558129E-01     -0.379299695021E-01     -0.122779620433E+00
     -0.345010799244E-01      0.472755593497E-01     -0.379299695021E-01
     -0.122779620433E+00     -0.502688033395E-01      0.495015558129E-01
  2  1
     -0.609419005046E-01     -0.612943261654E-01     -0.345010799244E-01
     -0.472755593497E-01     -0.345010799244E-01     -0.472755593497E-01
     -0.388929355735E-01     -0.377330060004E-01     -0.502688033395E-01
     -0.495015558129E-01     -0.379299695021E-01      0.122779620433E+00
     -0.388929355735E-01     -0.377330060004E-01     -0.379299695021E-01
      0.122779620433E+00     -0.502688033395E-01     -0.495015558129E-01
  2  2
      0.257061425539E+00      0.000000000000E+00     -0.954715863960E-02
      0.115297804399E-01     -0.954715863960E-02      0.115297804399E-01
     -0.954715863960E-02     -0.115297804399E-01      0.226865749868E+00
      0.000000000000E+00      0.155784780708E-01      0.000000000000E+00
     -0.954715863960E-02     -0.115297804399E-01      0.155784780708E-01
      0.000000000000E+00      0.226865749868E+00      0.000000000000E+00

     Dynamical  Matrix in cartesian axes

     q = (   -0.750000000   0.250000000   0.250000000 ) 

  1  1
      0.276094942349E+00      0.000000000000E+00     -0.102810966291E-01
     -0.134756895796E-01     -0.102810966291E-01     -0.134756895796E-01
     -0.102810966291E-01      0.134756895796E-01      0.201703975049E+00
      0.000000000000E+00      0.836501792466E-02      0.000000000000E+00
     -0.102810966291E-01      0.134756895796E-01      0.836501792466E-02
      0.000000000000E+00      0.201703975049E+00      0.000000000000E+00
  1  2
     -0.609419005046E-01     -0.612943261654E-01     -0.388929355735E-01
     -0.377330060004E-01     -0.388929355735E-01     -0.377330060004E-01
     -0.345010799244E-01     -0.472755593497E-01     -0.502688033395E-01
     -0.495015558129E-01     -0.379299695021E-01      0.122779620433E+00
     -0.345010799244E-01     -0.472755593497E-01     -0.379299695021E-01
      0.122779620433E+00     -0.502688033395E-01     -0.495015558129E-01
  2  1
     -0.609419005046E-01      0.612943261654E-01     -0.345010799244E-01
      0.472755593497E-01     -0.345010799244E-01      0.472755593497E-01
     -0.388929355735E-01      0.377330060004E-01     -0.502688033395E-01
      0.495015558129E-01     -0.379299695021E-01     -0.122779620433E+00
     -0.388929355735E-01      0.377330060004E-01     -0.379299695021E-01
     -0.122779620433E+00     -0.502688033395E-01      0.495015558129E-01
  2  2
      0.257061425539E+00      0.000000000000E+00     -0.954715863960E-02
     -0.115297804399E-01     -0.954715863960E-02     -0.115297804399E-01
     -0.954715863960E-02      0.115297804399E-01      0.226865749868E+00
      0.000000000000E+00      0.155784780708E-01      0.000000000000E+00
     -0.954715863960E-02      0.115297804399E-01      0.155784780708E-01
      0.000000000000E+00      0.226865749868E+00      0.000000000000E+00

     Dynamical  Matrix in cartesian axes

     q = (    0.750000000   0.250000000   0.250000000 ) 

  1  1
      0.276094942349E+00      0.000000000000E+00      0.102810966291E-01
     -0.134756895796E-01      0.102810966291E-01     -0.134756895796E-01
      0.102810966291E-01      0.134756895796E-01      0.201703975049E+00
      0.000000000000E+00      0.836501792466E-02      0.000000000000E+00
      0.102810966291E-01      0.134756895796E-01      0.836501792466E-02
      0.000000000000E+00      0.201703975049E+00      0.000000000000E+00
  1  2
      0.612943261654E-01      0.609419005046E-01     -0.377330060004E-01
     -0.388929355735E-01     -0.377330060004E-01     -0.388929355735E-01
     -0.472755593497E-01     -0.345010799244E-01      0.495015558129E-01
      0.502688033395E-01     -0.122779620433E+00      0.379299695021E-01
     -0.472755593497E-01     -0.345010799244E-01     -0.122779620433E+00
      0.379299695021E-01      0.495015558129E-01      0.502688033395E-01
  2  1
      0.612943261654E-01     -0.609419005046E-01     -0.472755593497E-01
      0.345010799244E-01     -0.472755593497E-01      0.345010799244E-01
     -0.377330060004E-01      0.388929355735E-01      0.495015558129E-01
     -0.502688033395E-01     -0.122779620433E+00     -0.379299695021E-01
     -0.377330060004E-01      0.388929355735E-01     -0.122779620433E+00
     -0.379299695021E-01      0.495015558129E-01     -0.502688033395E-01
  2  2
      0.257061425539E+00      0.000000000000E+00      0.954715863960E-02
     -0.115297804399E-01      0.954715863960E-02     -0.115297804399E-01
      0.954715863960E-02      0.115297804399E-01      0.226865749868E+00
      0.000000000000E+00      0.155784780708E-01      0.000000000000E+00
      0.954715863960E-02      0.115297804399E-01      0.155784780708E-01
      0.000000000000E+00      0.226865749868E+00      0.000000000000E+00

     Dynamical  Matrix in cartesian axes

     q = (   -0.750000000  -0.250000000  -0.250000000 ) 

  1  1
      0.276094942349E+00      0.000000000000E+00      0.102810966291E-01
      0.134756895796E-01      0.102810966291E-01      0.134756895796E-01
      0.102810966291E-01     -0.134756895796E-01      0.201703975049E+00
      0.000000000000E+00      0.836501792466E-02      0.000000000000E+00
      0.102810966291E-01     -0.134756895796E-01      0.836501792466E-02
      0.000000000000E+00      0.201703975049E+00      0.000000000000E+00
  1  2
      0.612943261654E-01     -0.609419005046E-01     -0.377330060004E-01
      0.388929355735E-01     -0.377330060004E-01      0.388929355735E-01
     -0.472755593497E-01      0.345010799244E-01      0.495015558129E-01
     -0.502688033395E-01     -0.122779620433E+00     -0.379299695021E-01
     -0.472755593497E-01      0.345010799244E-01     -0.122779620433E+00
     -0.379299695021E-01      0.495015558129E-01     -0.502688033395E-01
  2  1
      0.612943261654E-01      0.609419005046E-01     -0.472755593497E-01
     -0.345010799244E-01     -0.472755593497E-01     -0.345010799244E-01
     -0.377330060004E-01     -0.388929355735E-01      0.495015558129E-01
      0.502688033395E-01     -0.122779620433E+00      0.379299695021E-01
     -0.377330060004E-01     -0.388929355735E-01     -0.122779620433E+00
      0.379299695021E-01      0.495015558129E-01      0.502688033395E-01
  2  2
      0.257061425539E+00      0.000000000000E+00      0.954715863960E-02
      0.115297804399E-01      0.954715863960E-02      0.115297804399E-01
      0.954715863960E-02     -0.115297804399E-01      0.226865749868E+00
      0.000000000000E+00      0.155784780708E-01      0.000000000000E+00
      0.954715863960E-02     -0.115297804399E-01      0.155784780708E-01
      0.000000000000E+00      0.226865749868E+00      0.000000000000E+00

     Dynamical  Matrix in cartesian axes

     q = (   -0.750000000   0.250000000  -0.250000000 ) 

  1  1
      0.276094942349E+00      0.000000000000E+00     -0.102810966291E-01
      0.134756895796E-01      0.102810966291E-01     -0.134756895796E-01
     -0.102810966291E-01     -0.134756895796E-01      0.201703975049E+00
      0.000000000000E+00     -0.836501792466E-02      0.000000000000E+00
      0.102810966291E-01      0.134756895796E-01     -0.836501792466E-02
      0.000000000000E+00      0.201703975049E+00      0.000000000000E+00
  1  2
     -0.612943261654E-01     -0.609419005046E-01     -0.377330060004E-01
     -0.388929355735E-01      0.377330060004E-01      0.388929355735E-01
     -0.472755593497E-01     -0.345010799244E-01     -0.495015558129E-01
     -0.502688033395E-01     -0.122779620433E+00      0.379299695021E-01
      0.472755593497E-01      0.345010799244E-01     -0.122779620433E+00
      0.379299695021E-01     -0.495015558129E-01     -0.502688033395E-01
  2  1
     -0.612943261654E-01      0.609419005046E-01     -0.472755593497E-01
      0.345010799244E-01      0.472755593497E-01     -0.345010799244E-01
     -0.377330060004E-01      0.388929355735E-01     -0.495015558129E-01
      0.502688033395E-01     -0.122779620433E+00     -0.379299695021E-01
      0.377330060004E-01     -0.388929355735E-01     -0.122779620433E+00
     -0.379299695021E-01     -0.495015558129E-01      0.502688033395E-01
  2  2
      0.257061425539E+00      0.000000000000E+00     -0.954715863960E-02
      0.115297804399E-01      0.954715863960E-02     -0.115297804399E-01
     -0.954715863960E-02     -0.115297804399E-01      0.226865749868E+00
      0.000000000000E+00     -0.155784780708E-01      0.000000000000E+00
      0.954715863960E-02      0.115297804399E-01     -0.155784780708E-01
      0.000000000000E+00      0.226865749868E+00      0.000000000000E+00

     Dynamical  Matrix in cartesian axes

     q = (    0.750000000  -0.250000000   0.250000000 ) 

  1  1
      0.276094942349E+00      0.000000000000E+00     -0.102810966291E-01
     -0.134756895796E-01      0.102810966291E-01      0.134756895796E-01
     -0.102810966291E-01      0.134756895796E-01      0.201703975049E+00
      0.000000000000E+00     -0.836501792466E-02      0.000000000000E+00
      0.102810966291E-01     -0.134756895796E-01     -0.836501792466E-02
      0.000000000000E+00      0.201703975049E+00      0.000000000000E+00
  1  2
     -0.612943261654E-01      0.609419005046E-01     -0.377330060004E-01
      0.388929355735E-01      0.377330060004E-01     -0.388929355735E-01
     -0.472755593497E-01      0.345010799244E-01     -0.495015558129E-01
      0.502688033395E-01     -0.122779620433E+00     -0.379299695021E-01
      0.472755593497E-01     -0.345010799244E-01     -0.122779620433E+00
     -0.379299695021E-01     -0.495015558129E-01      0.502688033395E-01
  2  1
     -0.612943261654E-01     -0.609419005046E-01     -0.472755593497E-01
     -0.345010799244E-01      0.472755593497E-01      0.345010799244E-01
     -0.377330060004E-01     -0.388929355735E-01     -0.495015558129E-01
     -0.502688033395E-01     -0.122779620433E+00      0.379299695021E-01
      0.377330060004E-01      0.388929355735E-01     -0.122779620433E+00
      0.379299695021E-01     -0.495015558129E-01     -0.502688033395E-01
  2  2
      0.257061425539E+00      0.000000000000E+00     -0.954715863960E-02
     -0.115297804399E-01      0.954715863960E-02      0.115297804399E-01
     -0.954715863960E-02      0.115297804399E-01      0.226865749868E+00
      0.000000000000E+00     -0.155784780708E-01      0.000000000000E+00
      0.954715863960E-02     -0.115297804399E-01     -0.155784780708E-01
      0.000000000000E+00      0.226865749868E+00      0.000000000000E+00

     Dynamical  Matrix in cartesian axes

     q = (   -0.750000000  -0.250000000   0.250000000 ) 

  1  1
      0.276094942349E+00      0.000000000000E+00      0.102810966291E-01
     -0.134756895796E-01     -0.102810966291E-01      0.134756895796E-01
      0.102810966291E-01      0.134756895796E-01      0.201703975049E+00
      0.000000000000E+00     -0.836501792466E-02      0.000000000000E+00
     -0.102810966291E-01     -0.134756895796E-01     -0.836501792466E-02
      0.000000000000E+00      0.201703975049E+00      0.000000000000E+00
  1  2
     -0.612943261654E-01     -0.609419005046E-01      0.377330060004E-01
      0.388929355735E-01     -0.377330060004E-01     -0.388929355735E-01
      0.472755593497E-01      0.345010799244E-01     -0.495015558129E-01
     -0.502688033395E-01     -0.122779620433E+00      0.379299695021E-01
     -0.472755593497E-01     -0.345010799244E-01     -0.122779620433E+00
      0.379299695021E-01     -0.495015558129E-01     -0.502688033395E-01
  2  1
     -0.612943261654E-01      0.609419005046E-01      0.472755593497E-01
     -0.345010799244E-01     -0.472755593497E-01      0.345010799244E-01
      0.377330060004E-01     -0.388929355735E-01     -0.495015558129E-01
      0.502688033395E-01     -0.122779620433E+00     -0.379299695021E-01
     -0.377330060004E-01      0.388929355735E-01     -0.122779620433E+00
     -0.379299695021E-01     -0.495015558129E-01      0.502688033395E-01
  2  2
      0.257061425539E+00      0.000000000000E+00      0.954715863960E-02
     -0.115297804399E-01     -0.954715863960E-02      0.115297804399E-01
      0.954715863960E-02      0.115297804399E-01      0.226865749868E+00
      0.000000000000E+00     -0.155784780708E-01      0.000000000000E+00
     -0.954715863960E-02     -0.115297804399E-01     -0.155784780708E-01
      0.000000000000E+00      0.226865749868E+00      0.000000000000E+00

     Dynamical  Matrix in cartesian axes

     q = (    0.750000000   0.250000000  -0.250000000 ) 

  1  1
      0.276094942349E+00      0.000000000000E+00      0.102810966291E-01
      0.134756895796E-01     -0.102810966291E-01     -0.134756895796E-01
      0.102810966291E-01     -0.134756895796E-01      0.201703975049E+00
      0.000000000000E+00     -0.836501792466E-02      0.000000000000E+00
     -0.102810966291E-01      0.134756895796E-01     -0.836501792466E-02
      0.000000000000E+00      0.201703975049E+00      0.000000000000E+00
  1  2
     -0.612943261654E-01      0.609419005046E-01      0.377330060004E-01
     -0.388929355735E-01     -0.377330060004E-01      0.388929355735E-01
      0.472755593497E-01     -0.345010799244E-01     -0.495015558129E-01
      0.502688033395E-01     -0.122779620433E+00     -0.379299695021E-01
     -0.472755593497E-01      0.345010799244E-01     -0.122779620433E+00
     -0.379299695021E-01     -0.495015558129E-01      0.502688033395E-01
  2  1
     -0.612943261654E-01     -0.609419005046E-01      0.472755593497E-01
      0.345010799244E-01     -0.472755593497E-01     -0.345010799244E-01
      0.377330060004E-01      0.388929355735E-01     -0.495015558129E-01
     -0.502688033395E-01     -0.122779620433E+00      0.379299695021E-01
     -0.377330060004E-01     -0.388929355735E-01     -0.122779620433E+00
      0.379299695021E-01     -0.495015558129E-01     -0.502688033395E-01
  2  2
      0.257061425539E+00      0.000000000000E+00      0.954715863960E-02
      0.115297804399E-01     -0.954715863960E-02     -0.115297804399E-01
      0.954715863960E-02     -0.115297804399E-01      0.226865749868E+00
      0.000000000000E+00     -0.155784780708E-01      0.000000000000E+00
     -0.954715863960E-02      0.115297804399E-01     -0.155784780708E-01
      0.000000000000E+00      0.226865749868E+00      0.000000000000E+00

     Diagonalizing the dynamical matrix

     q = (   -0.250000000  -0.250000000   0.750000000 ) 

 **************************************************************************
     omega( 1) =       2.623120 [THz] =      87.498437 [cm-1]
 (  0.441628 -0.218757 -0.441628  0.218757  0.000000  0.000000 ) 
 (  0.256954  0.437132 -0.256954 -0.437132  0.000000  0.000000 ) 
     omega( 2) =       3.805608 [THz] =     126.942254 [cm-1]
 (  0.385431 -0.146733  0.385431 -0.146733  0.120809 -0.346692 ) 
 (  0.297406 -0.300448  0.297406 -0.300448  0.409385  0.000000 ) 
     omega( 3) =       5.898839 [THz] =     196.765401 [cm-1]
 ( -0.101393 -0.185196 -0.101393 -0.185196  0.220490 -0.035672 ) 
 ( -0.232932  0.296090 -0.232932  0.296090  0.759673  0.000000 ) 
     omega( 4) =      10.569316 [THz] =     352.556774 [cm-1]
 (  0.049950  0.665533 -0.049950 -0.665533  0.000000  0.000000 ) 
 (  0.231104 -0.034080 -0.231104  0.034080  0.000000  0.000000 ) 
     omega( 5) =      10.589826 [THz] =     353.240905 [cm-1]
 ( -0.401861  0.537994 -0.401861  0.537994  0.083954 -0.023385 ) 
 ( -0.020961 -0.174420 -0.020961 -0.174420  0.169770  0.000000 ) 
     omega( 6) =      11.477942 [THz] =     382.865483 [cm-1]
 (  0.054499  0.057585  0.054499  0.057585 -0.747958  0.629268 ) 
 (  0.072031  0.001644  0.072031  0.001644  0.147060  0.000000 ) 
 **************************************************************************
