                                                                           
phonons of AlAs at -0.50,-.50,1.00                                         
  2    2  2 10.5000000  0.0000000  0.0000000  0.0000000  0.0000000  0.0000000
           1  'Al  '    24588.6885119930     
           2  'As  '    68279.6346671058     
    1    1      0.0000000      0.0000000      0.0000000
    2    2      0.2500000      0.2500000      0.2500000

     Dynamical  Matrix in cartesian axes

     q = (   -0.500000000  -0.500000000   1.000000000 ) 

  1  1
      0.219730204661E+00      0.000000000000E+00      0.184952157399E-01
      0.000000000000E+00      0.000000000000E+00     -0.174605977673E-01
      0.184952157399E-01      0.000000000000E+00      0.219730204661E+00
      0.000000000000E+00      0.000000000000E+00     -0.174605977673E-01
      0.138777878078E-16      0.174605977673E-01      0.000000000000E+00
      0.174605977673E-01      0.231370582189E+00      0.000000000000E+00
  1  2
      0.182710644786E-15      0.106818798499E+00     -0.994439179389E-16
     -0.706778404694E-01     -0.753712308938E-01      0.111022302463E-15
     -0.104042724507E-15     -0.706778404694E-01      0.187309451354E-15
      0.106818798499E+00     -0.753712308938E-01      0.111022302463E-15
     -0.921772963985E-01      0.166533453694E-15     -0.921772963985E-01
      0.138777878078E-15      0.178111838217E-15      0.108350868686E+00
  2  1
      0.182710644786E-15     -0.106818798499E+00     -0.994439179389E-16
      0.706778404694E-01     -0.921772963985E-01     -0.166533453694E-15
     -0.104042724507E-15      0.706778404694E-01      0.187309451354E-15
     -0.106818798499E+00     -0.921772963985E-01     -0.166533453694E-15
     -0.753712308938E-01     -0.138777878078E-15     -0.753712308938E-01
     -0.138777878078E-15      0.178111838217E-15     -0.108350868686E+00
  2  2
      0.234934968677E+00      0.000000000000E+00      0.263385115205E-01
      0.000000000000E+00      0.000000000000E+00     -0.131081293214E-01
      0.263385115205E-01      0.000000000000E+00      0.234934968677E+00
      0.000000000000E+00      0.000000000000E+00     -0.131081293214E-01
      0.000000000000E+00      0.131081293214E-01      0.000000000000E+00
      0.131081293214E-01      0.243767320104E+00      0.000000000000E+00

     Dynamical  Matrix in cartesian axes

     q = (    0.500000000   0.500000000   1.000000000 ) 

  1  1
      0.219730204661E+00      0.000000000000E+00      0.184952157399E-01
      0.000000000000E+00      0.000000000000E+00      0.174605977673E-01
      0.184952157399E-01      0.000000000000E+00      0.219730204661E+00
      0.000000000000E+00      0.000000000000E+00      0.174605977673E-01
      0.138777878078E-16     -0.174605977673E-01      0.000000000000E+00
     -0.174605977673E-01      0.231370582189E+00      0.000000000000E+00
  1  2
      0.182710646699E-15     -0.106818798499E+00     -0.994439198522E-16
      0.706778404694E-01     -0.753712308938E-01     -0.111022302463E-15
     -0.104042730247E-15      0.706778404694E-01      0.187309457094E-15
     -0.106818798499E+00     -0.753712308938E-01     -0.111022302463E-15
     -0.921772963985E-01     -0.166533453694E-15     -0.921772963985E-01
     -0.138777878078E-15      0.178111836304E-15     -0.108350868686E+00
  2  1
      0.182710646699E-15      0.106818798499E+00     -0.994439198522E-16
     -0.706778404694E-01     -0.921772963985E-01      0.166533453694E-15
     -0.104042730247E-15     -0.706778404694E-01      0.187309457094E-15
      0.106818798499E+00     -0.921772963985E-01      0.166533453694E-15
     -0.753712308938E-01      0.138777878078E-15     -0.753712308938E-01
      0.138777878078E-15      0.178111836304E-15      0.108350868686E+00
  2  2
      0.234934968677E+00      0.000000000000E+00      0.263385115205E-01
      0.000000000000E+00      0.000000000000E+00      0.131081293214E-01
      0.263385115205E-01      0.000000000000E+00      0.234934968677E+00
      0.000000000000E+00      0.000000000000E+00      0.131081293214E-01
      0.000000000000E+00     -0.131081293214E-01      0.000000000000E+00
     -0.131081293214E-01      0.243767320104E+00      0.000000000000E+00

     Dynamical  Matrix in cartesian axes

     q = (    0.500000000  -0.500000000  -1.000000000 ) 

  1  1
      0.219730204661E+00      0.000000000000E+00     -0.184952157399E-01
      0.000000000000E+00      0.000000000000E+00     -0.174605977673E-01
     -0.184952157399E-01      0.000000000000E+00      0.219730204661E+00
      0.000000000000E+00      0.000000000000E+00      0.174605977673E-01
     -0.138777878078E-16      0.174605977673E-01      0.000000000000E+00
     -0.174605977673E-01      0.231370582189E+00      0.000000000000E+00
  1  2
     -0.106818798499E+00      0.353883589099E-15     -0.706778404694E-01
      0.222044604925E-15     -0.249800180541E-15     -0.753712308938E-01
     -0.706778404694E-01      0.228983498829E-15     -0.106818798499E+00
      0.346944695195E-15      0.249800180541E-15      0.753712308938E-01
     -0.312250225676E-15     -0.921772963985E-01      0.305311331772E-15
      0.921772963985E-01     -0.108350868686E+00      0.353883589099E-15
  2  1
     -0.106818798499E+00     -0.353883589099E-15     -0.706778404694E-01
     -0.222044604925E-15     -0.305311331772E-15      0.921772963985E-01
     -0.706778404694E-01     -0.228983498829E-15     -0.106818798499E+00
     -0.346944695195E-15      0.305311331772E-15     -0.921772963985E-01
     -0.256739074445E-15      0.753712308938E-01      0.249800180541E-15
     -0.753712308938E-01     -0.108350868686E+00     -0.353883589099E-15
  2  2
      0.234934968677E+00      0.000000000000E+00     -0.263385115205E-01
      0.000000000000E+00      0.000000000000E+00     -0.131081293214E-01
     -0.263385115205E-01      0.000000000000E+00      0.234934968677E+00
      0.000000000000E+00      0.000000000000E+00      0.131081293214E-01
      0.000000000000E+00      0.131081293214E-01      0.000000000000E+00
     -0.131081293214E-01      0.243767320104E+00      0.000000000000E+00

     Dynamical  Matrix in cartesian axes

     q = (   -0.500000000   0.500000000  -1.000000000 ) 

  1  1
      0.219730204661E+00      0.000000000000E+00     -0.184952157399E-01
      0.000000000000E+00      0.000000000000E+00      0.174605977673E-01
     -0.184952157399E-01      0.000000000000E+00      0.219730204661E+00
      0.000000000000E+00      0.000000000000E+00     -0.174605977673E-01
     -0.138777878078E-16     -0.174605977673E-01      0.000000000000E+00
      0.174605977673E-01      0.231370582189E+00      0.000000000000E+00
  1  2
     -0.106818798499E+00      0.340005801291E-15     -0.706778404694E-01
      0.215105711021E-15      0.249800180541E-15      0.753712308938E-01
     -0.706778404694E-01      0.215105711021E-15     -0.106818798499E+00
      0.340005801291E-15     -0.249800180541E-15     -0.753712308938E-01
      0.298372437868E-15      0.921772963985E-01     -0.305311331772E-15
     -0.921772963985E-01     -0.108350868686E+00      0.340005801291E-15
  2  1
     -0.106818798499E+00     -0.340005801291E-15     -0.706778404694E-01
     -0.215105711021E-15      0.305311331772E-15     -0.921772963985E-01
     -0.706778404694E-01     -0.215105711021E-15     -0.106818798499E+00
     -0.340005801291E-15     -0.305311331772E-15      0.921772963985E-01
      0.242861286637E-15     -0.753712308938E-01     -0.249800180541E-15
      0.753712308938E-01     -0.108350868686E+00     -0.353883589099E-15
  2  2
      0.234934968677E+00      0.000000000000E+00     -0.263385115205E-01
      0.000000000000E+00      0.000000000000E+00      0.131081293214E-01
     -0.263385115205E-01      0.000000000000E+00      0.234934968677E+00
      0.000000000000E+00      0.000000000000E+00     -0.131081293214E-01
      0.000000000000E+00     -0.131081293214E-01      0.000000000000E+00
      0.131081293214E-01      0.243767320104E+00      0.000000000000E+00

     Dynamical  Matrix in cartesian axes

     q = (   -0.500000000   1.000000000  -0.500000000 ) 

  1  1
      0.219730204661E+00      0.000000000000E+00      0.000000000000E+00
     -0.174605977673E-01      0.184952157399E-01      0.000000000000E+00
     -0.138777878078E-16      0.174605977673E-01      0.231370582189E+00
      0.000000000000E+00      0.000000000000E+00      0.174605977673E-01
      0.184952157399E-01      0.000000000000E+00      0.000000000000E+00
     -0.174605977673E-01      0.219730204661E+00      0.000000000000E+00
  1  2
      0.180411241502E-15      0.106818798499E+00     -0.753712308938E-01
      0.117961196366E-15     -0.971445146547E-16     -0.706778404694E-01
     -0.921772963985E-01      0.159594559790E-15      0.180411241502E-15
      0.108350868686E+00     -0.921772963985E-01      0.152655665886E-15
     -0.111022302463E-15     -0.706778404694E-01     -0.753712308938E-01
      0.117961196366E-15      0.180411241502E-15      0.106818798499E+00
  2  1
      0.180411241502E-15     -0.106818798499E+00     -0.921772963985E-01
     -0.159594559790E-15     -0.971445146547E-16      0.706778404694E-01
     -0.753712308938E-01     -0.131838984174E-15      0.180411241502E-15
     -0.108350868686E+00     -0.753712308938E-01     -0.124900090270E-15
     -0.111022302463E-15      0.706778404694E-01     -0.921772963985E-01
     -0.159594559790E-15      0.180411241502E-15     -0.106818798499E+00
  2  2
      0.234934968677E+00      0.000000000000E+00      0.000000000000E+00
     -0.131081293214E-01      0.263385115205E-01      0.000000000000E+00
      0.000000000000E+00      0.131081293214E-01      0.243767320104E+00
      0.000000000000E+00      0.000000000000E+00      0.131081293214E-01
      0.263385115205E-01      0.000000000000E+00      0.000000000000E+00
     -0.131081293214E-01      0.234934968677E+00      0.000000000000E+00

     Dynamical  Matrix in cartesian axes

     q = (    0.500000000   1.000000000   0.500000000 ) 

  1  1
      0.219730204661E+00      0.000000000000E+00      0.000000000000E+00
      0.174605977673E-01      0.184952157399E-01      0.000000000000E+00
     -0.138777878078E-16     -0.174605977673E-01      0.231370582189E+00
      0.000000000000E+00      0.000000000000E+00     -0.174605977673E-01
      0.184952157399E-01      0.000000000000E+00      0.000000000000E+00
      0.174605977673E-01      0.219730204661E+00      0.000000000000E+00
  1  2
      0.180411241502E-15     -0.106818798499E+00     -0.753712308938E-01
     -0.117961196366E-15     -0.971445146547E-16      0.706778404694E-01
     -0.921772963985E-01     -0.159594559790E-15      0.180411241502E-15
     -0.108350868686E+00     -0.921772963985E-01     -0.152655665886E-15
     -0.111022302463E-15      0.706778404694E-01     -0.753712308938E-01
     -0.117961196366E-15      0.180411241502E-15     -0.106818798499E+00
  2  1
      0.180411241502E-15      0.106818798499E+00     -0.921772963985E-01
      0.159594559790E-15     -0.971445146547E-16     -0.706778404694E-01
     -0.753712308938E-01      0.131838984174E-15      0.180411241502E-15
      0.108350868686E+00     -0.753712308938E-01      0.124900090270E-15
     -0.111022302463E-15     -0.706778404694E-01     -0.921772963985E-01
      0.159594559790E-15      0.180411241502E-15      0.106818798499E+00
  2  2
      0.234934968677E+00      0.000000000000E+00      0.000000000000E+00
      0.131081293214E-01      0.263385115205E-01      0.000000000000E+00
      0.000000000000E+00     -0.131081293214E-01      0.243767320104E+00
      0.000000000000E+00      0.000000000000E+00     -0.131081293214E-01
      0.263385115205E-01      0.000000000000E+00      0.000000000000E+00
      0.131081293214E-01      0.234934968677E+00      0.000000000000E+00

     Dynamical  Matrix in cartesian axes

     q = (   -0.500000000  -1.000000000   0.500000000 ) 

  1  1
      0.219730204661E+00      0.000000000000E+00      0.000000000000E+00
      0.174605977673E-01     -0.184952157399E-01      0.000000000000E+00
      0.138777878078E-16     -0.174605977673E-01      0.231370582189E+00
      0.000000000000E+00      0.000000000000E+00      0.174605977673E-01
     -0.184952157399E-01      0.000000000000E+00      0.000000000000E+00
     -0.174605977673E-01      0.219730204661E+00      0.000000000000E+00
  1  2
     -0.106818798499E+00      0.340005801291E-15      0.249800180541E-15
      0.753712308938E-01     -0.706778404694E-01      0.208166817117E-15
      0.312250225676E-15      0.921772963985E-01     -0.108350868686E+00
      0.333066907388E-15     -0.305311331772E-15     -0.921772963985E-01
     -0.706778404694E-01      0.215105711021E-15     -0.249800180541E-15
     -0.753712308938E-01     -0.106818798499E+00      0.346944695195E-15
  2  1
     -0.106818798499E+00     -0.340005801291E-15      0.305311331772E-15
     -0.921772963985E-01     -0.706778404694E-01     -0.208166817117E-15
      0.256739074445E-15     -0.753712308938E-01     -0.108350868686E+00
     -0.319189119580E-15     -0.249800180541E-15      0.753712308938E-01
     -0.706778404694E-01     -0.215105711021E-15     -0.305311331772E-15
      0.921772963985E-01     -0.106818798499E+00     -0.346944695195E-15
  2  2
      0.234934968677E+00      0.000000000000E+00      0.000000000000E+00
      0.131081293214E-01     -0.263385115205E-01      0.000000000000E+00
      0.000000000000E+00     -0.131081293214E-01      0.243767320104E+00
      0.000000000000E+00      0.000000000000E+00      0.131081293214E-01
     -0.263385115205E-01      0.000000000000E+00      0.000000000000E+00
     -0.131081293214E-01      0.234934968677E+00      0.000000000000E+00

     Dynamical  Matrix in cartesian axes

     q = (    0.500000000  -1.000000000  -0.500000000 ) 

  1  1
      0.219730204661E+00      0.000000000000E+00      0.000000000000E+00
     -0.174605977673E-01     -0.184952157399E-01      0.000000000000E+00
      0.138777878078E-16      0.174605977673E-01      0.231370582189E+00
      0.000000000000E+00      0.000000000000E+00     -0.174605977673E-01
     -0.184952157399E-01      0.000000000000E+00      0.000000000000E+00
      0.174605977673E-01      0.219730204661E+00      0.000000000000E+00
  1  2
     -0.106818798499E+00      0.353883589099E-15     -0.249800180541E-15
     -0.753712308938E-01     -0.706778404694E-01      0.228983498829E-15
     -0.298372437868E-15     -0.921772963985E-01     -0.108350868686E+00
      0.353883589099E-15      0.305311331772E-15      0.921772963985E-01
     -0.706778404694E-01      0.228983498829E-15      0.249800180541E-15
      0.753712308938E-01     -0.106818798499E+00      0.353883589099E-15
  2  1
     -0.106818798499E+00     -0.353883589099E-15     -0.305311331772E-15
      0.921772963985E-01     -0.706778404694E-01     -0.228983498829E-15
     -0.242861286637E-15      0.753712308938E-01     -0.108350868686E+00
     -0.353883589099E-15      0.249800180541E-15     -0.753712308938E-01
     -0.706778404694E-01     -0.228983498829E-15      0.305311331772E-15
     -0.921772963985E-01     -0.106818798499E+00     -0.353883589099E-15
  2  2
      0.234934968677E+00      0.000000000000E+00      0.000000000000E+00
     -0.131081293214E-01     -0.263385115205E-01      0.000000000000E+00
      0.000000000000E+00      0.131081293214E-01      0.243767320104E+00
      0.000000000000E+00      0.000000000000E+00     -0.131081293214E-01
     -0.263385115205E-01      0.000000000000E+00      0.000000000000E+00
      0.131081293214E-01      0.234934968677E+00      0.000000000000E+00

     Dynamical  Matrix in cartesian axes

     q = (    1.000000000  -0.500000000  -0.500000000 ) 

  1  1
      0.231370582189E+00      0.000000000000E+00      0.138777878078E-16
      0.174605977673E-01     -0.138777878078E-16      0.174605977673E-01
      0.000000000000E+00     -0.174605977673E-01      0.219730204661E+00
      0.000000000000E+00      0.184952157399E-01      0.000000000000E+00
      0.000000000000E+00     -0.174605977673E-01      0.184952157399E-01
      0.000000000000E+00      0.219730204661E+00      0.000000000000E+00
  1  2
      0.194289029309E-15      0.108350868686E+00     -0.921772963985E-01
      0.152655665886E-15     -0.921772963985E-01      0.152655665886E-15
     -0.753712308938E-01      0.124900090270E-15      0.187350135405E-15
      0.106818798499E+00     -0.131838984174E-15     -0.706778404694E-01
     -0.753712308938E-01      0.124900090270E-15     -0.131838984174E-15
     -0.706778404694E-01      0.180411241502E-15      0.106818798499E+00
  2  1
      0.194289029309E-15     -0.108350868686E+00     -0.753712308938E-01
     -0.124900090270E-15     -0.753712308938E-01     -0.124900090270E-15
     -0.921772963985E-01     -0.152655665886E-15      0.187350135405E-15
     -0.106818798499E+00     -0.131838984174E-15      0.706778404694E-01
     -0.921772963985E-01     -0.152655665886E-15     -0.131838984174E-15
      0.706778404694E-01      0.180411241502E-15     -0.106818798499E+00
  2  2
      0.243767320104E+00      0.000000000000E+00      0.000000000000E+00
      0.131081293214E-01      0.000000000000E+00      0.131081293214E-01
      0.000000000000E+00     -0.131081293214E-01      0.234934968677E+00
      0.000000000000E+00      0.263385115205E-01      0.000000000000E+00
      0.000000000000E+00     -0.131081293214E-01      0.263385115205E-01
      0.000000000000E+00      0.234934968677E+00      0.000000000000E+00

     Dynamical  Matrix in cartesian axes

     q = (    1.000000000   0.500000000   0.500000000 ) 

  1  1
      0.231370582189E+00      0.000000000000E+00      0.138777878078E-16
     -0.174605977673E-01     -0.138777878078E-16     -0.174605977673E-01
      0.000000000000E+00      0.174605977673E-01      0.219730204661E+00
      0.000000000000E+00      0.184952157399E-01      0.000000000000E+00
      0.000000000000E+00      0.174605977673E-01      0.184952157399E-01
      0.000000000000E+00      0.219730204661E+00      0.000000000000E+00
  1  2
      0.201227923213E-15     -0.108350868686E+00     -0.921772963985E-01
     -0.152655665886E-15     -0.921772963985E-01     -0.152655665886E-15
     -0.753712308938E-01     -0.124900090270E-15      0.187350135405E-15
     -0.106818798499E+00     -0.124900090270E-15      0.706778404694E-01
     -0.753712308938E-01     -0.124900090270E-15     -0.117961196366E-15
      0.706778404694E-01      0.180411241502E-15     -0.106818798499E+00
  2  1
      0.201227923213E-15      0.108350868686E+00     -0.753712308938E-01
      0.124900090270E-15     -0.753712308938E-01      0.124900090270E-15
     -0.921772963985E-01      0.152655665886E-15      0.187350135405E-15
      0.106818798499E+00     -0.124900090270E-15     -0.706778404694E-01
     -0.921772963985E-01      0.152655665886E-15     -0.117961196366E-15
     -0.706778404694E-01      0.180411241502E-15      0.106818798499E+00
  2  2
      0.243767320104E+00      0.000000000000E+00      0.000000000000E+00
     -0.131081293214E-01      0.000000000000E+00     -0.131081293214E-01
      0.000000000000E+00      0.131081293214E-01      0.234934968677E+00
      0.000000000000E+00      0.263385115205E-01      0.000000000000E+00
      0.000000000000E+00      0.131081293214E-01      0.263385115205E-01
      0.000000000000E+00      0.234934968677E+00      0.000000000000E+00

     Dynamical  Matrix in cartesian axes

     q = (   -1.000000000   0.500000000  -0.500000000 ) 

  1  1
      0.231370582189E+00      0.000000000000E+00     -0.138777878078E-16
      0.174605977673E-01      0.138777878078E-16     -0.174605977673E-01
      0.000000000000E+00     -0.174605977673E-01      0.219730204661E+00
      0.000000000000E+00     -0.184952157399E-01      0.000000000000E+00
      0.000000000000E+00      0.174605977673E-01     -0.184952157399E-01
      0.000000000000E+00      0.219730204661E+00      0.000000000000E+00
  1  2
     -0.108350868686E+00      0.340005801291E-15     -0.298372437868E-15
     -0.921772963985E-01      0.305311331772E-15      0.921772963985E-01
     -0.249800180541E-15     -0.753712308938E-01     -0.106818798499E+00
      0.340005801291E-15     -0.706778404694E-01      0.228983498829E-15
      0.249800180541E-15      0.753712308938E-01     -0.706778404694E-01
      0.228983498829E-15     -0.106818798499E+00      0.340005801291E-15
  2  1
     -0.108350868686E+00     -0.340005801291E-15     -0.242861286637E-15
      0.753712308938E-01      0.249800180541E-15     -0.753712308938E-01
     -0.305311331772E-15      0.921772963985E-01     -0.106818798499E+00
     -0.340005801291E-15     -0.706778404694E-01     -0.228983498829E-15
      0.305311331772E-15     -0.921772963985E-01     -0.706778404694E-01
     -0.228983498829E-15     -0.106818798499E+00     -0.340005801291E-15
  2  2
      0.243767320104E+00      0.000000000000E+00      0.000000000000E+00
      0.131081293214E-01      0.000000000000E+00     -0.131081293214E-01
      0.000000000000E+00     -0.131081293214E-01      0.234934968677E+00
      0.000000000000E+00     -0.263385115205E-01      0.000000000000E+00
      0.000000000000E+00      0.131081293214E-01     -0.263385115205E-01
      0.000000000000E+00      0.234934968677E+00      0.000000000000E+00

     Dynamical  Matrix in cartesian axes

     q = (   -1.000000000  -0.500000000   0.500000000 ) 

  1  1
      0.231370582189E+00      0.000000000000E+00     -0.138777878078E-16
     -0.174605977673E-01      0.138777878078E-16      0.174605977673E-01
      0.000000000000E+00      0.174605977673E-01      0.219730204661E+00
      0.000000000000E+00     -0.184952157399E-01      0.000000000000E+00
      0.000000000000E+00     -0.174605977673E-01     -0.184952157399E-01
      0.000000000000E+00      0.219730204661E+00      0.000000000000E+00
  1  2
     -0.108350868686E+00      0.340005801291E-15      0.312250225676E-15
      0.921772963985E-01     -0.305311331772E-15     -0.921772963985E-01
      0.249800180541E-15      0.753712308938E-01     -0.106818798499E+00
      0.340005801291E-15     -0.706778404694E-01      0.228983498829E-15
     -0.249800180541E-15     -0.753712308938E-01     -0.706778404694E-01
      0.228983498829E-15     -0.106818798499E+00      0.340005801291E-15
  2  1
     -0.108350868686E+00     -0.340005801291E-15      0.256739074445E-15
     -0.753712308938E-01     -0.249800180541E-15      0.753712308938E-01
      0.305311331772E-15     -0.921772963985E-01     -0.106818798499E+00
     -0.340005801291E-15     -0.706778404694E-01     -0.228983498829E-15
     -0.305311331772E-15      0.921772963985E-01     -0.706778404694E-01
     -0.228983498829E-15     -0.106818798499E+00     -0.340005801291E-15
  2  2
      0.243767320104E+00      0.000000000000E+00      0.000000000000E+00
     -0.131081293214E-01      0.000000000000E+00      0.131081293214E-01
      0.000000000000E+00      0.131081293214E-01      0.234934968677E+00
      0.000000000000E+00     -0.263385115205E-01      0.000000000000E+00
      0.000000000000E+00     -0.131081293214E-01     -0.263385115205E-01
      0.000000000000E+00      0.234934968677E+00      0.000000000000E+00

     Diagonalizing the dynamical matrix

     q = (   -0.500000000  -0.500000000   1.000000000 ) 

 **************************************************************************
     omega( 1) =       2.517231 [THz] =      83.966350 [cm-1]
 (  0.374360  0.311515 -0.374360 -0.311515  0.000000  0.000000 ) 
 ( -0.327912  0.394065  0.327912 -0.394065  0.000000  0.000000 ) 
     omega( 2) =       3.827132 [THz] =     127.660235 [cm-1]
 (  0.246375  0.000000  0.246375  0.000000  0.000000 -0.605164 ) 
 (  0.000000 -0.227993  0.000000 -0.227993  0.639073  0.000000 ) 
     omega( 3) =       5.426434 [THz] =     181.007555 [cm-1]
 ( -0.268924  0.000000 -0.268924  0.000000  0.000000 -0.285223 ) 
 (  0.000000 -0.548839  0.000000 -0.548839 -0.414197  0.000000 ) 
     omega( 4) =      10.720106 [THz] =     357.586625 [cm-1]
 (  0.653315  0.000000  0.653315  0.000000  0.000000 -0.273680 ) 
 (  0.000000  0.011027  0.000000  0.011027 -0.266862  0.000000 ) 
     omega( 5) =      10.737958 [THz] =     358.182110 [cm-1]
 (  0.067244 -0.665650 -0.067244  0.665650  0.000000  0.000000 ) 
 ( -0.227726 -0.023005  0.227726  0.023005  0.000000  0.000000 ) 
     omega( 6) =      11.302103 [THz] =     377.000091 [cm-1]
 ( -0.257801  0.000000 -0.257801  0.000000  0.000000 -0.892426 ) 
 (  0.000000  0.170828  0.000000  0.170828 -0.110856  0.000000 ) 
 **************************************************************************
