                                                                           
phonons of AlAs at 0.00,0.00,0.50                                          
  2    2  2 10.5000000  0.0000000  0.0000000  0.0000000  0.0000000  0.0000000
           1  'Al  '    24588.6885119930     
           2  'As  '    68279.6346671058     
    1    1      0.0000000      0.0000000      0.0000000
    2    2      0.2500000      0.2500000      0.2500000

     Dynamical  Matrix in cartesian axes

     q = (    0.000000000   0.000000000   0.500000000 ) 

  1  1
      0.194128573098E+00      0.000000000000E+00      0.000000000000E+00
      0.000000000000E+00      0.000000000000E+00      0.000000000000E+00
      0.000000000000E+00      0.000000000000E+00      0.194128573098E+00
      0.000000000000E+00      0.000000000000E+00      0.000000000000E+00
      0.000000000000E+00      0.000000000000E+00      0.000000000000E+00
      0.000000000000E+00      0.298328028282E+00      0.000000000000E+00
  1  2
     -0.100754074851E+00      0.100754074851E+00     -0.775171163856E-01
     -0.775171163856E-01     -0.346944695195E-17      0.000000000000E+00
     -0.775171163856E-01     -0.775171163856E-01     -0.100754074851E+00
      0.100754074851E+00     -0.346944695195E-17      0.000000000000E+00
     -0.104083408559E-16      0.000000000000E+00     -0.346944695195E-17
      0.000000000000E+00     -0.130967364740E+00      0.130967364740E+00
  2  1
     -0.100754074851E+00     -0.100754074851E+00     -0.775171163856E-01
      0.775171163856E-01      0.173472347598E-17      0.138777878078E-16
     -0.775171163856E-01      0.775171163856E-01     -0.100754074851E+00
     -0.100754074851E+00      0.173472347598E-17      0.138777878078E-16
     -0.173472347598E-17      0.138777878078E-16      0.173472347598E-17
      0.000000000000E+00     -0.130967364740E+00     -0.130967364740E+00
  2  2
      0.215826659043E+00      0.000000000000E+00      0.000000000000E+00
      0.000000000000E+00      0.000000000000E+00      0.000000000000E+00
      0.000000000000E+00      0.000000000000E+00      0.215826659043E+00
      0.000000000000E+00      0.000000000000E+00      0.000000000000E+00
      0.000000000000E+00      0.000000000000E+00      0.000000000000E+00
      0.000000000000E+00      0.271134262688E+00      0.000000000000E+00

     Dynamical  Matrix in cartesian axes

     q = (    0.000000000   0.000000000  -0.500000000 ) 

  1  1
      0.194128573098E+00      0.000000000000E+00      0.000000000000E+00
      0.000000000000E+00      0.000000000000E+00      0.000000000000E+00
      0.000000000000E+00      0.000000000000E+00      0.194128573098E+00
      0.000000000000E+00      0.000000000000E+00      0.000000000000E+00
      0.000000000000E+00      0.000000000000E+00      0.000000000000E+00
      0.000000000000E+00      0.298328028282E+00      0.000000000000E+00
  1  2
     -0.100754074851E+00     -0.100754074851E+00     -0.775171163856E-01
      0.775171163856E-01      0.346944695195E-17      0.000000000000E+00
     -0.775171163856E-01      0.775171163856E-01     -0.100754074851E+00
     -0.100754074851E+00      0.346944695195E-17      0.000000000000E+00
      0.346944695195E-17      0.000000000000E+00      0.346944695195E-17
      0.000000000000E+00     -0.130967364740E+00     -0.130967364740E+00
  2  1
     -0.100754074851E+00      0.100754074851E+00     -0.775171163856E-01
     -0.775171163856E-01     -0.138777878078E-16      0.000000000000E+00
     -0.775171163856E-01     -0.775171163856E-01     -0.100754074851E+00
      0.100754074851E+00     -0.138777878078E-16      0.000000000000E+00
     -0.693889390391E-17      0.000000000000E+00      0.000000000000E+00
      0.000000000000E+00     -0.130967364740E+00      0.130967364740E+00
  2  2
      0.215826659043E+00      0.000000000000E+00      0.000000000000E+00
      0.000000000000E+00      0.000000000000E+00      0.000000000000E+00
      0.000000000000E+00      0.000000000000E+00      0.215826659043E+00
      0.000000000000E+00      0.000000000000E+00      0.000000000000E+00
      0.000000000000E+00      0.000000000000E+00      0.000000000000E+00
      0.000000000000E+00      0.271134262688E+00      0.000000000000E+00

     Dynamical  Matrix in cartesian axes

     q = (    0.000000000   0.500000000   0.000000000 ) 

  1  1
      0.194128573098E+00      0.000000000000E+00      0.000000000000E+00
      0.000000000000E+00      0.000000000000E+00      0.000000000000E+00
      0.000000000000E+00      0.000000000000E+00      0.298328028282E+00
      0.000000000000E+00      0.000000000000E+00      0.000000000000E+00
      0.000000000000E+00      0.000000000000E+00      0.000000000000E+00
      0.000000000000E+00      0.194128573098E+00      0.000000000000E+00
  1  2
     -0.100754074851E+00      0.100754074851E+00      0.000000000000E+00
      0.000000000000E+00     -0.775171163856E-01     -0.775171163856E-01
      0.000000000000E+00      0.000000000000E+00     -0.130967364740E+00
      0.130967364740E+00      0.138777878078E-16      0.000000000000E+00
     -0.775171163856E-01     -0.775171163856E-01      0.000000000000E+00
      0.000000000000E+00     -0.100754074851E+00      0.100754074851E+00
  2  1
     -0.100754074851E+00     -0.100754074851E+00     -0.208166817117E-16
     -0.138777878078E-16     -0.775171163856E-01      0.775171163856E-01
     -0.693889390391E-17     -0.138777878078E-16     -0.130967364740E+00
     -0.130967364740E+00      0.693889390391E-17     -0.693889390391E-17
     -0.775171163856E-01      0.775171163856E-01     -0.208166817117E-16
     -0.138777878078E-16     -0.100754074851E+00     -0.100754074851E+00
  2  2
      0.215826659043E+00      0.000000000000E+00      0.000000000000E+00
      0.000000000000E+00      0.000000000000E+00      0.000000000000E+00
      0.000000000000E+00      0.000000000000E+00      0.271134262688E+00
      0.000000000000E+00      0.000000000000E+00      0.000000000000E+00
      0.000000000000E+00      0.000000000000E+00      0.000000000000E+00
      0.000000000000E+00      0.215826659043E+00      0.000000000000E+00

     Dynamical  Matrix in cartesian axes

     q = (    0.000000000  -0.500000000   0.000000000 ) 

  1  1
      0.194128573098E+00      0.000000000000E+00      0.000000000000E+00
      0.000000000000E+00      0.000000000000E+00      0.000000000000E+00
      0.000000000000E+00      0.000000000000E+00      0.298328028282E+00
      0.000000000000E+00      0.000000000000E+00      0.000000000000E+00
      0.000000000000E+00      0.000000000000E+00      0.000000000000E+00
      0.000000000000E+00      0.194128573098E+00      0.000000000000E+00
  1  2
     -0.100754074851E+00     -0.100754074851E+00     -0.693889390391E-17
     -0.693889390391E-17     -0.775171163856E-01      0.775171163856E-01
     -0.693889390391E-17     -0.693889390391E-17     -0.130967364740E+00
     -0.130967364740E+00      0.693889390391E-17     -0.138777878078E-16
     -0.775171163856E-01      0.775171163856E-01     -0.693889390391E-17
     -0.693889390391E-17     -0.100754074851E+00     -0.100754074851E+00
  2  1
     -0.100754074851E+00      0.100754074851E+00     -0.693889390391E-17
      0.693889390391E-17     -0.775171163856E-01     -0.775171163856E-01
      0.693889390391E-17      0.693889390391E-17     -0.130967364740E+00
      0.130967364740E+00      0.000000000000E+00      0.000000000000E+00
     -0.775171163856E-01     -0.775171163856E-01     -0.693889390391E-17
      0.693889390391E-17     -0.100754074851E+00      0.100754074851E+00
  2  2
      0.215826659043E+00      0.000000000000E+00      0.000000000000E+00
      0.000000000000E+00      0.000000000000E+00      0.000000000000E+00
      0.000000000000E+00      0.000000000000E+00      0.271134262688E+00
      0.000000000000E+00      0.000000000000E+00      0.000000000000E+00
      0.000000000000E+00      0.000000000000E+00      0.000000000000E+00
      0.000000000000E+00      0.215826659043E+00      0.000000000000E+00

     Dynamical  Matrix in cartesian axes

     q = (    0.500000000   0.000000000   0.000000000 ) 

  1  1
      0.298328028282E+00      0.000000000000E+00      0.000000000000E+00
      0.000000000000E+00      0.000000000000E+00      0.000000000000E+00
      0.000000000000E+00      0.000000000000E+00      0.194128573098E+00
      0.000000000000E+00      0.000000000000E+00      0.000000000000E+00
      0.000000000000E+00      0.000000000000E+00      0.000000000000E+00
      0.000000000000E+00      0.194128573098E+00      0.000000000000E+00
  1  2
     -0.130967364740E+00      0.130967364740E+00      0.693889390391E-17
      0.000000000000E+00     -0.208166817117E-16      0.000000000000E+00
      0.693889390391E-17      0.000000000000E+00     -0.100754074851E+00
      0.100754074851E+00     -0.775171163856E-01     -0.775171163856E-01
     -0.693889390391E-17      0.000000000000E+00     -0.775171163856E-01
     -0.775171163856E-01     -0.100754074851E+00      0.100754074851E+00
  2  1
     -0.130967364740E+00     -0.130967364740E+00      0.208166817117E-16
      0.693889390391E-17      0.693889390391E-17     -0.693889390391E-17
      0.000000000000E+00      0.138777878078E-16     -0.100754074851E+00
     -0.100754074851E+00     -0.775171163856E-01      0.775171163856E-01
      0.000000000000E+00     -0.138777878078E-16     -0.775171163856E-01
      0.775171163856E-01     -0.100754074851E+00     -0.100754074851E+00
  2  2
      0.271134262688E+00      0.000000000000E+00      0.000000000000E+00
      0.000000000000E+00      0.000000000000E+00      0.000000000000E+00
      0.000000000000E+00      0.000000000000E+00      0.215826659043E+00
      0.000000000000E+00      0.000000000000E+00      0.000000000000E+00
      0.000000000000E+00      0.000000000000E+00      0.000000000000E+00
      0.000000000000E+00      0.215826659043E+00      0.000000000000E+00

     Dynamical  Matrix in cartesian axes

     q = (   -0.500000000   0.000000000   0.000000000 ) 

  1  1
      0.298328028282E+00      0.000000000000E+00      0.000000000000E+00
      0.000000000000E+00      0.000000000000E+00      0.000000000000E+00
      0.000000000000E+00      0.000000000000E+00      0.194128573098E+00
      0.000000000000E+00      0.000000000000E+00      0.000000000000E+00
      0.000000000000E+00      0.000000000000E+00      0.000000000000E+00
      0.000000000000E+00      0.194128573098E+00      0.000000000000E+00
  1  2
     -0.130967364740E+00     -0.130967364740E+00      0.693889390391E-17
      0.693889390391E-17     -0.138777878078E-16      0.000000000000E+00
     -0.208166817117E-16      0.138777878078E-16     -0.100754074851E+00
     -0.100754074851E+00     -0.775171163856E-01      0.775171163856E-01
      0.208166817117E-16      0.000000000000E+00     -0.775171163856E-01
      0.775171163856E-01     -0.100754074851E+00     -0.100754074851E+00
  2  1
     -0.130967364740E+00      0.130967364740E+00     -0.693889390391E-17
      0.000000000000E+00      0.693889390391E-17      0.000000000000E+00
      0.138777878078E-16      0.000000000000E+00     -0.100754074851E+00
      0.100754074851E+00     -0.775171163856E-01     -0.775171163856E-01
     -0.138777878078E-16      0.138777878078E-16     -0.775171163856E-01
     -0.775171163856E-01     -0.100754074851E+00      0.100754074851E+00
  2  2
      0.271134262688E+00      0.000000000000E+00      0.000000000000E+00
      0.000000000000E+00      0.000000000000E+00      0.000000000000E+00
      0.000000000000E+00      0.000000000000E+00      0.215826659043E+00
      0.000000000000E+00      0.000000000000E+00      0.000000000000E+00
      0.000000000000E+00      0.000000000000E+00      0.000000000000E+00
      0.000000000000E+00      0.215826659043E+00      0.000000000000E+00

     Diagonalizing the dynamical matrix

     q = (    0.000000000   0.000000000   0.500000000 ) 

 **************************************************************************
     omega( 1) =       2.423352 [THz] =      80.834861 [cm-1]
 (  0.186161  0.187162 -0.260942  0.599525  0.000000  0.000000 ) 
 (  0.146244  0.583489 -0.323064  0.191250  0.000000  0.000000 ) 
     omega( 2) =       2.423352 [THz] =      80.834861 [cm-1]
 (  0.542626  0.364798  0.056144 -0.257941  0.000000  0.000000 ) 
 (  0.012721  0.375213  0.570465 -0.190832  0.000000  0.000000 ) 
     omega( 3) =       4.608061 [THz] =     153.709378 [cm-1]
 (  0.000000  0.000000  0.000000  0.000000  0.420841 -0.420841 ) 
 (  0.000000  0.000000  0.000000  0.000000  0.803608  0.000000 ) 
     omega( 4) =      10.667036 [THz] =     355.816382 [cm-1]
 (  0.753714  0.459156  0.320514 -0.068518  0.000000  0.000000 ) 
 ( -0.098028 -0.183349 -0.265357 -0.005092  0.000000  0.000000 ) 
     omega( 5) =      10.667036 [THz] =     355.816382 [cm-1]
 ( -0.261874  0.197094  0.147449 -0.870154  0.000000  0.000000 ) 
 (  0.203706  0.170129 -0.194227  0.074175  0.000000  0.000000 ) 
     omega( 6) =      12.371553 [THz] =     412.673334 [cm-1]
 (  0.000000  0.000000  0.000000  0.000000  0.683225 -0.683225 ) 
 (  0.000000  0.000000  0.000000  0.000000 -0.257698  0.000000 ) 
 **************************************************************************
