                                                                           
phonons of AlAs at -0.25,-.25,0.25                                         
  2    2  2 10.5000000  0.0000000  0.0000000  0.0000000  0.0000000  0.0000000
           1  'Al  '    24588.6885119930     
           2  'As  '    68279.6346671058     
    1    1      0.0000000      0.0000000      0.0000000
    2    2      0.2500000      0.2500000      0.2500000

     Dynamical  Matrix in cartesian axes

     q = (   -0.250000000  -0.250000000   0.250000000 ) 

  1  1
      0.232003352599E+00     -0.802470810161E-35      0.254683974375E-01
     -0.401235405081E-35     -0.254683974375E-01      0.000000000000E+00
      0.254683974375E-01     -0.401235405081E-35      0.232003352599E+00
     -0.160494162032E-34     -0.254683974375E-01      0.401235405081E-35
     -0.254683974375E-01      0.000000000000E+00     -0.254683974375E-01
      0.401235405081E-35      0.232003352599E+00     -0.802470810161E-35
  1  2
     -0.165093236024E+00     -0.584847021204E-01      0.294670265340E-01
     -0.460010148322E-01     -0.294670265340E-01      0.460010148322E-01
      0.294670265340E-01     -0.460010148322E-01     -0.165093236024E+00
     -0.584847021204E-01     -0.294670265340E-01      0.460010148322E-01
     -0.294670265340E-01      0.460010148322E-01     -0.294670265340E-01
      0.460010148322E-01     -0.165093236024E+00     -0.584847021204E-01
  2  1
     -0.165093236024E+00      0.584847021204E-01      0.294670265340E-01
      0.460010148322E-01     -0.294670265340E-01     -0.460010148322E-01
      0.294670265340E-01      0.460010148322E-01     -0.165093236024E+00
      0.584847021204E-01     -0.294670265340E-01     -0.460010148322E-01
     -0.294670265340E-01     -0.460010148322E-01     -0.294670265340E-01
     -0.460010148322E-01     -0.165093236024E+00      0.584847021204E-01
  2  2
      0.231259883961E+00      0.000000000000E+00      0.210625620646E-01
      0.000000000000E+00     -0.210625620646E-01      0.000000000000E+00
      0.210625620646E-01      0.000000000000E+00      0.231259883961E+00
      0.000000000000E+00     -0.210625620646E-01      0.000000000000E+00
     -0.210625620646E-01      0.000000000000E+00     -0.210625620646E-01
      0.000000000000E+00      0.231259883961E+00      0.000000000000E+00

     Dynamical  Matrix in cartesian axes

     q = (    0.250000000   0.250000000  -0.250000000 ) 

  1  1
      0.232003352599E+00      0.802470810161E-35      0.254683974375E-01
      0.401235405081E-35     -0.254683974375E-01      0.000000000000E+00
      0.254683974375E-01      0.401235405081E-35      0.232003352599E+00
      0.160494162032E-34     -0.254683974375E-01     -0.401235405081E-35
     -0.254683974375E-01      0.000000000000E+00     -0.254683974375E-01
     -0.401235405081E-35      0.232003352599E+00      0.802470810161E-35
  1  2
     -0.165093236024E+00      0.584847021204E-01      0.294670265340E-01
      0.460010148322E-01     -0.294670265340E-01     -0.460010148322E-01
      0.294670265340E-01      0.460010148322E-01     -0.165093236024E+00
      0.584847021204E-01     -0.294670265340E-01     -0.460010148322E-01
     -0.294670265340E-01     -0.460010148322E-01     -0.294670265340E-01
     -0.460010148322E-01     -0.165093236024E+00      0.584847021204E-01
  2  1
     -0.165093236024E+00     -0.584847021204E-01      0.294670265340E-01
     -0.460010148322E-01     -0.294670265340E-01      0.460010148322E-01
      0.294670265340E-01     -0.460010148322E-01     -0.165093236024E+00
     -0.584847021204E-01     -0.294670265340E-01      0.460010148322E-01
     -0.294670265340E-01      0.460010148322E-01     -0.294670265340E-01
      0.460010148322E-01     -0.165093236024E+00     -0.584847021204E-01
  2  2
      0.231259883961E+00      0.000000000000E+00      0.210625620646E-01
      0.000000000000E+00     -0.210625620646E-01      0.000000000000E+00
      0.210625620646E-01      0.000000000000E+00      0.231259883961E+00
      0.000000000000E+00     -0.210625620646E-01      0.000000000000E+00
     -0.210625620646E-01      0.000000000000E+00     -0.210625620646E-01
      0.000000000000E+00      0.231259883961E+00      0.000000000000E+00

     Dynamical  Matrix in cartesian axes

     q = (    0.250000000   0.250000000   0.250000000 ) 

  1  1
      0.232003352599E+00     -0.160494162032E-34      0.254683974375E-01
     -0.401235405081E-35      0.254683974375E-01     -0.120370621524E-34
      0.254683974375E-01     -0.401235405081E-35      0.232003352599E+00
     -0.802470810161E-35      0.254683974375E-01     -0.802470810161E-35
      0.254683974375E-01      0.401235405081E-35      0.254683974375E-01
      0.802470810161E-35      0.232003352599E+00     -0.802470810161E-35
  1  2
     -0.584847021204E-01      0.165093236024E+00     -0.460010148322E-01
     -0.294670265340E-01     -0.460010148322E-01     -0.294670265340E-01
     -0.460010148322E-01     -0.294670265340E-01     -0.584847021204E-01
      0.165093236024E+00     -0.460010148322E-01     -0.294670265340E-01
     -0.460010148322E-01     -0.294670265340E-01     -0.460010148322E-01
     -0.294670265340E-01     -0.584847021204E-01      0.165093236024E+00
  2  1
     -0.584847021204E-01     -0.165093236024E+00     -0.460010148322E-01
      0.294670265340E-01     -0.460010148322E-01      0.294670265340E-01
     -0.460010148322E-01      0.294670265340E-01     -0.584847021204E-01
     -0.165093236024E+00     -0.460010148322E-01      0.294670265340E-01
     -0.460010148322E-01      0.294670265340E-01     -0.460010148322E-01
      0.294670265340E-01     -0.584847021204E-01     -0.165093236024E+00
  2  2
      0.231259883961E+00      0.000000000000E+00      0.210625620646E-01
      0.000000000000E+00      0.210625620646E-01      0.000000000000E+00
      0.210625620646E-01      0.000000000000E+00      0.231259883961E+00
      0.000000000000E+00      0.210625620646E-01      0.000000000000E+00
      0.210625620646E-01      0.000000000000E+00      0.210625620646E-01
      0.000000000000E+00      0.231259883961E+00      0.000000000000E+00

     Dynamical  Matrix in cartesian axes

     q = (   -0.250000000  -0.250000000  -0.250000000 ) 

  1  1
      0.232003352599E+00      0.160494162032E-34      0.254683974375E-01
      0.401235405081E-35      0.254683974375E-01      0.120370621524E-34
      0.254683974375E-01      0.401235405081E-35      0.232003352599E+00
      0.802470810161E-35      0.254683974375E-01      0.802470810161E-35
      0.254683974375E-01     -0.401235405081E-35      0.254683974375E-01
     -0.802470810161E-35      0.232003352599E+00      0.802470810161E-35
  1  2
     -0.584847021204E-01     -0.165093236024E+00     -0.460010148322E-01
      0.294670265340E-01     -0.460010148322E-01      0.294670265340E-01
     -0.460010148322E-01      0.294670265340E-01     -0.584847021204E-01
     -0.165093236024E+00     -0.460010148322E-01      0.294670265340E-01
     -0.460010148322E-01      0.294670265340E-01     -0.460010148322E-01
      0.294670265340E-01     -0.584847021204E-01     -0.165093236024E+00
  2  1
     -0.584847021204E-01      0.165093236024E+00     -0.460010148322E-01
     -0.294670265340E-01     -0.460010148322E-01     -0.294670265340E-01
     -0.460010148322E-01     -0.294670265340E-01     -0.584847021204E-01
      0.165093236024E+00     -0.460010148322E-01     -0.294670265340E-01
     -0.460010148322E-01     -0.294670265340E-01     -0.460010148322E-01
     -0.294670265340E-01     -0.584847021204E-01      0.165093236024E+00
  2  2
      0.231259883961E+00      0.000000000000E+00      0.210625620646E-01
      0.000000000000E+00      0.210625620646E-01      0.000000000000E+00
      0.210625620646E-01      0.000000000000E+00      0.231259883961E+00
      0.000000000000E+00      0.210625620646E-01      0.000000000000E+00
      0.210625620646E-01      0.000000000000E+00      0.210625620646E-01
      0.000000000000E+00      0.231259883961E+00      0.000000000000E+00

     Dynamical  Matrix in cartesian axes

     q = (    0.250000000  -0.250000000  -0.250000000 ) 

  1  1
      0.232003352599E+00     -0.120370621524E-34     -0.254683974375E-01
      0.401235405081E-35     -0.254683974375E-01     -0.401235405081E-35
     -0.254683974375E-01     -0.120370621524E-34      0.232003352599E+00
     -0.120370621524E-34      0.254683974375E-01     -0.401235405081E-35
     -0.254683974375E-01     -0.401235405081E-35      0.254683974375E-01
      0.120370621524E-34      0.232003352599E+00     -0.120370621524E-34
  1  2
     -0.165093236024E+00     -0.584847021204E-01     -0.294670265340E-01
      0.460010148322E-01     -0.294670265340E-01      0.460010148322E-01
     -0.294670265340E-01      0.460010148322E-01     -0.165093236024E+00
     -0.584847021204E-01      0.294670265340E-01     -0.460010148322E-01
     -0.294670265340E-01      0.460010148322E-01      0.294670265340E-01
     -0.460010148322E-01     -0.165093236024E+00     -0.584847021204E-01
  2  1
     -0.165093236024E+00      0.584847021204E-01     -0.294670265340E-01
     -0.460010148322E-01     -0.294670265340E-01     -0.460010148322E-01
     -0.294670265340E-01     -0.460010148322E-01     -0.165093236024E+00
      0.584847021204E-01      0.294670265340E-01      0.460010148322E-01
     -0.294670265340E-01     -0.460010148322E-01      0.294670265340E-01
      0.460010148322E-01     -0.165093236024E+00      0.584847021204E-01
  2  2
      0.231259883961E+00      0.000000000000E+00     -0.210625620646E-01
      0.000000000000E+00     -0.210625620646E-01      0.000000000000E+00
     -0.210625620646E-01      0.000000000000E+00      0.231259883961E+00
      0.000000000000E+00      0.210625620646E-01      0.000000000000E+00
     -0.210625620646E-01      0.000000000000E+00      0.210625620646E-01
      0.000000000000E+00      0.231259883961E+00      0.000000000000E+00

     Dynamical  Matrix in cartesian axes

     q = (   -0.250000000   0.250000000   0.250000000 ) 

  1  1
      0.232003352599E+00      0.120370621524E-34     -0.254683974375E-01
     -0.401235405081E-35     -0.254683974375E-01      0.401235405081E-35
     -0.254683974375E-01      0.120370621524E-34      0.232003352599E+00
      0.120370621524E-34      0.254683974375E-01      0.401235405081E-35
     -0.254683974375E-01      0.401235405081E-35      0.254683974375E-01
     -0.120370621524E-34      0.232003352599E+00      0.120370621524E-34
  1  2
     -0.165093236024E+00      0.584847021204E-01     -0.294670265340E-01
     -0.460010148322E-01     -0.294670265340E-01     -0.460010148322E-01
     -0.294670265340E-01     -0.460010148322E-01     -0.165093236024E+00
      0.584847021204E-01      0.294670265340E-01      0.460010148322E-01
     -0.294670265340E-01     -0.460010148322E-01      0.294670265340E-01
      0.460010148322E-01     -0.165093236024E+00      0.584847021204E-01
  2  1
     -0.165093236024E+00     -0.584847021204E-01     -0.294670265340E-01
      0.460010148322E-01     -0.294670265340E-01      0.460010148322E-01
     -0.294670265340E-01      0.460010148322E-01     -0.165093236024E+00
     -0.584847021204E-01      0.294670265340E-01     -0.460010148322E-01
     -0.294670265340E-01      0.460010148322E-01      0.294670265340E-01
     -0.460010148322E-01     -0.165093236024E+00     -0.584847021204E-01
  2  2
      0.231259883961E+00      0.000000000000E+00     -0.210625620646E-01
      0.000000000000E+00     -0.210625620646E-01      0.000000000000E+00
     -0.210625620646E-01      0.000000000000E+00      0.231259883961E+00
      0.000000000000E+00      0.210625620646E-01      0.000000000000E+00
     -0.210625620646E-01      0.000000000000E+00      0.210625620646E-01
      0.000000000000E+00      0.231259883961E+00      0.000000000000E+00

     Dynamical  Matrix in cartesian axes

     q = (   -0.250000000   0.250000000  -0.250000000 ) 

  1  1
      0.232003352599E+00     -0.802470810161E-35     -0.254683974375E-01
      0.802470810161E-35      0.254683974375E-01     -0.120370621524E-34
     -0.254683974375E-01     -0.802470810161E-35      0.232003352599E+00
     -0.802470810161E-35     -0.254683974375E-01      0.401235405081E-35
      0.254683974375E-01      0.401235405081E-35     -0.254683974375E-01
      0.401235405081E-35      0.232003352599E+00     -0.160494162032E-34
  1  2
     -0.165093236024E+00     -0.584847021204E-01     -0.294670265340E-01
      0.460010148322E-01      0.294670265340E-01     -0.460010148322E-01
     -0.294670265340E-01      0.460010148322E-01     -0.165093236024E+00
     -0.584847021204E-01     -0.294670265340E-01      0.460010148322E-01
      0.294670265340E-01     -0.460010148322E-01     -0.294670265340E-01
      0.460010148322E-01     -0.165093236024E+00     -0.584847021204E-01
  2  1
     -0.165093236024E+00      0.584847021204E-01     -0.294670265340E-01
     -0.460010148322E-01      0.294670265340E-01      0.460010148322E-01
     -0.294670265340E-01     -0.460010148322E-01     -0.165093236024E+00
      0.584847021204E-01     -0.294670265340E-01     -0.460010148322E-01
      0.294670265340E-01      0.460010148322E-01     -0.294670265340E-01
     -0.460010148322E-01     -0.165093236024E+00      0.584847021204E-01
  2  2
      0.231259883961E+00      0.000000000000E+00     -0.210625620646E-01
      0.000000000000E+00      0.210625620646E-01      0.000000000000E+00
     -0.210625620646E-01      0.000000000000E+00      0.231259883961E+00
      0.000000000000E+00     -0.210625620646E-01      0.000000000000E+00
      0.210625620646E-01      0.000000000000E+00     -0.210625620646E-01
      0.000000000000E+00      0.231259883961E+00      0.000000000000E+00

     Dynamical  Matrix in cartesian axes

     q = (    0.250000000  -0.250000000   0.250000000 ) 

  1  1
      0.232003352599E+00      0.802470810161E-35     -0.254683974375E-01
     -0.802470810161E-35      0.254683974375E-01      0.120370621524E-34
     -0.254683974375E-01      0.802470810161E-35      0.232003352599E+00
      0.802470810161E-35     -0.254683974375E-01     -0.401235405081E-35
      0.254683974375E-01     -0.401235405081E-35     -0.254683974375E-01
     -0.401235405081E-35      0.232003352599E+00      0.160494162032E-34
  1  2
     -0.165093236024E+00      0.584847021204E-01     -0.294670265340E-01
     -0.460010148322E-01      0.294670265340E-01      0.460010148322E-01
     -0.294670265340E-01     -0.460010148322E-01     -0.165093236024E+00
      0.584847021204E-01     -0.294670265340E-01     -0.460010148322E-01
      0.294670265340E-01      0.460010148322E-01     -0.294670265340E-01
     -0.460010148322E-01     -0.165093236024E+00      0.584847021204E-01
  2  1
     -0.165093236024E+00     -0.584847021204E-01     -0.294670265340E-01
      0.460010148322E-01      0.294670265340E-01     -0.460010148322E-01
     -0.294670265340E-01      0.460010148322E-01     -0.165093236024E+00
     -0.584847021204E-01     -0.294670265340E-01      0.460010148322E-01
      0.294670265340E-01     -0.460010148322E-01     -0.294670265340E-01
      0.460010148322E-01     -0.165093236024E+00     -0.584847021204E-01
  2  2
      0.231259883961E+00      0.000000000000E+00     -0.210625620646E-01
      0.000000000000E+00      0.210625620646E-01      0.000000000000E+00
     -0.210625620646E-01      0.000000000000E+00      0.231259883961E+00
      0.000000000000E+00     -0.210625620646E-01      0.000000000000E+00
      0.210625620646E-01      0.000000000000E+00     -0.210625620646E-01
      0.000000000000E+00      0.231259883961E+00      0.000000000000E+00

     Diagonalizing the dynamical matrix

     q = (   -0.250000000  -0.250000000   0.250000000 ) 

 **************************************************************************
     omega( 1) =       1.764314 [THz] =      58.851562 [cm-1]
 ( -0.474498  0.028579  0.510517 -0.026268  0.036019  0.002311 ) 
 ( -0.482588  0.060264  0.519515 -0.060264  0.036927  0.000000 ) 
     omega( 2) =       1.764314 [THz] =      58.851562 [cm-1]
 (  0.315415  0.016498  0.252996  0.019973  0.568411  0.036471 ) 
 (  0.323118 -0.003819  0.259616  0.003819  0.582734  0.000000 ) 
     omega( 3) =       4.535813 [THz] =     151.299427 [cm-1]
 (  0.204638  0.290086  0.204638  0.290086 -0.204638 -0.290086 ) 
 (  0.455309  0.000000  0.455309  0.000000 -0.455309  0.000000 ) 
     omega( 4) =      11.005180 [THz] =     367.095724 [cm-1]
 (  0.471825 -0.201256 -0.726251  0.184931 -0.254427 -0.016325 ) 
 ( -0.161200  0.081328  0.250939 -0.081328  0.089739  0.000000 ) 
     omega( 5) =      11.005180 [THz] =     367.095724 [cm-1]
 ( -0.572778  0.044470 -0.152487 -0.091006 -0.725265 -0.046536 ) 
 (  0.200195 -0.028530  0.055615  0.028530  0.255810  0.000000 ) 
     omega( 6) =      12.136704 [THz] =     404.839555 [cm-1]
 (  0.320418  0.454210  0.320418  0.454210 -0.320418 -0.454210 ) 
 ( -0.156074  0.000000 -0.156074  0.000000  0.156074  0.000000 ) 
 **************************************************************************
