                                                                           
phonons of AlAs at -0.50,-.50,0.50                                         
  2    2  2 10.5000000  0.0000000  0.0000000  0.0000000  0.0000000  0.0000000
           1  'Al  '    24588.6885119930     
           2  'As  '    68279.6346671058     
    1    1      0.0000000      0.0000000      0.0000000
    2    2      0.2500000      0.2500000      0.2500000

     Dynamical  Matrix in cartesian axes

     q = (   -0.500000000  -0.500000000   0.500000000 ) 

  1  1
      0.236974256636E+00      0.000000000000E+00      0.307558279741E-01
      0.000000000000E+00     -0.307558279741E-01      0.000000000000E+00
      0.307558279741E-01      0.000000000000E+00      0.236974256636E+00
      0.000000000000E+00     -0.307558279741E-01      0.000000000000E+00
     -0.307558279741E-01      0.000000000000E+00     -0.307558279741E-01
      0.000000000000E+00      0.236974256636E+00      0.000000000000E+00
  1  2
     -0.109321433869E+00      0.000000000000E+00      0.803078659832E-01
      0.000000000000E+00     -0.803078659832E-01      0.000000000000E+00
      0.803078659832E-01      0.000000000000E+00     -0.109321433869E+00
      0.000000000000E+00     -0.803078659832E-01      0.000000000000E+00
     -0.803078659832E-01      0.000000000000E+00     -0.803078659832E-01
      0.000000000000E+00     -0.109321433869E+00      0.000000000000E+00
  2  1
     -0.109321433869E+00      0.000000000000E+00      0.803078659832E-01
      0.000000000000E+00     -0.803078659832E-01      0.000000000000E+00
      0.803078659832E-01      0.000000000000E+00     -0.109321433869E+00
      0.000000000000E+00     -0.803078659832E-01      0.000000000000E+00
     -0.803078659832E-01      0.000000000000E+00     -0.803078659832E-01
      0.000000000000E+00     -0.109321433869E+00      0.000000000000E+00
  2  2
      0.231934040166E+00      0.000000000000E+00      0.236332279603E-01
      0.000000000000E+00     -0.236332279603E-01      0.000000000000E+00
      0.236332279603E-01      0.000000000000E+00      0.231934040166E+00
      0.000000000000E+00     -0.236332279603E-01      0.000000000000E+00
     -0.236332279603E-01      0.000000000000E+00     -0.236332279603E-01
      0.000000000000E+00      0.231934040166E+00      0.000000000000E+00

     Dynamical  Matrix in cartesian axes

     q = (    0.500000000   0.500000000   0.500000000 ) 

  1  1
      0.236974256636E+00      0.000000000000E+00      0.307558279741E-01
      0.000000000000E+00      0.307558279741E-01      0.000000000000E+00
      0.307558279741E-01      0.000000000000E+00      0.236974256636E+00
      0.000000000000E+00      0.307558279741E-01      0.000000000000E+00
      0.307558279741E-01      0.000000000000E+00      0.307558279741E-01
      0.000000000000E+00      0.236974256636E+00      0.000000000000E+00
  1  2
      0.109321433869E+00      0.353226856560E-15     -0.803078659832E-01
     -0.259481549539E-15     -0.803078659832E-01     -0.259481549539E-15
     -0.803078659832E-01     -0.259481549539E-15      0.109321433869E+00
      0.353226856560E-15     -0.803078659832E-01     -0.259481549539E-15
     -0.803078659832E-01     -0.259481549539E-15     -0.803078659832E-01
     -0.259481549539E-15      0.109321433869E+00      0.353226856560E-15
  2  1
      0.109321433869E+00     -0.353226856560E-15     -0.803078659832E-01
      0.259481549539E-15     -0.803078659832E-01      0.259481549539E-15
     -0.803078659832E-01      0.259481549539E-15      0.109321433869E+00
     -0.353226856560E-15     -0.803078659832E-01      0.259481549539E-15
     -0.803078659832E-01      0.259481549539E-15     -0.803078659832E-01
      0.259481549539E-15      0.109321433869E+00     -0.353226856560E-15
  2  2
      0.231934040166E+00      0.000000000000E+00      0.236332279603E-01
      0.000000000000E+00      0.236332279603E-01      0.000000000000E+00
      0.236332279603E-01      0.000000000000E+00      0.231934040166E+00
      0.000000000000E+00      0.236332279603E-01      0.000000000000E+00
      0.236332279603E-01      0.000000000000E+00      0.236332279603E-01
      0.000000000000E+00      0.231934040166E+00      0.000000000000E+00

     Dynamical  Matrix in cartesian axes

     q = (    0.500000000  -0.500000000  -0.500000000 ) 

  1  1
      0.236974256636E+00      0.000000000000E+00     -0.307558279741E-01
      0.000000000000E+00     -0.307558279741E-01      0.000000000000E+00
     -0.307558279741E-01      0.000000000000E+00      0.236974256636E+00
      0.000000000000E+00      0.307558279741E-01      0.000000000000E+00
     -0.307558279741E-01      0.000000000000E+00      0.307558279741E-01
      0.000000000000E+00      0.236974256636E+00      0.000000000000E+00
  1  2
     -0.109321433869E+00      0.000000000000E+00     -0.803078659832E-01
      0.000000000000E+00     -0.803078659832E-01      0.000000000000E+00
     -0.803078659832E-01      0.000000000000E+00     -0.109321433869E+00
      0.000000000000E+00      0.803078659832E-01      0.000000000000E+00
     -0.803078659832E-01      0.000000000000E+00      0.803078659832E-01
      0.000000000000E+00     -0.109321433869E+00      0.000000000000E+00
  2  1
     -0.109321433869E+00      0.000000000000E+00     -0.803078659832E-01
      0.000000000000E+00     -0.803078659832E-01      0.000000000000E+00
     -0.803078659832E-01      0.000000000000E+00     -0.109321433869E+00
      0.000000000000E+00      0.803078659832E-01      0.000000000000E+00
     -0.803078659832E-01      0.000000000000E+00      0.803078659832E-01
      0.000000000000E+00     -0.109321433869E+00      0.000000000000E+00
  2  2
      0.231934040166E+00      0.000000000000E+00     -0.236332279603E-01
      0.000000000000E+00     -0.236332279603E-01      0.000000000000E+00
     -0.236332279603E-01      0.000000000000E+00      0.231934040166E+00
      0.000000000000E+00      0.236332279603E-01      0.000000000000E+00
     -0.236332279603E-01      0.000000000000E+00      0.236332279603E-01
      0.000000000000E+00      0.231934040166E+00      0.000000000000E+00

     Dynamical  Matrix in cartesian axes

     q = (   -0.500000000   0.500000000  -0.500000000 ) 

  1  1
      0.236974256636E+00      0.000000000000E+00     -0.307558279741E-01
      0.000000000000E+00      0.307558279741E-01      0.000000000000E+00
     -0.307558279741E-01      0.000000000000E+00      0.236974256636E+00
      0.000000000000E+00     -0.307558279741E-01      0.000000000000E+00
      0.307558279741E-01      0.000000000000E+00     -0.307558279741E-01
      0.000000000000E+00      0.236974256636E+00      0.000000000000E+00
  1  2
     -0.109321433869E+00      0.000000000000E+00     -0.803078659832E-01
      0.000000000000E+00      0.803078659832E-01      0.000000000000E+00
     -0.803078659832E-01      0.000000000000E+00     -0.109321433869E+00
      0.000000000000E+00     -0.803078659832E-01      0.000000000000E+00
      0.803078659832E-01      0.000000000000E+00     -0.803078659832E-01
      0.000000000000E+00     -0.109321433869E+00      0.000000000000E+00
  2  1
     -0.109321433869E+00      0.000000000000E+00     -0.803078659832E-01
      0.000000000000E+00      0.803078659832E-01      0.000000000000E+00
     -0.803078659832E-01      0.000000000000E+00     -0.109321433869E+00
      0.000000000000E+00     -0.803078659832E-01      0.000000000000E+00
      0.803078659832E-01      0.000000000000E+00     -0.803078659832E-01
      0.000000000000E+00     -0.109321433869E+00      0.000000000000E+00
  2  2
      0.231934040166E+00      0.000000000000E+00     -0.236332279603E-01
      0.000000000000E+00      0.236332279603E-01      0.000000000000E+00
     -0.236332279603E-01      0.000000000000E+00      0.231934040166E+00
      0.000000000000E+00     -0.236332279603E-01      0.000000000000E+00
      0.236332279603E-01      0.000000000000E+00     -0.236332279603E-01
      0.000000000000E+00      0.231934040166E+00      0.000000000000E+00

     Diagonalizing the dynamical matrix

     q = (   -0.500000000  -0.500000000   0.500000000 ) 

 **************************************************************************
     omega( 1) =       2.019297 [THz] =      67.356935 [cm-1]
 (  0.459741  0.000000  0.056498  0.000000  0.516240  0.000000 ) 
 (  0.477501  0.000000  0.058681  0.000000  0.536182  0.000000 ) 
     omega( 2) =       2.019297 [THz] =      67.356935 [cm-1]
 (  0.330671  0.000000 -0.563483  0.000000 -0.232812  0.000000 ) 
 (  0.343444  0.000000 -0.585250  0.000000 -0.241806  0.000000 ) 
     omega( 3) =       6.495967 [THz] =     216.683563 [cm-1]
 ( -0.141691  0.000000 -0.141691  0.000000  0.141691  0.000000 ) 
 (  0.559694  0.000000  0.559694  0.000000 -0.559694  0.000000 ) 
     omega( 4) =      10.941174 [THz] =     364.960707 [cm-1]
 ( -0.446438  0.000000  0.768069  0.000000  0.321632  0.000000 ) 
 (  0.154790  0.000000 -0.266308  0.000000 -0.111517  0.000000 ) 
     omega( 5) =      10.941174 [THz] =     364.960707 [cm-1]
 (  0.629139  0.000000  0.072057  0.000000  0.701196  0.000000 ) 
 ( -0.218137  0.000000 -0.024984  0.000000 -0.243121  0.000000 ) 
     omega( 6) =      11.551625 [THz] =     385.323287 [cm-1]
 ( -0.574966  0.000000 -0.574966  0.000000  0.574966  0.000000 ) 
 ( -0.052418  0.000000 -0.052418  0.000000  0.052418  0.000000 ) 
 **************************************************************************
