# final state angular momentum:   1
# broadening parameter (in eV):   0.800000000000    
# absorbing atom type:   1
# Energy (eV)   sigmatot   sigmaup    sigmadown 
  -10.00000000    0.00001265    0.00000637    0.00000628
   -9.89966555    0.00001274    0.00000642    0.00000632
   -9.79933110    0.00001284    0.00000647    0.00000637
   -9.69899666    0.00001294    0.00000651    0.00000642
   -9.59866221    0.00001303    0.00000656    0.00000647
   -9.49832776    0.00001313    0.00000661    0.00000652
   -9.39799331    0.00001324    0.00000666    0.00000657
   -9.29765886    0.00001334    0.00000672    0.00000662
   -9.19732441    0.00001344    0.00000677    0.00000667
   -9.09698997    0.00001355    0.00000682    0.00000673
   -8.99665552    0.00001366    0.00000688    0.00000678
   -8.89632107    0.00001377    0.00000693    0.00000684
   -8.79598662    0.00001388    0.00000698    0.00000689
   -8.69565217    0.00001399    0.00000704    0.00000695
   -8.59531773    0.00001410    0.00000710    0.00000700
   -8.49498328    0.00001422    0.00000716    0.00000706
   -8.39464883    0.00001433    0.00000721    0.00000712
   -8.29431438    0.00001445    0.00000727    0.00000718
   -8.19397993    0.00001457    0.00000733    0.00000724
   -8.09364548    0.00001470    0.00000739    0.00000730
   -7.99331104    0.00001482    0.00000746    0.00000736
   -7.89297659    0.00001495    0.00000752    0.00000743
   -7.79264214    0.00001507    0.00000758    0.00000749
   -7.69230769    0.00001520    0.00000765    0.00000756
   -7.59197324    0.00001534    0.00000771    0.00000762
   -7.49163880    0.00001547    0.00000778    0.00000769
   -7.39130435    0.00001561    0.00000785    0.00000776
   -7.29096990    0.00001575    0.00000792    0.00000783
   -7.19063545    0.00001589    0.00000799    0.00000790
   -7.09030100    0.00001603    0.00000806    0.00000797
   -6.98996656    0.00001618    0.00000813    0.00000805
   -6.88963211    0.00001633    0.00000820    0.00000812
   -6.78929766    0.00001648    0.00000828    0.00000820
   -6.68896321    0.00001663    0.00000835    0.00000828
   -6.58862876    0.00001678    0.00000843    0.00000835
   -6.48829431    0.00001694    0.00000851    0.00000844
   -6.38795987    0.00001710    0.00000859    0.00000852
   -6.28762542    0.00001727    0.00000867    0.00000860
   -6.18729097    0.00001744    0.00000875    0.00000869
   -6.08695652    0.00001761    0.00000883    0.00000877
   -5.98662207    0.00001778    0.00000892    0.00000886
   -5.88628763    0.00001796    0.00000901    0.00000895
   -5.78595318    0.00001814    0.00000909    0.00000904
   -5.68561873    0.00001832    0.00000918    0.00000913
   -5.58528428    0.00001851    0.00000928    0.00000923
   -5.48494983    0.00001870    0.00000937    0.00000933
   -5.38461538    0.00001889    0.00000946    0.00000943
   -5.28428094    0.00001909    0.00000956    0.00000953
   -5.18394649    0.00001929    0.00000966    0.00000963
   -5.08361204    0.00001950    0.00000976    0.00000974
   -4.98327759    0.00001971    0.00000986    0.00000985
   -4.88294314    0.00001992    0.00000996    0.00000996
   -4.78260870    0.00002014    0.00001007    0.00001007
   -4.68227425    0.00002036    0.00001018    0.00001019
   -4.58193980    0.00002059    0.00001029    0.00001031
   -4.48160535    0.00002083    0.00001040    0.00001043
   -4.38127090    0.00002107    0.00001051    0.00001055
   -4.28093645    0.00002131    0.00001063    0.00001068
   -4.18060201    0.00002156    0.00001075    0.00001081
   -4.08026756    0.00002182    0.00001087    0.00001094
   -3.97993311    0.00002208    0.00001100    0.00001108
   -3.87959866    0.00002235    0.00001112    0.00001122
   -3.77926421    0.00002262    0.00001125    0.00001137
   -3.67892977    0.00002290    0.00001139    0.00001152
   -3.57859532    0.00002319    0.00001152    0.00001167
   -3.47826087    0.00002349    0.00001166    0.00001183
   -3.37792642    0.00002379    0.00001180    0.00001199
   -3.27759197    0.00002411    0.00001194    0.00001216
   -3.17725753    0.00002443    0.00001209    0.00001234
   -3.07692308    0.00002476    0.00001224    0.00001252
   -2.97658863    0.00002510    0.00001240    0.00001270
   -2.87625418    0.00002545    0.00001256    0.00001289
   -2.77591973    0.00002581    0.00001272    0.00001309
   -2.67558528    0.00002618    0.00001288    0.00001330
   -2.57525084    0.00002657    0.00001305    0.00001352
   -2.47491639    0.00002697    0.00001323    0.00001374
   -2.37458194    0.00002738    0.00001341    0.00001397
   -2.27424749    0.00002781    0.00001359    0.00001422
   -2.17391304    0.00002825    0.00001378    0.00001447
   -2.07357860    0.00002871    0.00001397    0.00001474
   -1.97324415    0.00002919    0.00001417    0.00001502
   -1.87290970    0.00002969    0.00001437    0.00001532
   -1.77257525    0.00003021    0.00001458    0.00001563
   -1.67224080    0.00003076    0.00001480    0.00001596
   -1.57190635    0.00003134    0.00001502    0.00001632
   -1.47157191    0.00003194    0.00001525    0.00001669
   -1.37123746    0.00003258    0.00001548    0.00001710
   -1.27090301    0.00003325    0.00001572    0.00001753
   -1.17056856    0.00003396    0.00001597    0.00001800
   -1.07023411    0.00003473    0.00001622    0.00001850
   -0.96989967    0.00003554    0.00001649    0.00001906
   -0.86956522    0.00003642    0.00001676    0.00001966
   -0.76923077    0.00003736    0.00001704    0.00002033
   -0.66889632    0.00003839    0.00001733    0.00002106
   -0.56856187    0.00003950    0.00001763    0.00002188
   -0.46822742    0.00004072    0.00001794    0.00002278
   -0.36789298    0.00004204    0.00001826    0.00002379
   -0.26755853    0.00004349    0.00001859    0.00002490
   -0.16722408    0.00004506    0.00001893    0.00002613
   -0.06688963    0.00004674    0.00001928    0.00002746
    0.03344482    0.00004853    0.00001965    0.00002888
    0.13377926    0.00005038    0.00002004    0.00003035
    0.23411371    0.00005222    0.00002043    0.00003179
    0.33444816    0.00005398    0.00002085    0.00003314
    0.43478261    0.00005560    0.00002127    0.00003433
    0.53511706    0.00005705    0.00002172    0.00003533
    0.63545151    0.00005830    0.00002219    0.00003611
    0.73578595    0.00005938    0.00002267    0.00003671
    0.83612040    0.00006029    0.00002318    0.00003711
    0.93645485    0.00006105    0.00002371    0.00003733
    1.03678930    0.00006164    0.00002427    0.00003737
    1.13712375    0.00006209    0.00002485    0.00003724
    1.23745819    0.00006242    0.00002546    0.00003696
    1.33779264    0.00006269    0.00002610    0.00003659
    1.43812709    0.00006295    0.00002677    0.00003618
    1.53846154    0.00006328    0.00002748    0.00003580
    1.63879599    0.00006371    0.00002823    0.00003548
    1.73913043    0.00006428    0.00002902    0.00003526
    1.83946488    0.00006503    0.00002985    0.00003518
    1.93979933    0.00006597    0.00003074    0.00003523
    2.04013378    0.00006710    0.00003168    0.00003542
    2.14046823    0.00006843    0.00003268    0.00003575
    2.24080268    0.00006996    0.00003375    0.00003622
    2.34113712    0.00007170    0.00003488    0.00003682
    2.44147157    0.00007365    0.00003610    0.00003754
    2.54180602    0.00007581    0.00003741    0.00003840
    2.64214047    0.00007821    0.00003882    0.00003939
    2.74247492    0.00008084    0.00004034    0.00004051
    2.84280936    0.00008375    0.00004198    0.00004177
    2.94314381    0.00008694    0.00004376    0.00004318
    3.04347826    0.00009045    0.00004570    0.00004475
    3.14381271    0.00009432    0.00004782    0.00004650
    3.24414716    0.00009858    0.00005015    0.00004843
    3.34448161    0.00010329    0.00005271    0.00005059
    3.44481605    0.00010851    0.00005553    0.00005298
    3.54515050    0.00011432    0.00005867    0.00005565
    3.64548495    0.00012079    0.00006216    0.00005863
    3.74581940    0.00012803    0.00006607    0.00006196
    3.84615385    0.00013616    0.00007045    0.00006571
    3.94648829    0.00014531    0.00007539    0.00006993
    4.04682274    0.00015564    0.00008095    0.00007469
    4.14715719    0.00016731    0.00008724    0.00008008
    4.24749164    0.00018050    0.00009433    0.00008617
    4.34782609    0.00019534    0.00010229    0.00009305
    4.44816054    0.00021195    0.00011116    0.00010079
    4.54849498    0.00023033    0.00012092    0.00010942
    4.64882943    0.00025032    0.00013144    0.00011888
    4.74916388    0.00027151    0.00014248    0.00012903
    4.84949833    0.00029321    0.00015365    0.00013956
    4.94983278    0.00031444    0.00016442    0.00015002
    5.05016722    0.00033410    0.00017422    0.00015988
    5.15050167    0.00035129    0.00018258    0.00016871
    5.25083612    0.00036568    0.00018932    0.00017636
    5.35117057    0.00037780    0.00019471    0.00018309
    5.45150502    0.00038896    0.00019942    0.00018954
    5.55183946    0.00040091    0.00020435    0.00019656
    5.65217391    0.00041543    0.00021044    0.00020499
    5.75250836    0.00043404    0.00021847    0.00021557
    5.85284281    0.00045785    0.00022901    0.00022884
    5.95317726    0.00048749    0.00024237    0.00024512
    6.05351171    0.00052305    0.00025858    0.00026446
    6.15384615    0.00056391    0.00027732    0.00028658
    6.25418060    0.00060856    0.00029784    0.00031072
    6.35451505    0.00065451    0.00031890    0.00033560
    6.45484950    0.00069833    0.00033891    0.00035942
    6.55518395    0.00073627    0.00035620    0.00038007
    6.65551839    0.00076500    0.00036946    0.00039554
    6.75585284    0.00078245    0.00037819    0.00040426
    6.85618729    0.00078809    0.00038272    0.00040538
    6.95652174    0.00078261    0.00038386    0.00039875
    7.05685619    0.00076722    0.00038229    0.00038493
    7.15719064    0.00074327    0.00037812    0.00036516
    7.25752508    0.00071203    0.00037082    0.00034120
    7.35785953    0.00067481    0.00035971    0.00031511
    7.45819398    0.00063320    0.00034445    0.00028875
    7.55852843    0.00058909    0.00032551    0.00026359
    7.65886288    0.00054459    0.00030407    0.00024052
    7.75919732    0.00050165    0.00028165    0.00022000
    7.85953177    0.00046178    0.00025966    0.00020212
    7.95986622    0.00042589    0.00023911    0.00018678
    8.06020067    0.00039436    0.00022060    0.00017376
    8.16053512    0.00036719    0.00020437    0.00016281
    8.26086957    0.00034412    0.00019043    0.00015368
    8.36120401    0.00032479    0.00017864    0.00014614
    8.46153846    0.00030880    0.00016881    0.00013999
    8.56187291    0.00029578    0.00016072    0.00013506
    8.66220736    0.00028539    0.00015419    0.00013120
    8.76254181    0.00027732    0.00014902    0.00012830
    8.86287625    0.00027135    0.00014508    0.00012627
    8.96321070    0.00026726    0.00014223    0.00012503
    9.06354515    0.00026493    0.00014038    0.00012455
    9.16387960    0.00026423    0.00013945    0.00012478
    9.26421405    0.00026510    0.00013939    0.00012571
    9.36454849    0.00026750    0.00014018    0.00012733
    9.46488294    0.00027143    0.00014178    0.00012965
    9.56521739    0.00027690    0.00014421    0.00013270
    9.66555184    0.00028396    0.00014747    0.00013649
    9.76588629    0.00029265    0.00015160    0.00014105
    9.86622074    0.00030302    0.00015661    0.00014641
    9.96655518    0.00031508    0.00016252    0.00015256
   10.06688963    0.00032876    0.00016933    0.00015943
   10.16722408    0.00034389    0.00017698    0.00016692
   10.26755853    0.00036014    0.00018535    0.00017480
   10.36789298    0.00037702    0.00019423    0.00018279
   10.46822742    0.00039398    0.00020338    0.00019060
   10.56856187    0.00041055    0.00021253    0.00019803
   10.66889632    0.00042661    0.00022155    0.00020507
   10.76923077    0.00044245    0.00023050    0.00021195
   10.86956522    0.00045880    0.00023970    0.00021909
   10.96989967    0.00047662    0.00024962    0.00022700
   11.07023411    0.00049695    0.00026080    0.00023615
   11.17056856    0.00052075    0.00027377    0.00024698
   11.27090301    0.00054886    0.00028901    0.00025985
   11.37123746    0.00058204    0.00030695    0.00027509
   11.47157191    0.00062096    0.00032797    0.00029299
   11.57190635    0.00066628    0.00035242    0.00031386
   11.67224080    0.00071859    0.00038062    0.00033797
   11.77257525    0.00077836    0.00041281    0.00036556
   11.87290970    0.00084589    0.00044907    0.00039682
   11.97324415    0.00092120    0.00048936    0.00043184
   12.07357860    0.00100408    0.00053345    0.00047063
   12.17391304    0.00109431    0.00058108    0.00051322
   12.27424749    0.00119208    0.00063227    0.00055981
   12.37458194    0.00129849    0.00068750    0.00061098
   12.47491639    0.00141567    0.00074793    0.00066774
   12.57525084    0.00154643    0.00081509    0.00073135
   12.67558528    0.00169328    0.00089039    0.00080290
   12.77591973    0.00185722    0.00097440    0.00088282
   12.87625418    0.00203646    0.00106616    0.00097030
   12.97658863    0.00222545    0.00116257    0.00106288
   13.07692308    0.00241448    0.00125824    0.00115624
   13.17725753    0.00259064    0.00134607    0.00124457
   13.27759197    0.00274037    0.00141880    0.00132157
   13.37792642    0.00285329    0.00147132    0.00138197
   13.47826087    0.00292561    0.00150250    0.00142311
   13.57859532    0.00296092    0.00151527    0.00144566
   13.67892977    0.00296746    0.00151472    0.00145274
   13.77926421    0.00295312    0.00150522    0.00144790
   13.87959866    0.00292110    0.00148822    0.00143288
   13.97993311    0.00286850    0.00146176    0.00140674
   14.08026756    0.00278875    0.00142198    0.00136677
   14.18060201    0.00267648    0.00136574    0.00131074
   14.28093645    0.00253190    0.00129289    0.00123902
   14.38127090    0.00236208    0.00120695    0.00115513
   14.48160535    0.00217866    0.00111387    0.00106479
   14.58193980    0.00199408    0.00102005    0.00097403
   14.68227425    0.00181856    0.00093079    0.00088778
   14.78260870    0.00165885    0.00084957    0.00080928
   14.88294314    0.00151842    0.00077821    0.00074021
   14.98327759    0.00139832    0.00071727    0.00068106
   15.08361204    0.00129811    0.00066649    0.00063162
   15.18394649    0.00121648    0.00062517    0.00059132
   15.28428094    0.00115175    0.00059234    0.00055941
   15.38461538    0.00110200    0.00056688    0.00053513
   15.48494983    0.00106522    0.00054754    0.00051768
   15.58528428    0.00103928    0.00053300    0.00050627
   15.68561873    0.00102207    0.00052204    0.00050002
   15.78595318    0.00101172    0.00051372    0.00049800
   15.88628763    0.00100691    0.00050763    0.00049928
   15.98662207    0.00100713    0.00050397    0.00050316
   16.08695652    0.00101278    0.00050343    0.00050935
   16.18729097    0.00102506    0.00050690    0.00051816
   16.28762542    0.00104558    0.00051523    0.00053034
   16.38795987    0.00107593    0.00052902    0.00054692
   16.48829431    0.00111717    0.00054843    0.00056874
   16.58862876    0.00116934    0.00057312    0.00059621
   16.68896321    0.00123100    0.00060209    0.00062891
   16.78929766    0.00129882    0.00063349    0.00066533
   16.88963211    0.00136719    0.00066462    0.00070257
   16.98996656    0.00142828    0.00069190    0.00073638
   17.09030100    0.00147281    0.00071120    0.00076161
   17.19063545    0.00149196    0.00071865    0.00077331
   17.29096990    0.00148005    0.00071175    0.00076831
   17.39130435    0.00143668    0.00069034    0.00074634
   17.49163880    0.00136703    0.00065684    0.00071018
   17.59197324    0.00127988    0.00061532    0.00066456
   17.69230769    0.00118479    0.00057020    0.00061459
   17.79264214    0.00108980    0.00052523    0.00056457
   17.89297659    0.00100045    0.00048299    0.00051746
   17.99331104    0.00091987    0.00044493    0.00047493
   18.09364548    0.00084937    0.00041168    0.00043769
   18.19397993    0.00078910    0.00038329    0.00040581
   18.29431438    0.00073857    0.00035953    0.00037903
   18.39464883    0.00069703    0.00034006    0.00035696
   18.49498328    0.00066364    0.00032448    0.00033916
   18.59531773    0.00063766    0.00031244    0.00032521
   18.69565217    0.00061843    0.00030365    0.00031478
   18.79598662    0.00060544    0.00029786    0.00030759
   18.89632107    0.00059835    0.00029491    0.00030344
   18.99665552    0.00059695    0.00029473    0.00030222
   19.09698997    0.00060118    0.00029730    0.00030388
   19.19732441    0.00061114    0.00030266    0.00030848
   19.29765886    0.00062708    0.00031096    0.00031612
   19.39799331    0.00064941    0.00032241    0.00032700
   19.49832776    0.00067871    0.00033730    0.00034141
   19.59866221    0.00071573    0.00035602    0.00035972
   19.69899666    0.00076141    0.00037902    0.00038239
   19.79933110    0.00081684    0.00040688    0.00040996
   19.89966555    0.00088324    0.00044019    0.00044305
   20.00000000    0.00096185    0.00047959    0.00048226
