# final state angular momentum:   1
# broadening parameter (in eV):   0.800000000000    
# absorbing atom type:   1
# Energy (eV)   sigma
  -10.00000000    0.00007225
   -9.88988989    0.00007315
   -9.77977978    0.00007407
   -9.66966967    0.00007500
   -9.55955956    0.00007596
   -9.44944945    0.00007693
   -9.33933934    0.00007793
   -9.22922923    0.00007894
   -9.11911912    0.00007998
   -9.00900901    0.00008104
   -8.89889890    0.00008212
   -8.78878879    0.00008323
   -8.67867868    0.00008436
   -8.56856857    0.00008552
   -8.45845846    0.00008670
   -8.34834835    0.00008790
   -8.23823824    0.00008914
   -8.12812813    0.00009040
   -8.01801802    0.00009169
   -7.90790791    0.00009301
   -7.79779780    0.00009437
   -7.68768769    0.00009575
   -7.57757758    0.00009717
   -7.46746747    0.00009862
   -7.35735736    0.00010011
   -7.24724725    0.00010163
   -7.13713714    0.00010319
   -7.02702703    0.00010479
   -6.91691692    0.00010644
   -6.80680681    0.00010812
   -6.69669670    0.00010985
   -6.58658659    0.00011162
   -6.47647648    0.00011344
   -6.36636637    0.00011531
   -6.25625626    0.00011723
   -6.14614615    0.00011920
   -6.03603604    0.00012122
   -5.92592593    0.00012330
   -5.81581582    0.00012544
   -5.70570571    0.00012764
   -5.59559560    0.00012991
   -5.48548549    0.00013224
   -5.37537538    0.00013464
   -5.26526527    0.00013711
   -5.15515516    0.00013966
   -5.04504505    0.00014228
   -4.93493493    0.00014499
   -4.82482482    0.00014778
   -4.71471471    0.00015066
   -4.60460460    0.00015364
   -4.49449449    0.00015671
   -4.38438438    0.00015988
   -4.27427427    0.00016316
   -4.16416416    0.00016655
   -4.05405405    0.00017006
   -3.94394394    0.00017369
   -3.83383383    0.00017745
   -3.72372372    0.00018134
   -3.61361361    0.00018538
   -3.50350350    0.00018957
   -3.39339339    0.00019391
   -3.28328328    0.00019842
   -3.17317317    0.00020311
   -3.06306306    0.00020799
   -2.95295295    0.00021305
   -2.84284284    0.00021833
   -2.73273273    0.00022383
   -2.62262262    0.00022956
   -2.51251251    0.00023553
   -2.40240240    0.00024177
   -2.29229229    0.00024829
   -2.18218218    0.00025510
   -2.07207207    0.00026223
   -1.96196196    0.00026970
   -1.85185185    0.00027753
   -1.74174174    0.00028575
   -1.63163163    0.00029438
   -1.52152152    0.00030345
   -1.41141141    0.00031300
   -1.30130130    0.00032307
   -1.19119119    0.00033369
   -1.08108108    0.00034490
   -0.97097097    0.00035677
   -0.86086086    0.00036934
   -0.75075075    0.00038268
   -0.64064064    0.00039685
   -0.53053053    0.00041194
   -0.42042042    0.00042802
   -0.31031031    0.00044520
   -0.20020020    0.00046358
   -0.09009009    0.00048324
    0.02002002    0.00050414
    0.13013013    0.00052735
    0.24024024    0.00055203
    0.35035035    0.00057876
    0.46046046    0.00060781
    0.57057057    0.00063945
    0.68068068    0.00067404
    0.79079079    0.00071197
    0.90090090    0.00075366
    1.01101101    0.00079963
    1.12112112    0.00085039
    1.23123123    0.00090650
    1.34134134    0.00096846
    1.45145145    0.00103673
    1.56156156    0.00111169
    1.67167167    0.00119372
    1.78178178    0.00128340
    1.89189189    0.00138166
    2.00200200    0.00148980
    2.11211211    0.00160934
    2.22222222    0.00174172
    2.33233233    0.00188836
    2.44244244    0.00205115
    2.55255255    0.00223311
    2.66266266    0.00243880
    2.77277277    0.00267403
    2.88288288    0.00294484
    2.99299299    0.00325617
    3.10310310    0.00361040
    3.21321321    0.00400595
    3.32332332    0.00443590
    3.43343343    0.00488679
    3.54354354    0.00533827
    3.65365365    0.00576465
    3.76376376    0.00613965
    3.87387387    0.00644433
    3.98398398    0.00667432
    4.09409409    0.00684144
    4.20420420    0.00696793
    4.31431431    0.00707710
    4.42442442    0.00718563
    4.53453453    0.00730003
    4.64464464    0.00741700
    4.75475475    0.00752596
    4.86486486    0.00761265
    4.97497497    0.00766324
    5.08508509    0.00766881
    5.19519520    0.00762858
    5.30530531    0.00754996
    5.41541542    0.00744500
    5.52552553    0.00732603
    5.63563564    0.00720321
    5.74574575    0.00708480
    5.85585586    0.00697781
    5.96596597    0.00688745
    6.07607608    0.00681543
    6.18618619    0.00675844
    6.29629630    0.00670754
    6.40640641    0.00664908
    6.51651652    0.00656771
    6.62662663    0.00645092
    6.73673674    0.00629284
    6.84684685    0.00609491
    6.95695696    0.00586373
    7.06706707    0.00560838
    7.17717718    0.00533930
    7.28728729    0.00506815
    7.39739740    0.00480718
    7.50750751    0.00456755
    7.61761762    0.00435764
    7.72772773    0.00418263
    7.83783784    0.00404500
    7.94794795    0.00394526
    8.05805806    0.00388231
    8.16816817    0.00385365
    8.27827828    0.00385581
    8.38838839    0.00388507
    8.49849850    0.00393829
    8.60860861    0.00401304
    8.71871872    0.00410725
    8.82882883    0.00421892
    8.93893894    0.00434628
    9.04904905    0.00448797
    9.15915916    0.00464196
    9.26926927    0.00480351
    9.37937938    0.00496369
    9.48948949    0.00511011
    9.59959960    0.00522950
    9.70970971    0.00531050
    9.81981982    0.00534595
    9.92992993    0.00533456
   10.04004004    0.00528187
   10.15015015    0.00519938
   10.26026026    0.00510148
   10.37037037    0.00500122
   10.48048048    0.00490707
   10.59059059    0.00482214
   10.70070070    0.00474550
   10.81081081    0.00467514
   10.92092092    0.00461079
   11.03103103    0.00455520
   11.14114114    0.00451312
   11.25125125    0.00448888
   11.36136136    0.00448428
   11.47147147    0.00449765
   11.58158158    0.00452474
   11.69169169    0.00456016
   11.80180180    0.00459813
   11.91191191    0.00463200
   12.02202202    0.00465372
   12.13213213    0.00465462
   12.24224224    0.00462761
   12.35235235    0.00456984
   12.46246246    0.00448464
   12.57257257    0.00438154
   12.68268268    0.00427395
   12.79279279    0.00417475
   12.90290290    0.00409222
   13.01301301    0.00402841
   13.12312312    0.00398028
   13.23323323    0.00394211
   13.34334334    0.00390777
   13.45345345    0.00387245
   13.56356356    0.00383377
   13.67367367    0.00379179
   13.78378378    0.00374801
   13.89389389    0.00370395
   14.00400400    0.00366076
   14.11411411    0.00361947
   14.22422422    0.00358118
   14.33433433    0.00354678
   14.44444444    0.00351694
   14.55455455    0.00349282
   14.66466466    0.00347660
   14.77477477    0.00347081
   14.88488488    0.00347645
   14.99499499    0.00349081
   15.10510511    0.00350669
   15.21521522    0.00351367
   15.32532533    0.00350166
   15.43543544    0.00346497
   15.54554555    0.00340461
   15.65565566    0.00332749
   15.76576577    0.00324329
   15.87587588    0.00316124
   15.98598599    0.00308805
   16.09609610    0.00302757
   16.20620621    0.00298146
   16.31631632    0.00295012
   16.42642643    0.00293309
   16.53653654    0.00292911
   16.64664665    0.00293598
   16.75675676    0.00295072
   16.86686687    0.00296974
   16.97697698    0.00298911
   17.08708709    0.00300483
   17.19719720    0.00301340
   17.30730731    0.00301274
   17.41741742    0.00300275
   17.52752753    0.00298503
   17.63763764    0.00296160
   17.74774775    0.00293402
   17.85785786    0.00290351
   17.96796797    0.00287183
   18.07807808    0.00284169
   18.18818819    0.00281587
   18.29829830    0.00279566
   18.40840841    0.00277987
   18.51851852    0.00276555
   18.62862863    0.00275022
   18.73873874    0.00273392
   18.84884885    0.00271958
   18.95895896    0.00271144
   19.06906907    0.00271285
   19.17917918    0.00272497
   19.28928929    0.00274650
   19.39939940    0.00277434
   19.50950951    0.00280432
   19.61961962    0.00283198
   19.72972973    0.00285332
   19.83983984    0.00286545
   19.94994995    0.00286741
   20.06006006    0.00286064
   20.17017017    0.00284904
   20.28028028    0.00283790
   20.39039039    0.00283199
   20.50050050    0.00283409
   20.61061061    0.00284461
   20.72072072    0.00286247
   20.83083083    0.00288646
   20.94094094    0.00291640
   21.05105105    0.00295332
   21.16116116    0.00299868
   21.27127127    0.00305317
   21.38138138    0.00311553
   21.49149149    0.00318215
   21.60160160    0.00324742
   21.71171171    0.00330491
   21.82182182    0.00334846
   21.93193193    0.00337273
   22.04204204    0.00337368
   22.15215215    0.00334959
   22.26226226    0.00330255
   22.37237237    0.00323929
   22.48248248    0.00317008
   22.59259259    0.00310611
   22.70270270    0.00305667
   22.81281281    0.00302723
   22.92292292    0.00301886
   23.03303303    0.00302840
   23.14314314    0.00304943
   23.25325325    0.00307367
   23.36336336    0.00309272
   23.47347347    0.00309982
   23.58358358    0.00309081
   23.69369369    0.00306443
   23.80380380    0.00302184
   23.91391391    0.00296595
   24.02402402    0.00290063
   24.13413413    0.00283019
   24.24424424    0.00275886
   24.35435435    0.00269016
   24.46446446    0.00262661
   24.57457457    0.00256996
   24.68468468    0.00252178
   24.79479479    0.00248350
   24.90490490    0.00245592
   25.01501502    0.00243852
   25.12512513    0.00242937
   25.23523524    0.00242575
   25.34534535    0.00242516
   25.45545546    0.00242627
   25.56556557    0.00242921
   25.67567568    0.00243514
   25.78578579    0.00244538
   25.89589590    0.00246026
   26.00600601    0.00247833
   26.11611612    0.00249602
   26.22622623    0.00250821
   26.33633634    0.00250964
   26.44644645    0.00249659
   26.55655656    0.00246818
   26.66666667    0.00242656
   26.77677678    0.00237605
   26.88688689    0.00232186
   26.99699700    0.00226885
   27.10710711    0.00222087
   27.21721722    0.00218047
   27.32732733    0.00214879
   27.43743744    0.00212558
   27.54754755    0.00210922
   27.65765766    0.00209701
   27.76776777    0.00208588
   27.87787788    0.00207331
   27.98798799    0.00205793
   28.09809810    0.00203960
   28.20820821    0.00201891
   28.31831832    0.00199658
   28.42842843    0.00197312
   28.53853854    0.00194880
   28.64864865    0.00192370
   28.75875876    0.00189776
   28.86886887    0.00187066
   28.97897898    0.00184161
   29.08908909    0.00180951
   29.19919920    0.00177328
   29.30930931    0.00173244
   29.41941942    0.00168744
   29.52952953    0.00163968
   29.63963964    0.00159103
   29.74974975    0.00154319
   29.85985986    0.00149726
   29.96996997    0.00145361
   30.08008008    0.00141214
   30.19019019    0.00137247
   30.30030030    0.00133418
   30.41041041    0.00129688
   30.52052052    0.00126047
   30.63063063    0.00122537
   30.74074074    0.00119270
   30.85085085    0.00116403
   30.96096096    0.00114088
   31.07107107    0.00112424
   31.18118118    0.00111415
   31.29129129    0.00110962
   31.40140140    0.00110872
   31.51151151    0.00110890
   31.62162162    0.00110756
   31.73173173    0.00110270
   31.84184184    0.00109345
   31.95195195    0.00108025
   32.06206206    0.00106448
   32.17217217    0.00104784
   32.28228228    0.00103175
   32.39239239    0.00101695
   32.50250250    0.00100354
   32.61261261    0.00099112
   32.72272272    0.00097907
   32.83283283    0.00096670
   32.94294294    0.00095331
   33.05305305    0.00093833
   33.16316316    0.00092140
   33.27327327    0.00090251
   33.38338338    0.00088202
   33.49349349    0.00086055
   33.60360360    0.00083876
   33.71371371    0.00081733
   33.82382382    0.00079688
   33.93393393    0.00077807
   34.04404404    0.00076155
   34.15415415    0.00074791
   34.26426426    0.00073756
   34.37437437    0.00073066
   34.48448448    0.00072715
   34.59459459    0.00072670
   34.70470470    0.00072877
   34.81481481    0.00073253
   34.92492492    0.00073689
   35.03503504    0.00074058
   35.14514515    0.00074242
   35.25525526    0.00074162
   35.36536537    0.00073806
   35.47547548    0.00073232
   35.58558559    0.00072543
   35.69569570    0.00071855
   35.80580581    0.00071253
   35.91591592    0.00070772
   36.02602603    0.00070388
   36.13613614    0.00070039
   36.24624625    0.00069648
   36.35635636    0.00069159
   36.46646647    0.00068551
   36.57657658    0.00067841
   36.68668669    0.00067065
   36.79679680    0.00066262
   36.90690691    0.00065456
   37.01701702    0.00064644
   37.12712713    0.00063801
   37.23723724    0.00062890
   37.34734735    0.00061877
   37.45745746    0.00060750
   37.56756757    0.00059533
   37.67767768    0.00058279
   37.78778779    0.00057068
   37.89789790    0.00055988
   38.00800801    0.00055120
   38.11811812    0.00054518
   38.22822823    0.00054202
   38.33833834    0.00054153
   38.44844845    0.00054317
   38.55855856    0.00054609
   38.66866867    0.00054926
   38.77877878    0.00055152
   38.88888889    0.00055174
   38.99899900    0.00054901
   39.10910911    0.00054287
   39.21921922    0.00053337
   39.32932933    0.00052102
   39.43943944    0.00050661
   39.54954955    0.00049103
   39.65965966    0.00047508
   39.76976977    0.00045941
   39.87987988    0.00044445
   39.98998999    0.00043038
   40.10010010    0.00041717
   40.21021021    0.00040471
   40.32032032    0.00039289
   40.43043043    0.00038167
   40.54054054    0.00037114
   40.65065065    0.00036141
   40.76076076    0.00035257
   40.87087087    0.00034463
   40.98098098    0.00033748
   41.09109109    0.00033098
   41.20120120    0.00032497
   41.31131131    0.00031937
   41.42142142    0.00031412
   41.53153153    0.00030919
   41.64164164    0.00030455
   41.75175175    0.00030015
   41.86186186    0.00029600
   41.97197197    0.00029214
   42.08208208    0.00028873
   42.19219219    0.00028592
   42.30230230    0.00028393
   42.41241241    0.00028291
   42.52252252    0.00028292
   42.63263263    0.00028388
   42.74274274    0.00028554
   42.85285285    0.00028748
   42.96296296    0.00028923
   43.07307307    0.00029032
   43.18318318    0.00029046
   43.29329329    0.00028959
   43.40340340    0.00028786
   43.51351351    0.00028559
   43.62362362    0.00028313
   43.73373373    0.00028072
   43.84384384    0.00027852
   43.95395395    0.00027654
   44.06406406    0.00027470
   44.17417417    0.00027285
   44.28428428    0.00027090
   44.39439439    0.00026878
   44.50450450    0.00026652
   44.61461461    0.00026417
   44.72472472    0.00026184
   44.83483483    0.00025962
   44.94494494    0.00025757
   45.05505506    0.00025572
   45.16516517    0.00025411
   45.27527528    0.00025282
   45.38538539    0.00025191
   45.49549550    0.00025144
   45.60560561    0.00025141
   45.71571572    0.00025176
   45.82582583    0.00025243
   45.93593594    0.00025332
   46.04604605    0.00025438
   46.15615616    0.00025556
   46.26626627    0.00025678
   46.37637638    0.00025795
   46.48648649    0.00025895
   46.59659660    0.00025967
   46.70670671    0.00026005
   46.81681682    0.00026010
   46.92692693    0.00025985
   47.03703704    0.00025936
   47.14714715    0.00025872
   47.25725726    0.00025800
   47.36736737    0.00025727
   47.47747748    0.00025660
   47.58758759    0.00025606
   47.69769770    0.00025569
   47.80780781    0.00025552
   47.91791792    0.00025551
   48.02802803    0.00025556
   48.13813814    0.00025544
   48.24824825    0.00025488
   48.35835836    0.00025358
   48.46846847    0.00025130
   48.57857858    0.00024789
   48.68868869    0.00024332
   48.79879880    0.00023773
   48.90890891    0.00023137
   49.01901902    0.00022461
   49.12912913    0.00021785
   49.23923924    0.00021147
   49.34934935    0.00020577
   49.45945946    0.00020088
   49.56956957    0.00019674
   49.67967968    0.00019321
   49.78978979    0.00019005
   49.89989990    0.00018706
   50.01001001    0.00018411
   50.12012012    0.00018114
   50.23023023    0.00017816
   50.34034034    0.00017520
   50.45045045    0.00017225
   50.56056056    0.00016928
   50.67067067    0.00016629
   50.78078078    0.00016326
   50.89089089    0.00016024
   51.00100100    0.00015725
   51.11111111    0.00015432
   51.22122122    0.00015145
   51.33133133    0.00014865
   51.44144144    0.00014592
   51.55155155    0.00014327
   51.66166166    0.00014066
   51.77177177    0.00013805
   51.88188188    0.00013537
   51.99199199    0.00013258
   52.10210210    0.00012967
   52.21221221    0.00012669
   52.32232232    0.00012371
   52.43243243    0.00012086
   52.54254254    0.00011822
   52.65265265    0.00011588
   52.76276276    0.00011387
   52.87287287    0.00011216
   52.98298298    0.00011069
   53.09309309    0.00010941
   53.20320320    0.00010826
   53.31331331    0.00010723
   53.42342342    0.00010634
   53.53353353    0.00010563
   53.64364364    0.00010510
   53.75375375    0.00010473
   53.86386386    0.00010447
   53.97397397    0.00010425
   54.08408408    0.00010397
   54.19419419    0.00010357
   54.30430430    0.00010295
   54.41441441    0.00010201
   54.52452452    0.00010068
   54.63463463    0.00009893
   54.74474474    0.00009682
   54.85485485    0.00009445
   54.96496496    0.00009198
   55.07507508    0.00008954
   55.18518519    0.00008725
   55.29529530    0.00008515
   55.40540541    0.00008324
   55.51551552    0.00008149
   55.62562563    0.00007984
   55.73573574    0.00007823
   55.84584585    0.00007662
   55.95595596    0.00007499
   56.06606607    0.00007333
   56.17617618    0.00007167
   56.28628629    0.00007003
   56.39639640    0.00006844
   56.50650651    0.00006692
   56.61661662    0.00006548
   56.72672673    0.00006411
   56.83683684    0.00006282
   56.94694695    0.00006156
   57.05705706    0.00006032
   57.16716717    0.00005907
   57.27727728    0.00005778
   57.38738739    0.00005648
   57.49749750    0.00005517
   57.60760761    0.00005390
   57.71771772    0.00005268
   57.82782783    0.00005153
   57.93793794    0.00005047
   58.04804805    0.00004948
   58.15815816    0.00004856
   58.26826827    0.00004772
   58.37837838    0.00004693
   58.48848849    0.00004620
   58.59859860    0.00004551
   58.70870871    0.00004486
   58.81881882    0.00004424
   58.92892893    0.00004363
   59.03903904    0.00004303
   59.14914915    0.00004242
   59.25925926    0.00004180
   59.36936937    0.00004117
   59.47947948    0.00004054
   59.58958959    0.00003992
   59.69969970    0.00003931
   59.80980981    0.00003874
   59.91991992    0.00003820
   60.03003003    0.00003769
   60.14014014    0.00003723
   60.25025025    0.00003681
   60.36036036    0.00003643
   60.47047047    0.00003609
   60.58058058    0.00003578
   60.69069069    0.00003551
   60.80080080    0.00003526
   60.91091091    0.00003504
   61.02102102    0.00003484
   61.13113113    0.00003467
   61.24124124    0.00003452
   61.35135135    0.00003440
   61.46146146    0.00003430
   61.57157157    0.00003424
   61.68168168    0.00003419
   61.79179179    0.00003418
   61.90190190    0.00003418
   62.01201201    0.00003421
   62.12212212    0.00003425
   62.23223223    0.00003432
   62.34234234    0.00003441
   62.45245245    0.00003452
   62.56256256    0.00003465
   62.67267267    0.00003481
   62.78278278    0.00003500
   62.89289289    0.00003522
   63.00300300    0.00003547
   63.11311311    0.00003576
   63.22322322    0.00003608
   63.33333333    0.00003642
   63.44344344    0.00003678
   63.55355355    0.00003716
   63.66366366    0.00003755
   63.77377377    0.00003795
   63.88388388    0.00003836
   63.99399399    0.00003878
   64.10410410    0.00003921
   64.21421421    0.00003966
   64.32432432    0.00004013
   64.43443443    0.00004064
   64.54454454    0.00004118
   64.65465465    0.00004177
   64.76476476    0.00004239
   64.87487487    0.00004305
   64.98498498    0.00004375
   65.09509510    0.00004448
   65.20520521    0.00004523
   65.31531532    0.00004601
   65.42542543    0.00004681
   65.53553554    0.00004763
   65.64564565    0.00004845
   65.75575576    0.00004927
   65.86586587    0.00005007
   65.97597598    0.00005086
   66.08608609    0.00005163
   66.19619620    0.00005239
   66.30630631    0.00005316
   66.41641642    0.00005397
   66.52652653    0.00005485
   66.63663664    0.00005581
   66.74674675    0.00005689
   66.85685686    0.00005808
   66.96696697    0.00005938
   67.07707708    0.00006077
   67.18718719    0.00006221
   67.29729730    0.00006365
   67.40740741    0.00006505
   67.51751752    0.00006638
   67.62762763    0.00006763
   67.73773774    0.00006883
   67.84784785    0.00006999
   67.95795796    0.00007116
   68.06806807    0.00007237
   68.17817818    0.00007365
   68.28828829    0.00007499
   68.39839840    0.00007638
   68.50850851    0.00007780
   68.61861862    0.00007923
   68.72872873    0.00008064
   68.83883884    0.00008200
   68.94894895    0.00008332
   69.05905906    0.00008460
   69.16916917    0.00008587
   69.27927928    0.00008716
   69.38938939    0.00008849
   69.49949950    0.00008992
   69.60960961    0.00009146
   69.71971972    0.00009313
   69.82982983    0.00009495
   69.93993994    0.00009692
   70.05005005    0.00009902
   70.16016016    0.00010123
   70.27027027    0.00010352
   70.38038038    0.00010588
   70.49049049    0.00010833
   70.60060060    0.00011089
   70.71071071    0.00011364
   70.82082082    0.00011662
   70.93093093    0.00011989
   71.04104104    0.00012344
   71.15115115    0.00012724
   71.26126126    0.00013119
   71.37137137    0.00013513
   71.48148148    0.00013892
   71.59159159    0.00014243
   71.70170170    0.00014557
   71.81181181    0.00014833
   71.92192192    0.00015079
   72.03203203    0.00015307
   72.14214214    0.00015534
   72.25225225    0.00015774
   72.36236236    0.00016036
   72.47247247    0.00016323
   72.58258258    0.00016623
   72.69269269    0.00016919
   72.80280280    0.00017186
   72.91291291    0.00017398
   73.02302302    0.00017538
   73.13313313    0.00017600
   73.24324324    0.00017595
   73.35335335    0.00017550
   73.46346346    0.00017496
   73.57357357    0.00017468
   73.68368368    0.00017492
   73.79379379    0.00017583
   73.90390390    0.00017745
   74.01401401    0.00017967
   74.12412412    0.00018231
   74.23423423    0.00018517
   74.34434434    0.00018805
   74.45445445    0.00019085
   74.56456456    0.00019358
   74.67467467    0.00019632
   74.78478478    0.00019919
   74.89489489    0.00020234
   75.00500501    0.00020588
   75.11511512    0.00020983
   75.22522523    0.00021415
   75.33533534    0.00021872
   75.44544545    0.00022339
   75.55555556    0.00022806
   75.66566567    0.00023267
   75.77577578    0.00023726
   75.88588589    0.00024193
   75.99599600    0.00024679
   76.10610611    0.00025193
   76.21621622    0.00025735
   76.32632633    0.00026291
   76.43643644    0.00026840
   76.54654655    0.00027350
   76.65665666    0.00027793
   76.76676677    0.00028152
   76.87687688    0.00028429
   76.98698699    0.00028649
   77.09709710    0.00028853
   77.20720721    0.00029082
   77.31731732    0.00029373
   77.42742743    0.00029743
   77.53753754    0.00030188
   77.64764765    0.00030680
   77.75775776    0.00031179
   77.86786787    0.00031636
   77.97797798    0.00032012
   78.08808809    0.00032278
   78.19819820    0.00032426
   78.30830831    0.00032461
   78.41841842    0.00032402
   78.52852853    0.00032272
   78.63863864    0.00032106
   78.74874875    0.00031934
   78.85885886    0.00031788
   78.96896897    0.00031689
   79.07907908    0.00031647
   79.18918919    0.00031659
   79.29929930    0.00031714
   79.40940941    0.00031798
   79.51951952    0.00031897
   79.62962963    0.00032002
   79.73973974    0.00032109
   79.84984985    0.00032219
   79.95995996    0.00032338
   80.07007007    0.00032476
   80.18018018    0.00032646
   80.29029029    0.00032861
   80.40040040    0.00033135
   80.51051051    0.00033474
   80.62062062    0.00033883
   80.73073073    0.00034358
   80.84084084    0.00034895
   80.95095095    0.00035484
   81.06106106    0.00036119
   81.17117117    0.00036791
   81.28128128    0.00037498
   81.39139139    0.00038234
   81.50150150    0.00039000
   81.61161161    0.00039794
   81.72172172    0.00040611
   81.83183183    0.00041445
   81.94194194    0.00042276
   82.05205205    0.00043078
   82.16216216    0.00043819
   82.27227227    0.00044469
   82.38238238    0.00045010
   82.49249249    0.00045443
   82.60260260    0.00045792
   82.71271271    0.00046092
   82.82282282    0.00046377
   82.93293293    0.00046668
   83.04304304    0.00046961
   83.15315315    0.00047239
   83.26326326    0.00047474
   83.37337337    0.00047646
   83.48348348    0.00047747
   83.59359359    0.00047784
   83.70370370    0.00047776
   83.81381381    0.00047747
   83.92392392    0.00047722
   84.03403403    0.00047719
   84.14414414    0.00047751
   84.25425425    0.00047822
   84.36436436    0.00047924
   84.47447447    0.00048046
   84.58458458    0.00048169
   84.69469469    0.00048278
   84.80480480    0.00048364
   84.91491491    0.00048427
   85.02502503    0.00048472
   85.13513514    0.00048509
   85.24524525    0.00048542
   85.35535536    0.00048568
   85.46546547    0.00048583
   85.57557558    0.00048585
   85.68568569    0.00048583
   85.79579580    0.00048601
   85.90590591    0.00048670
   86.01601602    0.00048821
   86.12612613    0.00049076
   86.23623624    0.00049447
   86.34634635    0.00049928
   86.45645646    0.00050502
   86.56656657    0.00051145
   86.67667668    0.00051822
   86.78678679    0.00052501
   86.89689690    0.00053154
   87.00700701    0.00053761
   87.11711712    0.00054319
   87.22722723    0.00054840
   87.33733734    0.00055339
   87.44744745    0.00055832
   87.55755756    0.00056329
   87.66766767    0.00056834
   87.77777778    0.00057353
   87.88788789    0.00057899
   87.99799800    0.00058489
   88.10810811    0.00059147
   88.21821822    0.00059891
   88.32832833    0.00060735
   88.43843844    0.00061682
   88.54854855    0.00062722
   88.65865866    0.00063831
   88.76876877    0.00064966
   88.87887888    0.00066060
   88.98898899    0.00067030
   89.09909910    0.00067798
   89.20920921    0.00068314
   89.31931932    0.00068581
   89.42942943    0.00068652
   89.53953954    0.00068615
   89.64964965    0.00068556
   89.75975976    0.00068532
   89.86986987    0.00068560
   89.97997998    0.00068608
   90.09009009    0.00068622
   90.20020020    0.00068548
   90.31031031    0.00068358
   90.42042042    0.00068057
   90.53053053    0.00067669
   90.64064064    0.00067225
   90.75075075    0.00066747
   90.86086086    0.00066251
   90.97097097    0.00065747
   91.08108108    0.00065247
   91.19119119    0.00064760
   91.30130130    0.00064298
   91.41141141    0.00063872
   91.52152152    0.00063491
   91.63163163    0.00063163
   91.74174174    0.00062894
   91.85185185    0.00062690
   91.96196196    0.00062563
   92.07207207    0.00062536
   92.18218218    0.00062639
   92.29229229    0.00062905
   92.40240240    0.00063353
   92.51251251    0.00063975
   92.62262262    0.00064734
   92.73273273    0.00065560
   92.84284284    0.00066363
   92.95295295    0.00067051
   93.06306306    0.00067554
   93.17317317    0.00067847
   93.28328328    0.00067952
   93.39339339    0.00067930
   93.50350350    0.00067859
   93.61361361    0.00067806
   93.72372372    0.00067807
   93.83383383    0.00067865
   93.94394394    0.00067949
   94.05405405    0.00068011
   94.16416416    0.00067997
   94.27427427    0.00067856
   94.38438438    0.00067551
   94.49449449    0.00067067
   94.60460460    0.00066414
   94.71471471    0.00065634
   94.82482482    0.00064793
   94.93493493    0.00063966
   95.04504505    0.00063222
   95.15515516    0.00062608
   95.26526527    0.00062142
   95.37537538    0.00061821
   95.48548549    0.00061627
   95.59559560    0.00061538
   95.70570571    0.00061539
   95.81581582    0.00061620
   95.92592593    0.00061779
   96.03603604    0.00062013
   96.14614615    0.00062325
   96.25625626    0.00062720
   96.36636637    0.00063212
   96.47647648    0.00063821
   96.58658659    0.00064571
   96.69669670    0.00065476
   96.80680681    0.00066533
   96.91691692    0.00067714
   97.02702703    0.00068953
   97.13713714    0.00070156
   97.24724725    0.00071214
   97.35735736    0.00072027
   97.46746747    0.00072534
   97.57757758    0.00072723
   97.68768769    0.00072631
   97.79779780    0.00072318
   97.90790791    0.00071858
   98.01801802    0.00071315
   98.12812813    0.00070738
   98.23823824    0.00070157
   98.34834835    0.00069579
   98.45845846    0.00068990
   98.56856857    0.00068366
   98.67867868    0.00067683
   98.78878879    0.00066937
   98.89889890    0.00066154
   99.00900901    0.00065383
   99.11911912    0.00064689
   99.22922923    0.00064136
   99.33933934    0.00063777
   99.44944945    0.00063650
   99.55955956    0.00063771
   99.66966967    0.00064124
   99.77977978    0.00064662
   99.88988989    0.00065304
  100.00000000    0.00065951
