                   u          alpha(angstrong)       alpha(a.u.)  

                   0.0000     2.272677E+00           1.533680E+01
                   0.1000     2.256521E+00           1.522778E+01
                   0.2000     2.209989E+00           1.491376E+01
                   0.3000     2.138242E+00           1.442959E+01
                   0.4000     2.048145E+00           1.382159E+01
                   0.5000     1.946667E+00           1.313678E+01
                   0.6000     1.839804E+00           1.241563E+01
                   0.7000     1.732140E+00           1.168907E+01
                   0.8000     1.626858E+00           1.097860E+01
                   0.9000     1.525981E+00           1.029784E+01
                   1.0000     1.430655E+00           9.654547E+00
                   1.1000     1.341416E+00           9.052335E+00
                   1.2000     1.258397E+00           8.492094E+00
                   1.3000     1.181475E+00           7.972997E+00
                   1.4000     1.110377E+00           7.493204E+00
                   1.5000     1.044750E+00           7.050331E+00
                   1.6000     9.842050E-01           6.641752E+00
                   1.7000     9.283456E-01           6.264794E+00
                   1.8000     8.767854E-01           5.916848E+00
                   1.9000     8.291575E-01           5.595439E+00
                   2.0000     7.851197E-01           5.298256E+00
                   2.1000     7.443561E-01           5.023170E+00
                   2.2000     7.065778E-01           4.768229E+00
                   2.3000     6.715219E-01           4.531660E+00
                   2.4000     6.389498E-01           4.311852E+00
                   2.5000     6.086457E-01           4.107349E+00
                   2.6000     5.804142E-01           3.916834E+00
                   2.7000     5.540791E-01           3.739115E+00
                   2.8000     5.294809E-01           3.573119E+00
                   2.9000     5.064759E-01           3.417873E+00
                   3.0000     4.849338E-01           3.272499E+00
                   3.1000     4.647368E-01           3.136203E+00
                   3.2000     4.457782E-01           3.008264E+00
                   3.3000     4.279614E-01           2.888030E+00
                   3.4000     4.111984E-01           2.774908E+00
                   3.5000     3.954096E-01           2.668360E+00
                   3.6000     3.805223E-01           2.567895E+00
                   3.7000     3.664704E-01           2.473068E+00
                   3.8000     3.531935E-01           2.383470E+00
                   3.9000     3.406364E-01           2.298731E+00
                   4.0000     3.287489E-01           2.218510E+00
                   4.1000     3.174846E-01           2.142495E+00
                   4.2000     3.068013E-01           2.070401E+00
                   4.3000     2.966602E-01           2.001965E+00
                   4.4000     2.870254E-01           1.936946E+00
                   4.5000     2.778642E-01           1.875123E+00
                   4.6000     2.691461E-01           1.816290E+00
                   4.7000     2.608434E-01           1.760261E+00
                   4.8000     2.529302E-01           1.706859E+00
                   4.9000     2.453826E-01           1.655926E+00
                   5.0000     2.381785E-01           1.607310E+00
                   5.2500     2.215408E-01           1.495033E+00
                   5.5000     2.066450E-01           1.394511E+00
                   5.7500     1.932564E-01           1.304160E+00
                   6.0000     1.811783E-01           1.222653E+00
                   6.2500     1.702448E-01           1.148870E+00
                   6.5000     1.603154E-01           1.081863E+00
                   6.7500     1.512702E-01           1.020823E+00
                   7.0000     1.430067E-01           9.650579E-01
                   7.2500     1.354367E-01           9.139735E-01
                   7.5000     1.284843E-01           8.670561E-01
                   7.7500     1.220834E-01           8.238603E-01
                   8.0000     1.161765E-01           7.839988E-01
                   8.2500     1.107136E-01           7.471330E-01
                   8.5000     1.056506E-01           7.129663E-01
                   8.7500     1.009489E-01           6.812380E-01
                   9.0000     9.657451E-02           6.517179E-01
                   9.2500     9.249714E-02           6.242024E-01
                   9.5000     8.869006E-02           5.985109E-01
                   9.7500     8.512946E-02           5.744827E-01
                  10.0000     8.179409E-02           5.519745E-01
                  10.2500     7.866495E-02           5.308580E-01
                  10.5000     7.572501E-02           5.110183E-01
                  10.7500     7.295897E-02           4.923521E-01
                  11.0000     7.035304E-02           4.747664E-01
                  11.2500     6.789480E-02           4.581774E-01
                  11.5000     6.557299E-02           4.425090E-01
                  11.7500     6.337743E-02           4.276926E-01
                  12.0000     6.129886E-02           4.136657E-01
                  12.2500     5.932887E-02           4.003716E-01
                  12.5000     5.745980E-02           3.877584E-01
                  12.7500     5.568466E-02           3.757791E-01
                  13.0000     5.399704E-02           3.643905E-01
                  13.2500     5.239109E-02           3.535530E-01
                  13.5000     5.086145E-02           3.432305E-01
                  13.7500     4.940319E-02           3.333896E-01
                  14.0000     4.801177E-02           3.239999E-01
                  14.2500     4.668302E-02           3.150330E-01
                  14.5000     4.541309E-02           3.064631E-01
                  14.7500     4.419842E-02           2.982661E-01
                  15.0000     4.303572E-02           2.904198E-01
                  15.2500     4.192196E-02           2.829037E-01
                  15.5000     4.085431E-02           2.756988E-01
                  15.7500     3.983015E-02           2.687875E-01
                  16.0000     3.884706E-02           2.621532E-01
                  16.2500     3.790277E-02           2.557808E-01
                  16.5000     3.699518E-02           2.496561E-01
                  16.7500     3.612232E-02           2.437658E-01
                  17.0000     3.528238E-02           2.380975E-01
                  17.2500     3.447363E-02           2.326398E-01
                  17.5000     3.369448E-02           2.273819E-01
                  17.7500     3.294344E-02           2.223136E-01
                  18.0000     3.221912E-02           2.174256E-01
                  18.2500     3.152019E-02           2.127090E-01
                  18.5000     3.084542E-02           2.081555E-01
                  18.7500     3.019367E-02           2.037572E-01
                  19.0000     2.956385E-02           1.995070E-01
                  19.2500     2.895494E-02           1.953978E-01
                  19.5000     2.836597E-02           1.914233E-01
                  19.7500     2.779605E-02           1.875772E-01
                  20.0000     2.724431E-02           1.838539E-01
                  20.2500     2.670996E-02           1.802480E-01
                  20.5000     2.619224E-02           1.767542E-01
                  20.7500     2.569043E-02           1.733678E-01
                  21.0000     2.520386E-02           1.700843E-01
                  21.2500     2.473187E-02           1.668991E-01
                  21.5000     2.427387E-02           1.638084E-01
                  21.7500     2.382928E-02           1.608082E-01
                  22.0000     2.339756E-02           1.578947E-01
                  22.2500     2.297818E-02           1.550646E-01
                  22.5000     2.257067E-02           1.523146E-01
                  22.7500     2.217455E-02           1.496414E-01
                  23.0000     2.178938E-02           1.470422E-01
                  23.2500     2.141474E-02           1.445140E-01
                  23.5000     2.105024E-02           1.420542E-01
                  23.7500     2.069548E-02           1.396602E-01
                  24.0000     2.035012E-02           1.373296E-01
                  24.2500     2.001381E-02           1.350600E-01
                  24.5000     1.968621E-02           1.328493E-01
                  24.7500     1.936702E-02           1.306953E-01
                  25.0000     1.905593E-02           1.285959E-01
                  25.2500     1.875266E-02           1.265494E-01
                  25.5000     1.845694E-02           1.245537E-01
                  25.7500     1.816850E-02           1.226073E-01
                  26.0000     1.788711E-02           1.207083E-01
                  26.2500     1.761251E-02           1.188553E-01
                  26.5000     1.734449E-02           1.170466E-01
                  26.7500     1.708282E-02           1.152807E-01
                  27.0000     1.682730E-02           1.135564E-01
                  27.2500     1.657773E-02           1.118722E-01
                  27.5000     1.633391E-02           1.102268E-01
                  27.7500     1.609566E-02           1.086190E-01
                  28.0000     1.586281E-02           1.070476E-01
                  28.2500     1.563518E-02           1.055115E-01
                  28.5000     1.541262E-02           1.040096E-01
                  28.7500     1.519497E-02           1.025408E-01
                  29.0000     1.498207E-02           1.011041E-01
                  29.2500     1.477379E-02           9.969862E-02
                  29.5000     1.456999E-02           9.832330E-02
                  29.7500     1.437054E-02           9.697731E-02
                  30.0000     1.417530E-02           9.565977E-02
                  30.2500     1.398415E-02           9.436986E-02
                  30.5000     1.379699E-02           9.310679E-02
                  30.7500     1.361368E-02           9.186977E-02
                  31.0000     1.343412E-02           9.065806E-02
                  31.2500     1.325821E-02           8.947097E-02
                  31.5000     1.308585E-02           8.830780E-02
                  31.7500     1.291693E-02           8.716788E-02
                  32.0000     1.275137E-02           8.605058E-02
                  32.2500     1.258906E-02           8.495528E-02
                  32.5000     1.242992E-02           8.388139E-02
                  32.7500     1.227388E-02           8.282832E-02
                  33.0000     1.212083E-02           8.179553E-02
                  33.2500     1.197071E-02           8.078248E-02
                  33.5000     1.182344E-02           7.978864E-02
                  33.7500     1.167895E-02           7.881354E-02
                  34.0000     1.153715E-02           7.785667E-02
                  34.2500     1.139799E-02           7.691757E-02
                  34.5000     1.126140E-02           7.599579E-02
                  34.7500     1.112731E-02           7.509089E-02
                  35.0000     1.099566E-02           7.420245E-02
                  35.2500     1.086638E-02           7.333006E-02
                  35.5000     1.073942E-02           7.247331E-02
                  35.7500     1.061473E-02           7.163184E-02
                  36.0000     1.049225E-02           7.080527E-02
                  36.2500     1.037191E-02           6.999323E-02
                  36.5000     1.025368E-02           6.919538E-02
                  36.7500     1.013751E-02           6.841137E-02
                  37.0000     1.002333E-02           6.764089E-02
                  37.2500     9.911117E-03           6.688361E-02
                  37.5000     9.800810E-03           6.613922E-02
                  37.7500     9.692370E-03           6.540743E-02
                  38.0000     9.585752E-03           6.468794E-02
                  38.2500     9.480917E-03           6.398048E-02
                  38.5000     9.377823E-03           6.328476E-02
                  38.7500     9.276431E-03           6.260053E-02
                  39.0000     9.176702E-03           6.192752E-02
                  39.2500     9.078599E-03           6.126549E-02
                  39.5000     8.982086E-03           6.061420E-02
                  39.7500     8.887129E-03           5.997339E-02
                  40.0000     8.793694E-03           5.934286E-02
                  40.2500     8.701746E-03           5.872236E-02
                  40.5000     8.611254E-03           5.811169E-02
                  40.7500     8.522187E-03           5.751064E-02
                  41.0000     8.434514E-03           5.691899E-02
                  41.2500     8.348206E-03           5.633655E-02
                  41.5000     8.263233E-03           5.576313E-02
                  41.7500     8.179569E-03           5.519853E-02
                  42.0000     8.097185E-03           5.464258E-02
                  42.2500     8.016055E-03           5.409509E-02
                  42.5000     7.936154E-03           5.355588E-02
                  42.7500     7.857455E-03           5.302479E-02
                  43.0000     7.779934E-03           5.250166E-02
                  43.2500     7.703569E-03           5.198632E-02
                  43.5000     7.628334E-03           5.147861E-02
                  43.7500     7.554209E-03           5.097839E-02
                  44.0000     7.481170E-03           5.048550E-02
                  44.2500     7.409196E-03           4.999979E-02
                  44.5000     7.338266E-03           4.952113E-02
                  44.7500     7.268360E-03           4.904938E-02
                  45.0000     7.199458E-03           4.858441E-02
                  45.2500     7.131540E-03           4.812607E-02
                  45.5000     7.064587E-03           4.767425E-02
                  45.7500     6.998581E-03           4.722882E-02
                  46.0000     6.933504E-03           4.678966E-02
                  46.2500     6.869338E-03           4.635664E-02
                  46.5000     6.806066E-03           4.592966E-02
                  46.7500     6.743671E-03           4.550860E-02
                  47.0000     6.682136E-03           4.509334E-02
                  47.2500     6.621447E-03           4.468379E-02
                  47.5000     6.561587E-03           4.427983E-02
                  47.7500     6.502540E-03           4.388137E-02
                  48.0000     6.444293E-03           4.348830E-02
                  48.2500     6.386830E-03           4.310052E-02
                  48.5000     6.330138E-03           4.271794E-02
                  48.7500     6.274202E-03           4.234046E-02
                  49.0000     6.219009E-03           4.196800E-02
                  49.2500     6.164545E-03           4.160046E-02
                  49.5000     6.110798E-03           4.123776E-02
                  49.7500     6.057755E-03           4.087980E-02
                  50.0000     6.005403E-03           4.052652E-02
