 &plot nbnd=   8, nks=  36 /
               0.5000 0.5000 0.5000
  -3.418  -0.822   5.029   5.029   7.814   9.597   9.597  13.838
               0.4000 0.4000 0.4000
  -3.891  -0.102   5.102   5.102   7.900   9.679   9.679  13.959
               0.3000 0.3000 0.3000
  -4.659   1.404   5.319   5.319   8.139   9.803   9.803  13.845
               0.2000 0.2000 0.2000
  -5.285   3.222   5.660   5.660   8.504   9.636   9.636  12.333
               0.1000 0.1000 0.1000
  -5.678   5.104   6.050   6.050   8.848   9.121   9.121  10.612
               0.0000 0.0000 0.0000
  -5.810   6.255   6.255   6.255   8.822   8.822   8.822   9.723
               0.0000 0.0000 0.1000
  -5.767   5.981   6.072   6.072   8.711   9.057   9.057   9.984
               0.0000 0.0000 0.2000
  -5.634   5.334   5.660   5.660   8.424   9.630   9.630  10.519
               0.0000 0.0000 0.3000
  -5.413   4.527   5.186   5.186   8.052  10.370  10.370  10.706
               0.0000 0.0000 0.4000
  -5.106   3.653   4.727   4.727   7.672  11.187  11.187  10.137
               0.0000 0.0000 0.5000
  -4.713   2.756   4.316   4.316   7.332  12.060  12.060   9.355
               0.0000 0.0000 0.6000
  -4.236   1.852   3.969   3.969   7.057  12.962  12.962   8.617
               0.0000 0.0000 0.7000
  -3.680   0.950   3.694   3.694   6.865  13.886  13.886   7.992
               0.0000 0.0000 0.8000
  -3.053   0.068   3.495   3.495   6.766  14.829  14.829   7.494
               0.0000 0.0000 0.9000
  -2.356  -0.787   3.374   3.374   6.769  15.763  15.763   7.129
               0.0000 0.0000 1.0000
  -1.598  -1.598   3.333   3.333   6.889  16.407  16.407   6.889
               0.0000 0.1000 1.0000
  -1.582  -1.582   3.202   3.202   7.131  15.962  15.962   7.131
               0.0000 0.2000 1.0000
  -1.540  -1.540   2.904   2.904   7.764  14.799  14.799   7.764
               0.0000 0.3000 1.0000
  -1.485  -1.485   2.592   2.592   8.642  13.490  13.490   8.642
               0.0000 0.4000 1.0000
  -1.438  -1.438   2.367   2.367   9.662  12.211  12.211   9.662
               0.0000 0.5000 1.0000
  -1.421  -1.421   2.285   2.285  10.487  11.292  11.292  10.487
               0.0000 0.6000 1.0000
  -1.438  -1.438   2.367   2.367   9.662  12.211  12.211   9.662
               0.0000 0.7000 1.0000
  -1.485  -1.485   2.592   2.592   8.642  13.490  13.490   8.642
               0.0000 0.8000 1.0000
  -1.540  -1.540   2.904   2.904   7.764  14.799  14.799   7.764
               0.0000 0.9000 1.0000
  -1.582  -1.582   3.202   3.202   7.131  15.962  15.962   7.131
               0.0000 1.0000 1.0000
  -1.598  -1.598   3.333   3.333   6.889  16.407  16.407   6.889
               0.0000 0.9000 0.9000
  -1.635  -1.503   2.830   3.405   6.971  15.670  15.943   7.684
               0.0000 0.8000 0.8000
  -1.812  -1.218   2.070   3.616   7.217  14.415  15.015   9.381
               0.0000 0.7000 0.7000
  -2.264  -0.746   1.712   3.954   7.610  13.168  13.697  11.392
               0.0000 0.6000 0.6000
  -2.958  -0.084   1.868   4.396   8.126  12.047  12.305  13.121
               0.0000 0.5000 0.5000
  -3.728   0.754   2.399   4.896   8.693  11.075  11.392  12.408
               0.0000 0.4000 0.4000
  -4.438   1.766   3.171   5.392   9.168  10.271  10.572  11.998
               0.0000 0.3000 0.3000
  -5.024   2.933   4.092   5.802   9.356   9.642   9.897  11.917
               0.0000 0.2000 0.2000
  -5.458   4.224   5.058   6.075   9.279   9.187   9.369  11.499
               0.0000 0.1000 0.1000
  -5.722   5.518   5.891   6.215   9.081   8.914   8.986  10.317
               0.0000 0.0000 0.0000
  -5.810   6.255   6.255   6.255   8.822   8.822   8.822   9.723
